500 5000
3 23 78
3 429 496
3 115 480
2 116
2 165
1 18
3 493 494
3 250 487
2 184
3 190 343
1 36
3 149 363
2 75
2 360
2 381
2 498
1 208
3 166 250
3 11 446
1 138
1 371
3 208 257
1 172
1 359
2 340
3 55 104
3 280 462
3 285 440
3 461 484
1 469
2 40
2 225
1 335
3 456 459
2 217
1 189
2 224
2 370
2 138
2 16
2 39
1 293
3 379 436
1 358
3 263 287
3 463 488
1 380
2 120
3 78 377
3 414 470
1 99
2 355
1 268
1 438
2 17
2 445
2 81
2 358
2 207
1 210
2 215
3 320 364
3 270 344
2 346
1 374
1 236
1 207
3 372 454
3 293 329
1 441
3 351 438
2 205
1 150
2 9
2 407
2 336
1 334
3 43 78
1 220
2 210
3 194 447
2 111
2 193
3 47 151
3 277 425
3 151 166
3 59 326
3 284 455
2 162
1 245
2 395
2 79
1 175
1 193
2 337
1 43
3 82 86
2 484
1 336
2 88
3 105 466
2 335
3 437 450
1 428
2 439
3 67 329
2 414
3 446 498
2 36
2 29
2 37
1 164
1 350
1 2
2 384
1 101
3 114 200
1 358
3 368 491
2 368
1 217
2 212
1 206
2 85
1 41
2 252
2 36
1 439
3 90 199
1 27
3 126 342
3 333 386
2 269
1 188
1 211
2 54
1 382
2 301
2 480
2 215
2 466
2 113
2 472
2 434
3 407 462
1 232
3 497 500
2 229
2 468
1 490
1 358
2 466
1 400
1 165
1 201
1 291
2 282
2 307
1 236
3 136 200
3 441 445
2 148
3 316 487
1 159
1 176
3 419 451
1 233
3 351 486
3 301 336
1 72
3 97 303
1 367
1 179
1 315
1 291
2 255
3 52 344
3 422 456
2 47
2 233
2 4
1 76
3 96 415
2 465
3 45 426
3 353 485
2 162
1 90
1 485
2 465
1 282
2 191
3 392 417
2 271
1 441
3 487 488
2 88
1 461
3 291 476
3 71 379
2 50
2 181
3 235 258
3 54 209
3 437 485
1 373
3 277 361
1 252
3 9 490
1 167
2 101
3 16 284
3 403 497
3 486 495
1 355
2 30
2 340
1 349
3 428 444
2 289
1 174
2 145
2 123
2 33
1 296
2 63
3 173 301
3 336 415
1 315
1 397
2 401
1 60
2 460
1 40
2 123
3 237 394
2 118
2 116
1 340
3 335 447
2 336
2 212
2 100
2 139
1 340
1 217
2 106
3 452 497
3 115 489
1 133
1 218
1 362
3 49 76
1 465
1 296
1 172
1 48
3 256 291
2 57
2 153
2 114
2 379
1 125
1 479
2 145
2 111
1 436
2 301
3 339 343
1 123
1 472
3 45 348
1 242
1 454
1 78
1 52
2 310
2 25
2 38
2 331
3 355 471
3 152 259
1 10
1 410
1 352
3 442 466
1 282
3 466 478
1 453
2 10
1 145
3 221 243
2 263
2 184
1 199
3 159 437
2 372
2 274
2 417
1 55
3 123 473
1 268
1 344
3 379 441
3 128 409
1 459
2 451
1 166
2 256
3 50 450
2 394
2 477
3 395 490
2 461
3 208 351
1 388
1 29
3 415 481
3 331 457
3 128 338
3 428 466
3 213 385
2 308
3 464 469
2 203
1 253
1 228
3 33 494
3 344 415
1 254
2 45
2 403
1 8
1 322
1 371
2 20
1 393
2 130
3 316 383
1 115
1 34
1 175
3 282 293
3 110 116
1 447
2 474
3 307 339
3 132 280
3 287 302
3 211 480
3 419 429
1 50
2 105
1 492
2 278
1 479
2 365
2 128
3 428 436
1 438
1 232
3 479 487
1 40
1 294
2 387
3 72 86
3 211 365
3 116 230
1 202
1 116
3 431 499
2 262
1 65
2 460
3 462 499
2 122
2 126
2 167
2 30
2 149
1 228
3 75 306
2 323
2 419
3 438 460
2 389
2 97
1 298
1 462
2 191
1 408
1 12
1 424
3 395 492
2 160
2 36
2 97
3 307 478
2 477
3 442 473
1 110
3 447 479
3 373 411
3 8 128
3 403 411
2 497
1 58
1 481
2 130
3 6 77
2 494
2 235
1 465
2 284
2 436
3 103 300
1 227
2 273
2 60
1 129
2 469
3 117 273
2 450
1 422
2 145
2 13
2 156
3 219 472
2 224
1 136
2 157
3 247 251
3 143 497
1 407
1 449
1 50
1 286
3 28 379
3 378 438
1 290
1 230
2 310
3 58 401
3 72 390
1 302
2 245
1 416
2 355
1 479
1 369
1 214
2 148
1 472
2 74
1 147
2 177
3 229 261
1 243
2 112
3 272 284
2 263
3 256 472
3 97 399
2 405
2 32
2 463
2 195
2 289
1 37
3 273 378
2 93
2 359
1 234
2 424
1 168
2 308
2 471
3 381 414
1 401
1 488
3 116 130
2 472
1 163
1 4
1 461
2 242
2 22
1 446
3 54 497
2 43
2 452
3 134 402
1 268
3 447 461
3 284 469
2 279
3 194 464
3 78 103
2 331
2 460
2 306
1 230
2 140
2 143
2 229
3 233 273
1 85
2 48
3 337 490
3 270 428
2 167
1 108
3 93 397
1 471
3 114 361
3 58 214
3 174 383
2 334
2 129
2 15
1 81
2 296
3 236 463
3 238 485
3 43 139
2 154
1 490
2 154
2 499
3 292 416
3 350 489
2 466
2 178
1 89
1 199
3 148 276
3 376 488
2 281
3 457 464
1 136
1 418
3 364 478
2 295
2 106
1 250
1 235
2 168
3 189 385
2 356
1 221
1 199
2 308
3 114 141
3 302 448
2 285
2 325
2 138
3 138 182
2 217
1 328
2 173
1 364
1 258
3 270 343
3 311 366
2 361
3 18 365
2 102
1 66
1 27
3 448 469
1 357
1 411
3 234 306
2 21
3 264 313
3 284 386
2 392
1 113
2 349
1 107
1 446
2 313
1 314
3 199 419
2 390
1 355
2 52
1 239
2 134
1 439
1 54
1 306
1 182
1 310
3 177 320
1 214
3 40 396
3 45 421
2 149
3 148 462
1 476
2 224
3 306 454
3 457 500
3 397 418
3 292 397
2 385
2 62
1 239
2 115
3 350 476
1 495
2 178
3 6 479
2 183
2 3
2 368
3 447 461
1 194
1 52
1 318
1 52
1 185
1 399
1 29
2 118
3 313 327
1 96
1 484
1 203
3 394 469
1 209
3 19 314
3 352 364
1 459
1 195
3 406 452
1 164
1 87
1 56
2 212
2 97
3 59 123
1 32
1 389
2 269
3 72 213
2 10
2 154
2 436
1 350
2 240
1 143
3 359 403
3 162 263
1 106
3 338 432
2 246
3 464 467
3 139 479
3 390 423
3 337 386
3 22 25
3 157 206
3 271 428
2 292
2 229
1 414
3 241 322
3 378 475
3 155 404
1 88
2 412
2 35
1 381
3 326 414
2 477
2 460
3 17 467
2 403
3 207 394
3 402 411
1 218
3 54 70
2 492
1 422
1 250
3 226 323
3 56 322
2 361
2 310
2 141
1 402
1 227
1 201
1 375
3 156 379
3 388 404
1 349
3 128 171
1 185
1 462
1 388
1 454
1 354
2 407
3 89 270
1 167
1 59
2 487
2 362
1 31
3 329 422
2 304
2 156
2 129
3 296 313
2 32
2 454
3 96 409
3 327 381
3 183 195
1 309
3 71 263
1 437
2 170
1 268
1 168
1 367
2 329
2 441
3 121 137
3 167 433
1 306
3 369 388
1 125
2 284
2 431
1 94
3 289 461
3 353 433
1 338
2 189
2 215
2 185
1 126
2 348
1 299
1 417
2 416
1 321
2 209
1 299
3 78 400
2 162
3 409 431
2 267
3 399 447
3 236 253
2 443
1 482
1 299
1 403
3 44 229
3 221 370
3 94 456
2 30
2 464
1 235
1 88
3 239 245
3 212 283
2 399
1 126
2 114
1 288
1 476
3 59 341
1 318
1 11
1 153
1 294
3 349 413
3 482 483
2 178
2 28
3 32 36
2 454
3 178 235
3 196 467
1 440
2 435
3 378 481
2 282
3 401 480
3 19 337
1 114
2 367
3 108 423
1 477
2 332
3 106 206
3 330 411
1 490
1 62
3 345 435
1 232
1 391
2 475
1 91
3 23 374
1 341
1 189
1 335
3 91 206
3 359 365
1 170
1 99
3 330 369
1 81
3 425 427
2 490
2 113
2 255
2 384
1 343
2 9
3 387 477
3 118 359
3 152 165
2 157
1 93
1 482
1 427
2 25
3 36 161
3 308 386
1 8
2 59
2 493
2 445
1 207
2 465
2 45
2 434
3 84 210
2 448
1 176
2 387
1 243
3 140 345
2 310
1 344
3 474 500
2 435
3 215 480
3 10 219
1 136
1 392
1 45
3 493 498
2 128
1 400
1 328
2 481
1 33
2 448
1 413
2 63
2 9
3 205 253
3 12 160
3 204 428
3 310 425
2 75
2 246
1 314
2 262
1 210
2 403
3 142 486
3 298 500
1 71
2 37
2 42
2 277
1 61
2 497
2 460
1 238
1 438
1 84
1 173
2 379
2 167
2 6
3 182 224
1 132
2 277
2 275
2 443
1 463
3 25 471
2 477
1 125
2 376
2 99
2 229
2 454
3 447 473
2 113
1 147
3 254 367
1 404
3 201 415
2 489
3 346 430
1 170
3 408 434
2 272
1 61
1 410
3 401 446
2 269
2 456
2 302
3 224 416
2 182
1 422
2 127
1 178
1 135
1 8
3 209 210
1 388
3 453 460
1 128
3 152 470
3 309 471
2 433
2 221
3 107 200
2 26
3 282 372
2 193
3 369 442
2 288
2 68
1 220
2 15
2 223
3 407 469
2 263
3 318 399
1 371
1 386
1 271
1 463
2 420
2 53
1 14
2 481
2 225
3 458 488
2 19
2 334
1 77
2 95
3 420 500
3 426 451
1 118
3 479 482
3 209 357
1 57
2 177
1 499
3 406 488
2 4
1 348
1 15
2 264
2 330
2 445
2 45
3 429 473
3 220 496
3 88 220
2 428
1 269
3 264 384
3 140 425
3 206 322
3 427 449
1 232
2 487
3 498 500
3 127 322
3 178 471
1 318
1 410
2 465
3 405 447
2 195
2 175
3 235 410
1 284
2 371
2 145
1 184
3 409 446
2 415
3 458 496
3 250 453
2 103
2 50
1 204
1 146
1 102
2 288
3 308 420
2 324
2 106
2 447
1 368
2 394
2 210
1 349
1 373
1 344
3 348 391
2 95
1 58
3 30 60
2 452
1 132
2 335
3 422 426
2 413
2 243
2 331
3 466 471
2 425
2 442
2 351
3 174 408
1 111
3 93 316
2 474
2 401
1 119
3 239 375
2 275
2 344
1 206
1 287
2 249
2 423
1 188
1 139
1 327
2 195
2 114
3 219 352
3 200 253
2 200
3 158 304
3 476 491
2 220
1 91
1 266
2 409
3 41 487
1 175
3 238 320
1 243
3 492 497
3 30 419
1 196
2 35
3 135 411
2 137
2 85
3 93 335
3 116 274
3 362 475
2 67
1 37
3 100 296
3 305 317
2 469
3 184 444
3 103 344
1 323
2 147
2 220
1 318
1 439
1 271
3 461 489
1 181
1 42
3 176 370
3 275 294
1 121
3 243 289
3 404 432
1 377
2 70
3 425 436
3 341 350
3 345 366
2 98
3 26 421
2 354
1 57
1 169
1 372
2 359
2 450
2 143
3 99 231
2 39
1 148
1 109
2 245
3 128 158
2 28
2 453
3 350 427
2 480
3 189 245
2 370
3 192 272
1 195
2 57
1 17
3 323 415
2 42
2 193
2 307
3 72 218
2 3
1 239
3 223 233
2 409
1 496
1 272
2 15
2 493
2 90
2 191
3 418 447
3 461 487
2 374
1 43
2 241
3 169 300
1 249
1 203
1 452
1 441
2 422
2 431
1 299
1 482
2 330
2 260
2 350
3 61 435
2 129
1 332
1 199
1 181
2 378
1 237
1 11
1 377
3 140 412
3 478 487
2 69
3 278 428
2 338
1 344
1 393
1 472
1 452
3 344 440
1 104
1 210
3 250 281
1 214
3 491 497
3 307 394
3 140 184
2 311
3 208 470
3 180 185
1 239
1 348
3 170 225
2 291
3 294 306
1 306
3 179 233
1 361
2 484
2 225
3 278 494
1 68
2 480
2 369
1 137
2 106
1 448
3 42 355
3 101 158
3 212 317
2 304
3 93 123
2 380
3 474 491
2 338
3 344 457
3 385 469
3 228 486
2 339
2 493
1 13
2 257
1 380
3 457 459
1 440
1 292
3 484 497
2 296
1 334
1 464
2 160
2 295
3 316 487
3 423 460
2 261
1 197
3 484 486
3 226 228
2 283
1 323
1 481
1 192
2 231
3 221 346
2 154
1 43
3 13 178
1 413
1 415
3 101 470
1 425
3 304 374
2 354
3 306 466
2 431
1 57
2 485
1 363
3 364 491
1 263
3 123 442
1 17
1 266
2 136
1 87
3 169 172
1 204
1 228
3 72 394
3 267 333
3 259 337
2 243
1 457
1 245
2 423
1 203
1 109
1 440
1 476
2 493
2 72
2 482
3 260 478
2 272
2 280
3 215 417
3 315 464
3 255 400
1 380
1 191
3 184 369
1 208
3 54 136
2 1
2 71
1 472
1 69
3 235 291
1 40
3 284 384
3 193 270
2 481
3 286 346
2 265
3 224 369
1 477
3 219 256
3 411 433
3 365 494
2 434
1 286
1 104
1 466
2 435
2 325
3 327 406
2 424
3 15 38
3 105 134
3 99 239
2 244
2 321
1 403
1 487
3 187 349
3 84 219
2 103
3 269 400
2 10
3 66 107
3 63 108
2 50
1 268
3 452 480
2 418
2 34
1 99
1 24
1 91
2 305
3 329 450
1 135
2 300
2 190
3 32 458
1 446
3 102 475
2 118
1 18
1 206
2 46
3 403 440
1 42
1 253
1 457
3 311 424
1 347
3 421 460
1 342
2 486
1 348
2 166
3 124 424
3 270 448
3 440 461
1 396
1 27
1 354
1 191
1 361
3 109 267
3 99 280
3 456 474
1 443
2 7
1 112
3 66 395
1 104
2 252
2 67
1 11
2 469
3 435 463
3 34 218
2 216
2 276
3 286 298
3 181 283
2 85
1 489
2 356
2 279
2 27
3 2 100
3 56 258
2 350
3 496 498
1 24
1 51
1 145
2 198
1 455
3 11 139
2 163
2 268
2 334
1 35
1 119
1 441
2 461
2 3
3 186 360
3 129 228
2 38
3 297 462
1 499
3 116 231
3 278 420
1 449
3 279 413
1 443
1 318
3 113 454
1 59
1 108
2 429
3 466 481
2 343
1 141
1 433
1 401
1 322
2 5
2 340
3 206 287
2 476
3 178 419
3 230 246
1 479
3 299 494
3 68 442
3 365 471
3 303 359
1 106
1 468
2 217
1 343
2 169
1 247
2 343
2 279
3 486 493
2 315
1 494
1 489
2 115
1 177
2 442
2 269
2 191
2 442
1 38
2 397
2 340
3 31 91
3 436 481
3 326 427
3 327 342
3 357 431
1 44
2 391
2 70
3 335 396
2 185
2 13
1 210
3 176 184
2 177
2 422
2 237
2 410
3 381 389
3 161 247
2 229
3 407 482
1 77
3 34 498
3 302 429
3 53 389
3 156 448
2 25
1 452
1 447
3 200 368
1 358
1 405
1 321
2 319
2 63
2 74
2 180
1 208
1 175
2 18
3 379 468
1 177
2 80
2 186
2 419
2 137
2 205
1 457
1 232
1 389
2 280
1 199
2 40
3 219 231
2 21
3 426 488
1 255
3 141 180
2 244
3 33 210
1 249
2 448
2 187
3 92 277
3 240 444
1 371
3 46 241
2 134
2 384
1 34
2 281
3 244 343
2 226
2 254
3 195 213
1 210
2 313
1 32
3 213 469
2 41
3 357 434
2 319
2 80
2 47
3 262 333
1 240
2 424
1 281
2 212
1 290
2 453
3 135 416
2 364
3 347 412
1 85
3 342 468
1 485
3 155 471
3 323 340
2 360
2 84
3 476 483
1 15
3 77 379
1 179
2 327
2 40
2 43
1 35
1 409
3 217 229
1 175
1 157
2 147
2 66
1 203
3 60 355
2 195
1 121
3 232 256
2 73
3 42 103
1 412
1 268
1 8
3 62 191
2 278
2 250
3 290 429
1 418
3 58 425
1 361
1 32
3 370 390
2 465
2 358
1 195
3 40 477
2 58
1 105
3 379 423
3 470 498
3 253 271
1 399
3 377 495
2 309
1 487
3 320 383
1 442
3 28 102
2 378
1 372
2 310
3 80 215
2 154
2 140
2 442
2 466
2 54
2 309
1 499
3 227 488
3 316 422
2 110
2 125
2 472
2 325
2 55
1 153
1 166
2 125
3 135 246
3 433 487
3 128 306
1 440
1 26
2 190
2 454
1 104
3 439 491
1 309
1 112
3 172 386
3 106 300
2 283
2 313
2 459
3 1 457
3 25 488
3 396 453
2 360
2 109
3 188 375
1 45
1 335
3 55 66
3 433 462
2 393
1 19
3 82 119
2 252
3 55 354
3 258 357
3 143 283
2 382
2 96
3 461 485
1 324
3 156 492
2 172
1 429
2 226
2 264
1 421
1 401
1 328
3 230 258
3 463 500
2 28
3 59 93
3 322 338
2 214
1 118
1 19
2 17
2 9
1 78
2 122
2 301
3 322 375
1 302
1 467
2 359
2 138
1 164
1 442
3 174 355
1 478
3 67 343
2 286
3 348 414
3 424 498
2 257
3 142 374
2 488
2 67
1 72
1 464
1 219
2 82
3 210 481
2 19
2 452
2 439
3 179 314
3 182 460
2 39
3 482 494
3 119 289
1 332
3 193 435
1 379
2 44
2 296
3 280 425
2 466
3 144 146
2 317
2 60
1 168
2 249
2 369
3 198 231
3 36 266
2 27
2 361
1 145
1 40
2 364
1 125
3 287 334
1 5
1 397
1 467
3 14 275
1 162
1 317
3 278 488
3 286 399
2 480
3 471 484
1 241
3 209 388
1 434
3 444 468
2 200
3 300 453
1 218
3 144 189
2 473
1 437
2 467
3 288 379
3 409 457
1 167
3 304 492
3 98 318
1 479
3 204 208
2 140
3 445 476
1 319
2 414
1 92
2 291
2 295
3 368 453
1 136
2 180
3 155 288
2 224
3 138 450
3 307 487
2 241
2 180
2 254
1 407
2 45
3 176 463
1 262
2 479
2 421
1 150
2 289
3 267 327
1 334
2 24
3 194 219
3 122 282
3 107 373
3 471 489
2 275
1 1
1 373
3 284 485
2 346
3 1 186
1 9
1 139
2 151
1 286
3 138 185
3 84 441
1 363
1 205
2 391
2 395
3 217 374
1 344
2 136
2 239
2 108
1 287
1 355
3 328 371
2 124
3 147 342
3 284 470
2 380
3 330 458
2 294
1 192
3 177 220
2 412
2 295
3 309 388
3 499 500
2 279
1 344
3 387 442
3 442 485
1 49
1 252
3 183 431
1 133
3 300 387
2 206
3 322 332
1 398
3 201 497
2 355
1 490
2 390
2 166
3 42 481
3 340 363
1 38
3 188 349
1 275
1 442
3 392 479
3 453 465
2 146
2 382
1 422
2 245
1 44
2 185
1 444
3 312 462
2 486
2 211
3 496 497
1 156
2 131
2 180
2 370
2 125
3 484 497
2 344
2 309
1 239
3 200 210
1 406
1 380
1 261
1 266
1 366
1 265
3 58 429
3 399 406
3 117 358
3 402 405
1 79
2 225
1 335
1 66
2 306
2 423
2 283
3 413 488
1 183
1 332
3 80 208
1 43
1 334
2 59
2 165
1 128
2 36
3 431 458
3 159 453
3 372 373
1 90
1 378
2 302
1 488
1 256
2 379
3 31 395
3 10 50
3 452 499
3 446 494
2 83
3 404 494
3 180 356
2 411
2 252
2 415
3 470 497
1 254
1 19
1 133
2 83
1 404
2 284
3 487 497
3 247 345
3 479 489
3 359 452
1 216
2 402
3 174 177
2 270
1 268
3 474 483
3 213 461
2 399
3 358 443
1 150
3 175 213
1 146
1 224
3 21 477
1 167
1 61
3 39 43
3 391 461
3 49 480
3 86 275
3 456 470
1 13
3 140 345
2 91
3 206 370
1 99
2 211
1 225
2 222
2 355
2 9
1 332
2 78
2 365
2 244
2 106
2 387
2 300
1 290
2 267
1 110
1 469
2 391
2 87
3 373 479
2 70
1 352
1 450
1 325
1 161
2 47
3 348 499
1 439
2 491
3 136 261
3 440 457
3 293 460
3 186 237
3 416 426
1 454
2 12
3 72 190
2 242
1 462
2 319
1 480
3 271 400
3 248 410
3 463 496
1 487
2 468
3 440 470
1 291
2 414
3 136 371
1 130
2 63
3 79 190
2 367
3 390 393
2 213
3 390 457
3 182 439
3 333 363
3 73 321
3 181 320
2 321
3 33 115
3 221 443
2 257
2 300
2 191
2 95
1 207
3 122 228
2 24
3 67 136
1 36
3 293 435
2 123
3 218 254
1 376
3 470 490
2 316
3 298 444
1 185
1 112
2 114
3 46 142
2 215
3 11 115
3 466 498
1 10
3 52 401
3 45 76
2 93
3 109 252
1 94
1 412
2 149
1 422
1 337
1 402
1 354
1 315
2 293
3 77 127
1 282
1 10
3 113 445
2 416
2 75
1 307
2 444
2 231
1 259
1 411
2 102
1 54
2 336
1 77
1 392
3 196 237
2 225
2 487
3 68 155
3 148 194
3 492 495
2 297
3 101 264
3 58 236
2 325
1 214
3 222 495
3 192 213
1 132
2 43
2 182
1 337
2 99
1 52
3 199 434
2 280
2 224
1 260
3 25 225
1 80
3 164 204
3 385 498
1 121
1 435
3 497 498
1 53
1 171
1 370
1 370
2 404
1 492
2 195
1 442
2 239
3 341 469
2 76
2 321
1 209
2 220
2 414
2 273
1 196
3 255 476
2 181
2 185
3 219 282
1 248
1 217
3 94 301
3 466 470
1 291
2 170
2 91
2 174
2 14
2 258
1 263
2 212
3 87 307
2 474
1 118
1 176
1 494
3 317 458
3 226 289
3 129 134
3 184 478
1 273
2 118
2 149
3 322 473
3 150 276
1 405
3 293 448
2 25
3 138 396
2 330
1 24
1 5
3 118 229
3 206 468
3 252 278
3 302 449
2 82
2 35
3 21 361
2 385
3 326 458
3 157 234
2 173
2 491
2 458
3 382 420
3 498 499
3 438 490
1 300
1 256
3 221 233
1 450
3 473 475
3 386 458
2 175
1 147
3 92 382
1 429
2 58
2 255
2 389
1 57
1 226
2 139
3 116 123
2 120
1 64
1 463
3 21 359
3 288 319
2 422
2 44
3 321 406
2 450
1 158
2 224
3 444 448
1 370
2 361
2 495
3 351 425
1 246
2 295
2 101
3 249 460
3 473 488
2 112
1 346
1 360
1 168
2 282
1 79
3 423 458
3 387 419
3 289 346
1 388
3 108 493
3 388 461
3 289 452
1 334
3 115 175
3 416 498
1 438
3 52 62
3 270 360
2 413
2 210
1 210
1 329
2 331
1 33
2 69
3 283 489
1 467
2 219
3 471 497
1 402
2 222
2 117
2 106
2 304
1 70
1 102
3 367 445
3 158 265
3 70 386
1 19
1 126
1 407
2 112
1 495
2 30
2 465
2 386
3 392 396
2 370
2 168
2 429
1 171
3 161 441
1 10
1 320
1 345
2 282
2 55
2 51
1 363
2 168
1 362
2 247
1 127
3 210 413
1 330
1 10
3 189 500
1 286
1 67
3 447 486
2 374
1 250
3 98 232
2 446
1 197
3 163 174
2 478
2 235
3 340 382
1 225
3 454 496
1 422
2 492
2 24
1 52
3 459 494
2 185
3 497 500
2 222
1 48
2 340
1 17
2 322
1 320
3 318 370
1 267
1 182
1 15
3 20 477
2 404
1 156
3 125 413
2 3
2 476
3 96 431
3 368 380
2 172
2 208
2 222
3 229 255
3 457 472
1 339
3 283 391
1 3
3 177 372
3 472 499
3 208 498
3 457 470
2 62
2 7
3 81 480
1 484
3 323 358
2 97
2 117
1 48
2 22
3 494 495
3 261 497
2 402
1 112
1 60
1 68
1 353
1 57
1 444
1 120
2 254
1 236
2 337
3 161 359
1 36
1 278
2 179
1 74
2 256
2 390
3 73 121
3 254 499
3 80 265
1 450
1 14
1 78
2 126
1 201
1 44
3 116 423
3 411 470
1 276
3 13 288
3 166 170
3 66 336
3 223 300
2 3
3 174 376
1 346
2 293
2 391
2 363
3 425 456
3 172 321
2 355
3 223 254
3 326 439
3 129 432
2 159
1 41
1 321
1 176
3 97 274
1 499
2 429
1 152
3 446 483
1 235
3 454 478
1 434
1 420
2 184
1 310
1 399
1 246
3 3 243
2 381
1 462
3 43 345
3 466 489
2 450
3 430 450
3 90 477
2 49
3 491 499
3 196 489
1 276
1 312
2 51
1 19
2 16
3 218 382
3 423 447
2 58
1 390
2 223
2 318
2 484
2 453
3 215 474
3 170 302
2 289
1 8
3 192 432
3 458 486
1 397
1 461
2 172
2 359
1 89
1 213
3 60 433
3 357 484
2 360
3 486 497
3 379 388
3 358 392
2 339
1 475
1 263
2 380
2 248
2 233
2 34
2 432
2 411
1 157
2 99
3 376 391
1 84
1 384
2 337
1 3
3 33 148
3 425 447
1 259
1 146
2 458
2 6
2 330
1 410
3 286 307
3 136 498
2 368
3 298 452
2 391
1 188
2 127
1 425
3 37 191
3 316 341
1 170
3 312 370
3 312 332
2 118
1 335
3 217 417
2 451
2 424
2 174
2 201
1 192
2 186
1 100
1 184
1 271
3 151 467
2 426
1 156
1 165
1 124
3 425 481
2 389
1 272
1 156
2 163
2 346
1 239
2 301
3 99 224
2 133
3 272 335
3 296 388
3 100 195
3 493 494
2 318
1 44
3 417 427
1 297
1 317
3 136 459
2 484
1 292
1 468
2 314
1 204
2 128
2 367
1 89
2 134
3 407 498
1 79
3 441 475
2 125
2 223
3 97 281
1 106
3 248 443
1 271
3 28 413
1 294
1 82
1 191
1 375
2 471
3 254 343
2 378
1 363
3 237 392
2 144
3 418 426
3 96 427
2 7
3 443 485
2 138
2 46
1 308
2 316
2 37
1 458
1 13
3 86 349
1 415
3 91 494
2 326
3 68 426
1 9
2 428
2 178
2 325
1 201
2 207
2 158
2 73
3 183 246
3 292 299
2 497
2 262
3 20 411
1 430
1 14
3 336 481
2 466
3 438 476
2 296
1 214
1 42
3 416 451
2 219
1 353
1 371
2 125
3 314 483
2 209
1 451
2 314
3 465 479
2 248
3 200 217
3 328 427
2 56
1 111
1 459
2 362
1 141
1 64
2 320
3 400 416
2 136
2 315
2 372
2 385
1 157
1 351
3 453 485
1 212
3 282 416
3 1 477
1 238
3 435 479
1 494
1 239
2 282
3 417 485
2 279
2 320
2 336
2 45
2 245
3 112 361
2 188
3 98 292
3 375 497
2 327
3 29 319
1 328
3 2 67
3 28 484
1 130
2 38
2 359
3 462 473
2 276
3 238 319
1 120
3 263 390
2 70
1 488
3 327 427
3 98 348
3 353 388
3 366 402
3 128 495
2 19
2 170
1 281
2 187
2 363
2 292
3 415 493
1 77
1 95
2 205
1 482
1 228
1 60
2 347
1 480
1 382
2 500
3 383 492
2 292
2 158
1 61
3 456 494
3 408 472
1 54
1 342
1 436
3 278 399
1 159
3 101 247
1 497
1 26
2 17
1 214
3 320 375
2 115
1 459
2 70
1 94
1 176
2 382
1 227
2 379
3 440 496
1 103
3 28 424
3 221 435
2 302
3 12 395
2 391
3 358 375
3 393 424
1 138
2 49
2 40
1 224
2 311
1 322
2 153
2 393
3 243 460
1 388
2 441
1 157
1 183
1 115
3 228 341
1 154
2 16
1 429
1 312
2 183
3 20 224
2 218
3 47 410
2 3
2 413
2 252
1 360
3 37 291
2 320
1 300
1 57
3 408 455
2 475
3 172 343
3 63 449
1 252
2 114
3 38 231
3 272 405
2 432
2 226
2 94
1 475
3 205 405
2 364
3 165 439
1 254
3 375 477
3 421 424
3 319 416
2 354
3 70 432
3 272 344
3 259 305
2 43
2 346
1 25
1 357
2 280
1 492
1 380
3 129 358
3 460 468
2 18
2 268
2 170
3 246 448
2 106
3 181 205
1 364
1 428
1 227
1 235
2 208
3 434 468
2 439
1 399
3 354 366
2 220
2 357
1 138
1 98
1 167
1 353
1 298
2 412
2 353
1 383
3 83 93
3 102 471
3 30 190
2 494
3 218 410
1 287
2 316
3 168 398
3 371 403
1 446
1 173
3 393 400
2 347
2 65
1 267
1 385
2 334
3 180 415
2 324
3 247 485
3 192 403
1 409
1 422
1 13
3 84 400
1 134
2 183
1 29
2 461
3 481 490
1 55
1 161
2 386
2 317
2 321
3 51 308
3 415 428
3 12 44
2 247
1 46
2 373
3 224 257
3 275 372
3 207 421
2 129
2 480
1 424
1 139
1 450
3 306 401
2 158
3 494 500
2 227
1 126
3 382 436
3 451 454
2 250
3 411 439
3 495 500
1 188
3 439 465
2 410
1 132
3 443 492
2 417
2 414
1 123
1 320
3 70 118
1 134
1 327
2 46
2 377
1 24
2 251
3 260 267
1 475
2 39
1 3
3 463 488
1 414
3 390 414
3 155 483
1 452
1 494
2 112
3 318 391
3 303 474
3 364 377
1 476
1 392
2 90
3 71 296
1 181
1 75
1 92
1 28
1 49
1 212
2 467
2 494
1 242
2 36
3 268 455
3 123 235
3 331 392
2 487
1 180
2 40
1 277
1 355
3 142 191
3 164 221
2 125
2 157
1 178
3 294 334
3 221 307
1 205
1 431
3 31 477
1 291
2 231
3 89 118
3 260 467
2 392
2 430
2 477
1 127
2 174
1 301
2 310
3 327 436
1 34
3 151 173
3 383 493
2 309
1 287
1 221
1 165
2 213
3 219 303
3 177 230
1 388
1 368
2 124
3 282 309
3 149 296
3 138 216
3 224 349
3 166 388
3 153 497
1 415
3 58 348
3 447 471
2 15
1 295
1 200
2 13
2 300
3 208 297
2 41
3 10 147
1 20
1 348
3 174 316
2 155
1 284
1 42
3 110 198
3 438 480
1 358
1 181
2 214
1 3
1 320
2 374
1 145
2 397
1 98
2 325
2 294
2 368
3 108 437
2 452
1 74
3 40 324
3 247 431
3 411 417
3 493 500
2 493
2 345
2 97
2 432
3 265 485
2 458
1 348
1 402
3 16 372
2 305
2 332
1 202
3 435 474
2 278
3 447 455
3 312 462
1 139
3 328 427
3 28 318
1 8
1 479
3 139 282
2 343
3 213 449
1 371
3 326 401
1 143
2 302
2 336
3 291 353
1 22
3 444 465
1 4
2 6
3 47 157
1 430
3 396 413
2 495
2 445
2 314
2 209
1 498
1 44
2 46
3 132 174
2 205
2 352
3 342 369
1 387
2 268
3 197 255
2 81
3 426 465
1 232
1 328
3 54 211
3 168 400
2 416
1 130
2 328
3 373 383
3 209 448
1 216
3 464 499
1 127
1 275
2 40
2 186
3 72 335
3 183 404
2 261
2 196
3 447 469
2 17
3 202 347
1 221
2 400
3 227 292
3 154 426
1 461
3 81 389
3 360 369
1 435
1 98
2 68
3 461 469
1 150
1 101
3 257 290
2 122
2 498
2 233
3 344 468
1 39
2 309
2 464
2 380
3 66 167
1 383
2 157
1 68
1 452
1 428
3 439 445
1 241
2 95
2 379
1 223
3 228 314
1 239
1 139
2 190
2 9
1 120
1 423
2 348
2 215
2 202
1 100
2 225
2 441
3 10 329
3 420 423
1 238
2 245
1 417
3 132 245
1 194
1 168
1 388
3 105 381
3 361 402
1 467
2 272
3 314 447
2 442
3 128 160
2 209
1 100
1 38
2 134
1 204
3 136 163
2 479
3 405 469
2 176
3 87 259
2 242
1 421
1 81
1 379
1 352
3 379 392
3 49 339
2 316
1 447
2 197
1 244
1 493
2 367
3 56 141
2 293
1 308
3 243 312
1 374
3 486 490
3 419 458
1 474
2 385
3 406 408
2 85
1 401
3 493 498
3 361 376
3 395 403
2 481
2 44
2 490
3 294 369
3 260 285
1 124
1 220
3 190 303
1 171
2 492
2 90
2 271
1 139
1 124
1 367
3 195 484
2 353
1 330
1 347
2 272
3 313 348
3 393 419
3 138 491
3 21 347
1 253
3 22 408
1 375
2 472
2 269
3 237 434
3 34 399
3 31 245
2 399
3 56 427
1 465
3 240 303
3 65 363
1 332
1 39
3 185 379
1 97
1 129
1 300
2 120
1 340
1 415
1 483
1 95
2 14
2 197
3 378 457
2 175
3 211 318
3 100 280
1 280
2 42
3 282 403
1 449
1 230
1 339
1 143
3 177 213
2 346
1 44
1 262
1 97
3 397 493
2 500
2 357
2 244
2 211
2 197
3 361 489
1 312
2 227
3 194 369
2 236
3 290 391
2 452
3 460 472
2 103
2 409
2 80
3 238 358
3 54 324
3 133 418
1 223
2 342
2 79
3 391 402
3 256 403
1 406
2 214
3 419 440
2 63
1 111
1 439
2 243
2 101
1 95
3 361 426
2 235
1 204
1 160
2 81
1 400
2 297
1 134
3 453 471
2 183
1 345
3 371 413
1 257
3 385 430
1 49
1 257
1 138
1 117
1 1
1 308
2 402
3 10 367
2 89
2 207
1 498
1 1
3 95 493
3 478 492
1 468
2 150
2 232
3 486 491
3 169 408
3 249 493
2 415
2 109
2 491
3 129 461
3 424 471
1 425
1 289
1 331
2 225
3 267 322
3 411 483
2 399
3 191 291
3 234 253
3 122 424
1 304
1 31
2 98
2 16
3 302 445
3 301 383
2 94
3 94 485
1 452
3 346 390
3 38 160
2 364
1 248
2 448
1 402
2 268
3 93 399
2 119
2 340
1 192
1 281
1 51
1 28
2 401
2 434
3 92 483
2 127
3 427 482
2 186
1 433
3 38 171
3 261 449
1 119
2 182
1 432
2 213
1 262
2 260
2 135
1 85
3 146 155
2 426
3 400 462
1 245
3 293 374
2 487
3 318 462
1 115
1 130
3 51 134
3 318 336
2 367
1 71
3 204 264
1 189
1 214
3 447 464
3 11 156
3 219 230
1 42
2 1
1 177
1 280
1 330
2 319
1 33
2 465
2 426
1 481
1 30
3 164 170
2 159
3 286 422
3 202 243
3 374 429
2 394
3 237 465
1 74
2 249
1 372
2 1
2 181
1 59
3 30 48
3 366 378
2 65
2 16
1 384
2 48
2 447
2 306
2 28
3 492 494
1 472
2 378
3 264 494
1 453
3 34 274
2 213
2 92
1 181
1 94
1 225
3 250 432
2 441
2 232
2 328
3 303 324
1 147
3 253 463
2 238
3 496 499
1 53
3 304 493
1 382
1 282
2 40
3 461 483
3 437 441
3 7 446
2 458
2 411
2 400
2 466
1 19
3 181 267
3 238 244
2 363
1 415
1 24
1 383
3 148 320
2 413
1 278
1 15
3 38 271
2 9
2 77
2 426
3 147 250
2 395
3 380 441
1 144
3 397 437
3 31 447
1 123
1 376
1 337
3 256 368
1 294
1 425
1 183
1 62
3 408 429
1 110
2 221
2 474
1 110
1 29
2 62
2 189
2 396
1 221
3 350 408
3 451 463
3 47 199
2 382
2 19
1 54
1 224
3 468 476
1 16
3 229 443
3 76 95
3 424 446
2 228
2 477
1 404
1 43
3 448 457
3 374 486
2 132
1 100
3 236 281
1 338
3 308 485
2 333
3 157 414
2 234
2 221
1 226
3 163 449
1 169
1 327
2 363
2 207
3 257 470
1 317
3 114 156
2 200
2 173
3 214 366
3 423 467
2 135
3 277 434
1 329
3 301 312
3 385 461
1 84
1 420
1 251
2 256
2 26
1 29
3 173 423
2 342
1 300
2 376
3 421 491
3 293 410
2 375
2 180
3 285 472
1 158
1 64
3 372 498
3 152 176
1 86
3 57 319
1 481
2 166
1 259
1 20
2 472
1 479
1 294
3 374 422
2 366
1 330
2 495
3 150 447
2 433
3 61 68
2 75
2 357
1 3
1 425
1 213
3 444 471
3 223 479
2 449
1 13
3 160 166
2 355
3 240 485
3 445 500
3 95 443
1 378
1 11
1 112
3 157 327
3 358 490
3 67 377
1 435
3 447 498
3 365 409
3 409 432
1 39
1 235
2 300
3 225 421
2 396
1 5
1 103
3 480 496
3 131 423
3 153 331
3 34 63
3 240 398
2 308
2 448
3 20 90
1 39
3 210 323
2 304
1 463
2 213
2 203
2 380
3 62 366
2 170
3 215 402
2 64
2 116
3 1 290
2 172
3 329 423
1 471
2 427
3 195 404
3 2 39
3 39 226
1 177
3 366 490
1 396
1 323
3 450 452
2 269
3 48 404
2 159
2 14
3 88 140
3 455 460
3 268 344
3 291 410
1 480
2 101
3 366 471
1 424
2 296
1 162
2 456
3 243 444
1 349
2 41
2 405
2 284
1 338
1 244
3 99 484
2 23
3 385 462
3 167 360
1 468
2 275
3 335 452
3 269 378
3 56 354
3 15 404
1 22
2 296
2 500
1 91
1 89
1 76
3 429 440
2 336
1 375
3 487 492
3 248 256
2 111
1 61
2 132
3 389 414
1 320
1 185
2 240
3 10 390
2 407
3 52 416
3 205 236
1 368
2 311
1 92
1 252
2 499
3 77 340
1 286
1 449
2 449
1 266
2 150
2 419
2 349
3 465 487
1 137
1 13
1 290
3 354 455
1 208
3 81 144
3 115 344
3 4 392
1 381
2 18
1 179
1 10
2 236
1 474
1 290
2 222
2 153
1 310
2 85
1 477
2 77
1 317
1 230
1 290
3 307 315
2 485
2 89
1 183
1 373
3 367 403
3 427 431
1 255
1 146
2 487
3 123 248
2 269
1 159
2 141
2 373
3 123 208
1 110
1 292
2 119
2 283
1 420
1 244
2 372
3 84 382
2 463
2 460
3 108 307
3 321 374
2 230
1 211
2 219
1 317
1 287
3 21 438
3 306 484
3 224 382
1 259
1 165
1 66
2 319
3 345 425
1 286
1 8
1 480
2 101
3 371 383
2 416
3 200 477
3 190 415
1 267
1 21
2 183
3 453 468
1 479
3 58 59
3 186 250
2 71
2 283
3 127 485
2 258
1 462
2 307
1 489
1 403
2 432
3 231 443
2 193
1 477
3 171 216
2 113
1 158
3 37 227
3 404 450
2 118
3 363 366
3 424 494
1 228
3 433 487
2 492
3 216 416
2 403
1 453
3 303 306
3 497 498
1 119
2 365
2 287
1 496
1 79
1 355
2 39
2 55
1 72
2 255
1 284
1 400
2 32
3 286 396
2 331
2 241
2 346
3 111 143
3 345 354
1 365
1 381
1 361
2 274
3 411 481
1 480
1 124
2 425
1 412
1 423
2 71
3 155 390
1 283
1 459
1 90
3 161 266
1 455
1 371
1 454
3 390 452
3 251 419
1 474
3 245 414
2 24
2 118
3 172 203
2 84
2 158
2 463
3 85 334
3 342 484
3 438 442
2 71
1 490
2 168
2 298
2 408
1 392
3 311 321
3 496 500
3 168 494
2 263
3 294 491
1 498
2 423
1 51
2 428
3 238 441
2 369
3 229 451
3 490 494
3 339 443
3 37 353
3 434 464
2 343
1 447
2 116
3 23 247
1 219
2 95
1 261
3 74 390
1 66
3 391 429
3 118 149
2 199
2 86
3 362 386
1 49
1 203
3 216 231
2 480
3 45 200
1 250
3 271 388
3 460 478
2 494
1 361
2 108
1 238
1 2
1 276
3 126 483
2 35
2 166
1 300
1 106
3 337 462
1 469
1 77
1 206
3 347 466
2 333
3 94 400
2 348
2 65
2 16
3 418 487
3 327 424
3 48 363
1 135
3 431 443
2 348
1 62
3 266 286
3 119 428
3 245 326
3 145 394
3 206 369
1 288
3 181 414
1 104
2 307
2 439
1 401
3 96 358
2 267
2 173
3 384 469
1 450
2 421
1 63
2 175
2 427
3 214 378
3 291 340
1 148
3 271 494
1 204
2 420
1 325
3 479 493
2 65
3 97 198
3 91 106
3 439 492
3 336 421
2 231
2 232
2 200
1 221
1 397
3 47 356
2 231
2 393
1 37
2 64
1 298
1 223
3 289 459
1 343
2 190
3 230 321
2 341
3 498 500
2 230
3 59 474
2 228
2 100
3 180 409
2 63
3 268 388
1 309
2 276
1 440
3 177 217
1 60
1 314
2 433
3 317 498
1 386
2 388
3 187 364
3 61 473
3 194 334
1 89
3 130 295
2 459
3 171 349
3 193 435
3 4 440
2 112
3 268 384
1 323
3 213 447
2 90
2 433
1 240
1 78
3 108 225
1 298
3 11 455
1 491
3 266 276
2 434
2 357
3 447 491
3 362 492
2 94
1 435
1 6
2 279
3 299 493
2 283
2 82
1 187
2 121
2 58
2 281
3 309 477
3 65 275
2 143
2 18
1 298
3 122 436
1 230
1 23
2 340
2 428
2 210
1 283
2 3
2 381
1 358
3 112 355
2 472
3 166 354
1 463
1 218
1 185
1 182
3 141 399
1 214
1 406
3 139 410
3 166 277
1 415
2 319
2 232
2 311
2 371
2 283
1 46
2 339
1 483
2 440
1 393
1 330
1 51
2 388
3 173 233
2 80
1 304
2 477
1 136
3 60 428
2 379
1 174
2 101
3 339 377
2 279
2 355
2 422
3 310 321
1 122
2 361
2 474
2 252
1 75
1 97
2 469
3 297 313
2 253
2 219
3 205 364
2 4
3 12 159
2 244
1 249
1 482
1 245
1 481
2 46
3 298 331
1 215
1 328
3 131 477
2 456
2 406
1 248
1 332
1 245
2 168
1 393
3 129 452
3 224 458
2 24
2 396
2 492
2 246
2 222
2 303
3 251 499
3 240 319
1 413
1 246
1 190
3 281 385
2 343
1 268
3 425 447
1 25
3 351 443
2 460
2 376
1 340
3 263 391
1 329
2 226
1 396
3 110 140
2 325
2 331
3 347 351
3 351 427
3 490 498
2 219
2 349
1 87
2 83
2 205
2 431
3 234 314
2 107
2 251
3 238 258
3 424 459
1 217
3 253 258
3 297 373
3 482 489
1 109
1 221
2 41
2 132
3 408 499
1 70
1 407
3 165 166
1 261
3 11 19
1 195
1 130
2 268
3 430 454
2 118
1 392
3 297 375
1 384
3 129 407
1 467
1 122
2 498
2 64
1 358
1 284
3 185 300
3 411 428
2 147
1 28
2 343
2 169
1 357
1 189
2 294
1 49
3 262 428
2 433
2 188
3 424 441
1 158
1 380
3 11 225
1 208
3 325 477
3 403 500
2 432
3 126 158
2 160
2 18
3 498 499
2 373
2 194
1 116
3 54 261
2 316
3 41 497
1 327
3 190 375
3 355 407
3 292 358
3 82 151
3 84 351
2 160
2 111
2 465
1 271
2 80
1 318
2 306
3 295 434
2 433
3 112 313
3 271 432
1 339
3 260 447
3 159 491
2 32
2 355
1 36
2 298
3 10 300
2 318
1 8
1 21
2 235
3 62 67
3 99 489
2 119
3 237 351
1 182
2 433
3 467 492
2 192
3 452 460
1 14
2 404
2 202
3 340 450
1 136
2 46
3 116 180
2 228
3 79 192
1 240
1 87
1 302
2 112
2 66
1 180
3 229 307
1 368
2 420
1 357
1 308
3 478 492
3 323 339
3 451 487
3 31 49
2 415
2 218
2 429
2 325
1 36
2 303
1 239
3 112 191
1 14
3 82 296
1 167
3 250 303
2 161
1 54
2 255
1 124
2 135
1 87
2 432
1 312
3 291 321
1 236
2 70
3 219 225
3 82 433
1 415
1 325
1 368
3 404 416
2 107
1 214
2 65
2 393
1 81
3 183 282
2 151
2 476
1 448
1 153
1 44
1 83
1 217
1 447
2 173
3 32 441
1 382
2 399
3 14 239
2 177
3 261 408
1 272
2 136
1 400
1 231
2 344
1 254
3 387 430
1 469
2 286
2 62
3 193 432
1 498
3 150 472
2 185
2 216
3 86 393
3 277 353
2 65
1 67
2 244
3 407 500
3 85 286
3 104 252
2 14
3 400 477
2 388
3 13 468
1 103
1 449
3 146 191
2 397
2 255
2 431
1 308
2 155
3 106 119
1 430
1 245
3 383 420
3 397 455
2 445
2 280
3 60 361
1 80
1 278
3 330 375
3 312 320
1 138
3 105 293
2 446
1 267
3 24 319
2 380
1 201
2 301
3 484 500
3 57 409
2 380
3 477 493
2 205
1 98
3 209 441
1 161
1 266
1 91
1 107
3 325 418
3 387 426
2 356
1 24
1 397
1 483
1 388
1 12
3 351 384
1 226
1 234
3 211 466
3 288 358
1 189
3 25 285
3 273 378
3 76 245
3 272 401
3 55 233
2 52
3 61 487
1 306
2 304
1 75
3 319 437
2 245
2 489
3 188 301
3 1 481
2 221
2 186
3 289 438
3 295 361
2 20
2 101
2 246
2 218
1 213
2 172
1 91
1 199
2 235
2 26
3 321 460
2 263
3 250 440
3 5 394
1 372
3 5 15
1 361
1 296
2 497
1 373
1 440
1 220
2 459
3 10 472
2 494
2 473
1 4
3 314 374
3 207 328
3 259 415
3 263 396
1 394
2 204
2 164
3 404 420
3 234 349
2 266
1 13
1 92
3 200 352
1 439
3 293 485
2 359
3 110 328
3 319 343
1 198
2 360
1 47
3 45 382
3 476 486
2 158
3 73 499
1 413
3 152 478
2 212
2 122
1 262
2 326
3 320 404
2 51
1 52
2 28
1 261
1 358
1 186
3 171 245
1 301
1 347
1 271
1 407
2 479
1 459
2 414
1 3
3 363 479
3 86 344
3 287 393
3 141 438
2 443
1 155
2 23
2 399
1 193
3 369 459
3 382 498
3 495 498
2 282
2 38
3 92 124
2 18
3 400 472
2 311
3 70 90
3 455 457
1 464
2 464
3 213 300
2 97
3 339 464
3 264 394
2 448
1 215
1 378
3 41 297
2 241
1 232
1 243
3 57 309
2 484
3 228 234
1 69
1 55
2 283
3 234 402
1 176
3 70 328
2 190
1 334
3 20 189
1 142
2 77
2 404
2 133
1 359
2 482
3 36 369
2 373
2 280
2 366
2 360
1 308
1 328
3 433 455
3 169 267
2 424
3 198 251
2 41
1 200
2 464
2 352
1 430
3 141 405
1 371
2 213
3 400 494
2 180
1 278
1 72
3 431 435
1 36
1 251
2 381
3 238 391
2 190
1 317
2 383
2 83
2 27
2 164
2 312
3 76 493
1 312
1 339
3 359 450
3 450 488
1 9
2 377
2 480
3 256 361
1 252
2 234
1 323
3 384 500
2 480
2 384
2 408
2 421
3 145 349
1 416
2 84
1 190
1 228
3 171 328
2 213
2 34
3 472 488
3 358 402
1 1
3 105 216
3 121 232
3 174 219
3 97 354
3 76 359
3 167 389
1 120
2 325
3 425 476
3 279 369
1 394
3 321 393
2 23
2 429
3 444 490
3 128 418
2 298
1 324
3 466 498
1 450
3 61 158
1 356
2 235
2 372
3 245 459
1 241
1 232
1 180
3 191 423
3 183 458
1 54
2 237
3 148 388
3 418 450
1 306
2 17
3 16 393
2 454
3 228 480
2 49
2 239
1 222
1 42
1 344
2 237
2 188
2 260
2 427
3 42 214
3 219 309
3 365 452
2 475
1 256
3 65 414
1 330
2 164
1 357
1 234
2 77
3 478 496
1 292
3 247 473
2 41
3 46 333
3 292 388
2 322
2 364
2 118
2 429
1 290
1 353
2 36
2 254
1 483
2 229
1 454
1 487
1 311
1 101
2 88
3 199 283
1 80
2 385
1 348
2 170
2 357
2 123
1 40
1 492
3 478 496
3 265 327
1 394
1 215
2 25
1 480
3 475 486
1 357
3 373 442
1 271
2 168
2 430
2 439
2 325
3 21 54
1 51
1 30
3 50 465
2 404
3 328 394
2 40
2 439
3 250 309
2 301
1 392
1 254
2 338
3 115 241
3 186 246
2 397
2 79
3 381 500
1 24
2 2
3 226 316
1 198
2 41
2 464
2 139
2 485
3 37 363
2 303
1 193
3 45 382
3 224 385
3 213 235
3 214 374
1 390
3 47 353
2 434
1 40
3 219 389
1 492
2 29
2 239
3 408 439
3 441 456
2 35
3 320 486
2 235
3 16 21
3 122 490
3 289 477
1 173
1 219
3 355 378
3 362 390
2 254
3 326 378
1 159
3 53 62
3 84 265
3 26 247
3 397 471
1 470
1 137
3 442 469
1 268
1 92
3 287 353
3 35 419
1 160
2 30
2 416
1 326
3 481 485
1 105
3 317 482
3 439 445
3 389 494
3 227 345
1 26
2 173
1 54
2 24
2 367
2 96
3 347 477
2 125
1 377
1 262
1 154
2 370
1 208
3 42 201
2 24
3 298 328
2 436
3 224 340
2 402
2 27
3 84 127
1 150
3 23 494
3 385 431
2 474
3 292 408
2 88
1 251
1 429
2 21
3 296 395
2 375
1 494
2 164
2 168
1 40
3 172 436
1 164
3 98 246
3 112 216
2 176
2 375
3 493 500
1 160
3 253 464
2 273
2 303
2 494
2 54
1 301
2 133
2 155
2 73
2 495
3 34 101
3 411 496
2 45
1 398
2 59
2 185
1 416
2 388
2 281
1 268
2 2
2 485
1 185
3 285 439
3 276 362
3 470 477
2 48
2 18
2 86
2 165
1 209
3 384 448
1 233
3 328 452
3 483 486
3 194 410
2 247
2 262
3 246 383
3 490 495
3 15 285
2 55
3 304 383
1 142
3 90 402
1 230
3 350 462
2 260
3 86 177
2 241
2 96
1 415
1 320
3 179 399
1 213
3 167 439
1 408
3 315 470
1 182
2 339
2 313
1 341
2 464
3 463 478
1 305
1 210
1 476
2 275
1 405
1 254
1 155
2 467
2 452
1 358
3 7 469
1 19
3 292 396
3 20 366
1 77
3 258 307
1 393
1 63
1 172
1 136
2 223
3 436 496
1 147
3 341 491
1 304
1 372
1 429
1 290
2 208
2 67
1 1
2 245
1 123
2 43
3 174 417
3 102 358
3 51 293
2 285
1 401
1 225
3 9 351
2 156
1 25
3 237 448
2 326
1 53
1 367
1 151
2 413
1 298
2 142
1 372
3 441 477
1 416
2 318
3 42 214
2 425
3 463 494
2 197
3 388 396
3 196 436
3 227 284
3 486 495
1 220
3 93 169
1 306
2 388
1 381
3 343 437
3 126 322
1 263
3 20 284
1 385
1 181
2 496
1 372
1 225
3 306 415
1 110
2 260
2 492
2 184
3 6 364
2 289
3 65 252
1 370
1 141
