5000 5000
1 2830
1 4888
2 983
2 4658
3 1567 2395
3 421 2824
1 3075
2 1208
2 3921
3 4149 4270
2 2917
1 4551
1 46
3 948 4619
3 1817 4219
1 2817
2 4123
3 2628 3346
3 2987 3573
2 2721
1 1623
1 1907
1 457
3 2250 4858
3 3369 4911
3 975 2324
1 4002
2 1059
3 2495 4344
1 255
3 1704 2995
3 3959 4151
2 3628
2 1763
1 4871
3 1779 3666
1 1689
2 4581
3 3317 4293
2 4134
3 3627 4509
3 4191 4228
1 4842
1 4953
2 2431
1 4002
3 1263 2532
2 2908
2 3279
2 3277
3 3176 4546
2 4353
3 393 4593
1 4704
2 2865
3 1527 4509
2 4423
2 2948
3 2757 4015
3 4022 4878
3 4718 4950
3 3643 4811
1 1855
2 1687
1 2863
3 673 4609
3 4429 4590
2 647
1 601
2 1452
3 3904 4101
2 1221
2 3283
2 2771
3 1255 1954
2 2541
3 1179 1509
3 735 807
3 4994 4999
1 389
2 4779
1 1479
3 2158 2987
1 2508
1 261
3 1898 3663
2 1319
3 3616 4931
1 2818
1 2632
1 320
2 2292
1 3972
3 1487 4971
1 2162
1 3374
1 1151
3 4495 4540
3 2980 3204
2 260
3 2649 4037
1 1713
2 4535
1 1414
3 634 2220
2 1188
2 4713
1 2416
2 4514
1 2566
2 4283
2 1963
3 3829 4635
3 28 1566
3 1485 2498
2 4433
3 2155 3522
3 1931 4478
1 3530
1 4195
1 4592
2 24
2 4693
3 1403 2174
3 1883 4285
3 3530 4793
3 3186 4121
3 1151 1827
1 384
3 731 2303
1 4977
1 62
2 789
3 2313 2382
3 4380 4947
3 712 990
3 1870 4831
1 1400
2 3873
3 1860 4345
2 201
1 2036
3 3284 3906
1 3605
2 2361
3 3326 4153
1 2178
2 4550
2 2708
3 3195 4812
1 244
1 4106
1 4156
3 1643 3402
2 3622
2 1275
2 3204
1 2723
3 1422 4827
1 3580
2 2964
2 3943
1 2450
3 77 798
3 3274 4440
2 382
2 3041
1 795
3 3806 4111
1 252
3 3919 4538
1 1695
1 2062
1 1153
3 3355 3468
2 1074
3 3681 3821
1 4550
3 4616 4624
3 417 3331
1 2188
1 2556
2 4454
2 3213
2 1567
1 172
2 4641
2 3370
3 2156 2633
3 363 1862
3 3857 3935
1 2465
1 3641
2 3523
1 1541
2 4807
2 2563
1 1860
2 1717
2 4376
3 4497 4762
3 4647 4938
1 306
3 2151 2416
2 2344
2 1756
1 4290
2 1889
1 832
2 2074
3 1987 2262
2 1442
3 1697 3024
3 1642 2708
3 2681 2882
3 2927 4248
3 4850 4929
2 4614
1 2099
2 2304
3 626 917
2 3917
1 4700
3 3312 4716
1 628
2 2149
3 4740 4975
3 573 4836
1 2043
3 1946 4360
1 2479
2 2230
1 2866
2 4416
2 174
1 4096
1 1038
1 2206
1 3195
2 2672
3 3975 4162
1 374
1 3915
3 591 1870
2 4057
1 4476
2 2838
2 238
1 1205
1 4762
2 3377
2 2633
2 4633
1 4774
2 2993
2 3015
2 3041
1 3625
2 3860
1 3279
2 3787
3 2447 2525
3 3903 3997
1 2485
2 1096
3 1569 4200
2 2890
1 1760
1 3092
1 4899
2 2760
3 2916 4694
1 3770
2 2056
2 2662
1 1341
2 779
1 605
2 4875
2 1936
2 130
3 3607 3896
3 4155 4281
3 1721 2624
1 3478
1 4684
2 4653
3 3113 3892
2 1091
3 1721 4884
1 494
2 2217
1 2580
3 1153 3905
1 643
2 112
3 4619 4814
1 2714
2 3538
3 949 1101
3 2056 2444
2 2998
2 4393
2 1870
3 1054 2727
2 790
2 1770
2 3840
2 1023
1 2884
1 3291
2 2114
3 2524 4478
3 3941 4522
3 2820 4069
1 3412
1 1905
2 3559
1 1871
3 3226 4297
3 1798 2606
1 3913
2 1981
2 2075
2 4063
3 3287 3521
2 380
3 4291 4375
1 2221
3 603 4193
1 3005
1 1627
1 2072
1 3413
1 1004
1 2021
3 3357 3904
1 3680
2 4423
2 3032
1 2500
2 1424
3 2490 4161
1 2659
1 1089
3 3379 4741
1 3069
3 2625 3804
3 1054 1375
3 637 802
1 3563
2 4665
3 519 4610
1 3894
3 4819 4942
3 1668 4055
2 2825
2 4860
2 2110
3 1472 3715
2 3850
3 2947 3115
3 796 1125
1 1960
1 2807
1 3059
2 154
3 285 4435
2 4482
2 3053
3 4691 4897
1 4315
1 135
2 3130
1 4865
2 1937
3 647 1354
2 4531
3 4722 4850
3 4578 4777
2 791
1 2906
1 2844
3 4796 4931
3 1635 2697
3 2991 3751
2 1853
1 1306
1 4932
3 3212 4110
1 1208
2 3659
2 1320
2 4555
1 3935
3 4158 4268
3 2815 3073
3 1098 1675
2 249
1 3248
3 3280 4975
2 1196
3 88 197
3 4895 4918
1 1733
2 285
3 1906 4147
3 3278 4433
2 4935
1 3257
2 1560
1 1210
2 4131
3 4139 4357
2 2539
3 416 1796
2 4110
2 2508
2 4808
2 1008
2 1312
1 1773
2 4598
1 1436
2 3678
1 4462
1 2081
2 4934
1 2103
1 3248
1 1591
2 3817
3 1416 4230
2 2880
3 1136 2787
1 3007
2 4153
1 421
2 3161
1 4404
2 643
3 1033 4136
2 1575
3 1957 4980
2 3660
2 2589
2 3442
3 1109 4781
2 4958
3 4216 4946
3 3956 4127
3 1541 1823
2 3069
2 2047
3 664 920
2 4578
3 2634 3754
3 4585 4615
1 1793
1 1241
3 1237 4275
3 3082 3712
1 4094
3 3959 3978
3 2881 4316
2 3983
2 270
3 624 755
2 3220
2 1504
2 2026
3 4432 4614
3 2651 4297
2 3530
3 2487 2676
2 1157
1 4892
3 4478 4621
3 3311 4885
3 3959 4113
1 3739
1 1064
3 4555 4725
1 2563
3 2521 4338
1 2937
3 2676 2901
1 1456
3 1515 2744
3 3195 3231
3 2817 3907
1 1030
3 599 4843
2 531
3 4220 4988
2 3725
2 927
1 4671
1 2233
1 3614
3 951 4892
2 1872
3 1928 4753
1 3328
1 4794
1 4314
2 1664
3 4164 4403
3 6 2055
3 1555 2761
2 21
3 3962 3972
1 657
3 1416 2633
3 2722 4149
1 4176
2 1750
2 818
1 1793
1 675
3 4132 4532
3 4782 4812
1 2627
3 139 665
1 3897
1 4396
1 594
2 4899
2 1984
2 1345
3 1334 3401
3 2464 3009
1 887
1 3203
3 1220 4511
1 4825
3 4563 4854
2 694
2 624
1 2591
2 1541
2 4591
1 1582
2 4101
1 3952
3 626 1685
1 1612
2 4312
3 3604 4731
1 1219
1 2041
2 2270
3 4776 4958
3 1282 3663
2 2836
2 4355
3 160 3427
1 1297
3 2349 2537
2 3501
2 322
3 3795 4353
2 2496
1 1686
2 2436
3 4660 4871
3 2471 4370
3 2439 4876
3 3732 4393
1 2841
2 2708
3 2622 2924
2 3530
2 3449
3 900 1468
1 1421
3 2667 4045
3 2199 3777
2 1700
2 3916
3 3165 4283
1 908
1 4888
1 3988
2 1860
3 116 3095
3 4854 4865
2 2701
1 883
3 4291 4565
3 4167 4472
2 1806
2 1391
2 4197
1 11
1 3913
2 4620
1 1292
2 2588
1 4860
2 3142
2 3658
1 975
3 1650 3887
1 4971
1 4390
3 3662 4305
2 3970
2 4138
3 2570 4998
3 2627 2640
1 1568
1 4301
2 441
2 387
2 4525
1 424
2 713
2 1485
1 1577
1 618
2 214
1 1799
2 665
1 2510
3 1993 4752
1 2229
1 2642
3 3552 3730
1 1752
2 184
3 4960 4996
2 1509
1 3159
1 2836
3 944 3831
2 639
3 4692 4847
3 3850 4248
2 4338
2 3363
3 2137 3504
2 4408
1 2734
1 4560
2 204
3 3664 4935
1 3629
1 2515
3 439 2610
1 3523
2 4670
1 2978
1 2932
1 4493
3 3297 4254
1 2743
1 1143
3 2786 4838
3 1283 3416
2 2195
1 2462
1 1768
2 966
2 4002
1 3318
1 4913
2 2380
2 2428
2 3184
2 4395
2 2773
3 734 3863
3 4537 4728
2 4590
2 3821
2 3125
3 3204 3792
2 3630
3 4279 4441
2 2855
1 41
1 1831
2 1952
2 1867
2 4555
2 1589
1 2750
2 3209
3 2783 4984
2 1176
1 3924
1 2738
2 2660
2 3195
1 1275
3 192 685
1 2490
1 3653
3 3165 4727
1 1498
2 253
1 2829
3 3172 4352
2 1041
1 702
2 2691
1 2966
1 2449
2 3286
2 3612
1 3084
2 3521
3 3317 4034
1 2051
1 3383
2 2475
1 4219
1 4675
3 1892 3454
2 2976
2 3332
2 244
3 4112 4775
3 2659 2832
3 2300 2515
2 4750
1 2037
3 2688 4821
3 4154 4746
2 2681
2 4287
2 2826
3 1835 1882
3 1368 3354
1 4108
1 1526
1 3048
1 175
3 4597 4884
1 1007
1 4605
1 3469
3 2319 3281
2 2738
1 1476
2 2030
1 3398
2 1174
1 4546
1 2317
3 850 4310
3 4823 4834
1 1849
3 1557 2339
2 4720
2 1292
1 124
1 4438
1 4522
1 4169
3 4443 4791
2 735
3 4422 4989
3 1835 4778
3 3128 3851
1 4665
1 4789
3 4388 4801
2 912
1 3579
2 644
1 768
2 11
2 4929
1 3140
1 2955
2 3724
3 2903 3629
2 1866
2 4446
1 317
2 1274
3 1879 4057
2 3714
1 1470
2 1134
3 3170 3339
1 4421
3 3845 3888
2 3938
2 4885
2 1116
3 3158 3500
3 835 2588
2 2946
3 4073 4707
2 1597
3 3534 4803
2 1152
3 1483 2099
2 3726
3 246 4314
2 4277
3 4516 4565
2 3257
2 4847
1 1395
3 743 2633
2 1616
3 1058 3262
2 1682
1 1387
3 406 848
2 112
1 656
3 4049 4619
2 1132
2 2559
2 1011
1 834
1 217
3 3086 4699
3 295 4185
1 4983
2 20
2 2188
2 1424
3 4298 4580
1 3930
3 2911 3194
2 1871
1 3193
2 1506
2 3146
1 2103
1 4685
2 2003
2 2591
1 428
1 3866
2 4853
2 1238
2 602
3 1887 4343
3 1422 3020
1 2178
3 2553 4787
1 2860
1 3491
1 1601
1 2043
3 1529 4201
3 2999 3226
2 4915
3 1517 4536
2 1990
1 3028
3 559 4558
1 3860
3 733 3288
2 3423
3 1144 2190
2 168
3 1924 4848
2 383
3 4435 4916
3 150 4294
3 3560 3610
1 3385
1 3612
1 3543
2 186
3 2258 3077
3 3864 4816
3 756 4655
2 1292
2 1342
3 4734 4891
1 631
3 382 4337
2 4593
2 2725
1 923
2 2695
3 50 854
3 2212 3095
3 2499 2789
1 2872
3 132 4598
2 137
3 3766 4353
2 3783
2 3450
1 714
3 2949 4378
2 530
1 4160
2 3091
3 3327 4631
2 4922
2 369
3 269 4200
3 3764 3794
1 4039
3 2194 3371
3 4070 4986
2 1769
3 732 1094
2 3006
2 319
2 868
2 1101
2 3168
2 4690
3 2128 4591
1 3262
1 3375
2 1861
1 4420
2 4084
2 4566
3 2640 3079
1 769
2 2676
2 3648
1 2701
2 4749
2 3131
1 1313
3 4478 4880
2 1039
3 1028 2094
1 4719
3 244 3478
2 3686
3 3753 4197
2 620
3 4947 4952
3 2224 4650
1 3651
2 4705
2 3470
3 810 3779
2 4638
2 528
2 3921
3 2229 4199
2 3580
3 3014 3898
2 1890
2 1077
1 1794
1 294
3 1075 1498
1 3622
1 660
1 2884
3 1101 3341
1 174
1 2041
3 3385 4053
3 2231 3883
1 171
1 665
2 2643
3 3307 3825
3 696 3160
1 1278
3 2095 3366
2 4569
2 4664
3 239 580
1 1835
3 1735 1839
1 1808
2 613
2 2172
3 1135 4581
1 1349
1 7
1 581
1 3614
3 52 4556
3 150 4116
2 1103
3 736 4906
2 1373
3 816 2189
3 4030 4794
1 646
1 2025
1 4433
3 919 3572
2 4484
1 1000
1 3827
3 2687 3585
1 4010
1 306
1 3877
1 4756
3 3811 4877
1 3836
1 1306
1 2865
1 1527
2 47
1 4630
3 956 3600
1 3426
3 920 1693
1 873
2 4918
3 3086 4472
3 1899 3752
1 1011
2 4605
1 672
1 4138
3 2379 4810
3 3688 4665
3 963 1317
2 4970
2 3370
1 550
3 3462 4525
3 547 2827
2 1009
1 3943
3 3545 4521
2 1888
3 382 4515
1 1154
1 802
2 4574
3 2069 3181
2 4004
2 39
1 2239
1 682
3 1268 2638
2 2242
1 307
2 615
2 4546
1 2922
1 1675
3 4521 4990
1 24
2 2469
1 4143
2 2383
2 1871
1 3028
2 4844
3 4766 4807
2 4396
1 1154
1 16
1 1407
3 2451 3148
1 4180
3 746 2408
3 3067 3272
2 2223
1 3527
1 2663
1 2682
1 2561
1 824
1 3854
1 4030
3 3222 3730
1 1080
2 1099
3 4170 4406
3 3239 4881
2 3466
2 2242
2 1001
1 904
1 3940
2 2258
1 3073
1 241
3 3180 3688
2 1615
3 1771 4119
2 2784
2 116
1 3010
2 909
1 445
3 3382 4345
3 3927 4087
3 3208 3892
1 110
3 2961 3549
3 1528 2229
1 2928
1 1574
3 3242 3987
2 2190
2 1847
2 1242
3 3928 4801
3 1868 3264
2 3418
3 486 4194
2 1153
2 3202
1 1021
3 3092 4007
1 4459
1 2705
3 4930 4996
3 2054 4402
3 3450 4803
1 4895
2 1297
1 2275
3 3614 4829
3 4007 4590
2 535
1 2706
2 3999
2 4055
2 4168
3 3168 4279
1 798
1 4393
2 1451
1 77
1 2501
1 2777
3 825 1101
2 966
1 2895
3 4646 4812
1 3480
1 3714
3 3554 4868
1 3365
3 3278 3755
3 3905 4956
2 4335
2 3467
1 2315
3 614 2667
3 1064 3746
3 292 3459
3 4145 4692
2 4967
2 3571
1 1677
1 1135
3 3430 3530
1 1363
3 163 2509
2 1434
2 428
1 4892
2 2681
3 122 4979
1 4699
3 2915 3203
3 1273 3545
1 2499
2 865
1 1461
2 2865
3 1214 2992
2 1306
2 1396
2 1088
1 104
3 17 4040
3 3485 3814
2 584
1 4776
1 1345
2 244
3 3089 3341
2 3926
2 4251
2 2372
3 1598 2709
2 4913
3 324 1500
1 757
3 168 659
3 3668 4585
1 281
1 135
3 3451 4458
1 963
3 1897 3141
3 1714 3686
1 4760
1 4237
1 3953
1 3508
2 4965
3 2661 4127
3 3418 4989
3 240 2819
1 1978
2 4822
1 2816
2 3967
2 93
3 3048 3983
3 603 1833
3 4260 4394
3 477 4407
1 3397
3 1567 1779
3 3130 3375
3 595 1562
2 6
1 2362
1 2284
1 4072
3 3460 4276
3 1428 1890
3 1498 4351
2 1802
3 4692 4744
2 3887
2 450
3 2846 4625
3 183 3153
3 4983 4987
3 296 2923
1 4472
1 1254
2 4773
3 4386 4990
2 1052
3 4907 4980
2 4004
2 3548
3 1750 3652
2 4478
3 4761 4845
2 3307
3 1693 2464
2 2916
2 2125
3 1537 2070
2 3780
3 2227 2755
3 4775 4952
1 4275
3 3789 3810
1 1004
3 647 2552
2 2665
3 1882 2329
3 3980 4211
2 559
3 4305 4470
2 3799
2 946
3 4795 4976
1 3865
3 826 4656
3 4205 4789
2 4840
3 405 4878
3 465 712
2 1532
3 754 1464
2 1521
2 3283
2 3933
1 3348
3 2382 3365
3 4728 4841
3 3170 4131
1 3859
2 1300
2 900
1 4958
2 1863
2 2754
1 992
1 1098
1 3913
2 4082
3 2167 2506
1 2006
3 155 2257
3 861 1965
1 431
1 2741
1 4686
3 3541 4396
3 131 1366
2 4673
1 1970
3 2642 3729
2 69
2 2056
1 953
3 3092 4374
1 4874
3 2386 3493
3 424 1636
3 656 2600
2 130
1 1247
2 2365
1 2391
2 3744
1 3375
1 2537
3 1097 3685
2 1913
3 4663 4717
3 2791 3169
1 2013
2 3985
1 4105
2 4891
3 1633 3551
2 1616
2 4510
2 3484
2 2065
3 3527 4429
3 1829 4288
3 2522 4511
2 4935
2 1236
2 2381
1 4581
1 2216
3 733 2168
3 3692 4022
3 3056 4183
3 1521 4216
1 2070
3 2512 2993
3 803 1585
2 2073
3 4366 4912
2 3531
3 378 431
2 4771
1 4168
3 1890 4021
3 3694 4537
3 4074 4583
2 4875
2 3803
2 4520
1 50
2 2872
1 2710
3 3517 3713
2 1697
2 912
2 4521
3 2038 3832
3 3581 4053
1 2602
2 1383
1 722
2 1133
3 37 1700
2 4222
1 2797
2 4434
1 4848
1 2507
3 3750 3788
2 4481
1 3384
1 89
1 4209
1 830
1 4562
2 2010
1 4341
2 2851
3 197 4912
2 865
2 3739
2 2855
1 1373
3 4458 4677
2 3889
2 3586
1 4163
3 558 4307
2 650
1 3084
2 2295
3 2083 3435
2 4711
2 770
3 2926 4749
1 4088
2 2552
3 760 4622
2 3475
2 3285
1 685
2 1487
1 544
2 1130
3 3133 4021
3 809 2451
3 2383 4623
3 4831 4873
3 666 2907
3 3986 4949
1 4393
1 898
1 1991
2 4886
1 3391
1 4772
2 3221
3 1833 3349
1 1565
3 615 1048
1 3762
1 2292
1 4008
1 1429
1 2987
3 1052 3114
1 3723
1 124
1 4305
1 178
1 6
2 3572
2 2217
2 3884
3 940 3802
1 1631
2 4987
2 3639
2 3730
2 1058
2 1651
2 4497
2 1140
2 618
2 184
2 2385
1 2596
1 4585
2 2888
3 3458 4590
2 4641
2 3289
3 2798 3954
2 338
3 4038 4772
1 3184
1 3006
3 3995 4385
1 2861
3 4539 4689
2 2663
1 626
1 1099
2 4659
3 316 3671
2 4665
2 2594
3 598 1946
1 3949
3 3827 4995
3 836 2287
2 230
1 3887
2 4233
3 3397 4728
1 3021
3 770 3051
1 348
2 3736
3 1522 4487
2 83
3 3316 4656
1 2933
1 2777
2 2990
2 1233
1 3019
3 3107 4405
2 3467
3 3464 4828
3 3634 3780
1 1234
1 2357
3 4970 4993
1 3070
1 303
2 2140
3 2061 3151
3 1440 2510
3 3093 4133
1 4518
3 1789 2737
1 938
3 3759 4330
3 3964 4132
1 1814
2 3478
3 927 1723
3 3533 4494
1 4491
3 2351 2405
1 2575
1 4025
2 375
1 2271
3 3426 3553
1 1665
1 1045
2 322
1 2368
3 110 4603
1 4758
1 1639
1 4800
3 4027 4753
1 962
2 3193
2 4118
2 3075
1 662
2 1569
3 3832 4616
2 3715
3 4438 4969
1 1261
1 2558
1 739
1 3460
3 4525 4628
2 3130
1 3117
1 4654
2 4030
3 2713 4914
3 21 1668
2 3738
1 4066
3 2742 3909
2 2926
2 1277
2 2450
2 3038
1 363
2 4841
3 2096 2554
3 4547 4608
2 2491
3 4832 4940
1 2977
2 2025
3 702 3002
1 3794
2 940
2 40
1 30
1 3101
2 1507
3 3067 3587
1 4921
2 4678
3 4325 4512
1 406
1 4706
1 67
3 1187 2991
1 2371
2 1902
3 2727 4425
2 2119
2 4086
2 1079
1 3363
2 886
3 1485 3921
3 1389 3393
1 125
3 4060 4223
2 1263
3 1694 4559
3 1345 4686
3 3498 4534
1 2076
3 310 3610
2 3098
2 4931
1 3575
3 1436 2498
2 4926
2 4515
2 2623
3 104 2246
2 930
1 1665
3 1342 1783
2 3373
1 301
3 4927 4934
2 699
3 3896 4010
1 2005
3 3213 3400
3 923 3866
3 4554 4586
2 3714
1 935
2 3100
3 4709 4880
1 1257
3 3980 4336
2 1869
3 4800 4976
2 1597
2 1537
2 2701
1 964
3 4647 4918
1 3382
2 3
1 3020
2 4892
1 1282
3 1639 4744
1 593
2 3582
1 2930
3 16 1023
1 3951
3 3963 4528
2 4369
2 4039
2 818
3 3089 3769
3 1984 4345
1 2423
3 1771 4538
2 1168
3 1429 4631
3 3039 4161
1 2006
1 1751
3 4512 4769
1 938
3 2954 4698
2 3860
2 1638
1 4899
3 3314 4622
1 3474
3 1065 2755
1 1550
3 4443 4996
2 3868
2 346
3 2936 3708
1 4680
1 1161
3 23 991
2 1549
2 3778
2 155
2 49
1 1611
3 3853 4041
3 4646 4848
1 4040
2 3449
3 1783 3242
3 2096 3098
2 230
3 4694 4715
1 304
2 2221
3 4794 4901
3 3143 3241
2 3588
1 3536
2 874
1 2214
1 4828
1 4375
3 3316 4915
1 4025
3 3186 4290
2 542
1 3768
3 4715 4943
2 298
3 2722 3042
2 387
3 378 4167
3 174 699
1 324
3 4101 4528
3 2255 2818
2 2646
2 1380
2 1901
1 4249
3 2111 3815
3 222 4368
1 1563
1 2379
3 2668 3188
3 1268 3702
3 3097 4085
2 2902
2 3972
1 3645
3 1871 4253
2 409
3 2479 4584
3 2118 3724
3 2285 3594
2 4782
2 1300
3 1533 4351
1 2018
2 316
3 2665 4870
3 2184 4143
3 3231 4082
2 3780
3 2968 3389
2 659
1 2543
3 238 3884
2 4015
2 989
2 1363
1 1563
1 2782
3 3903 4320
1 4139
2 1119
3 4258 4721
2 3965
1 4029
2 3891
3 2007 3487
1 2523
2 1047
3 4250 4914
1 2561
1 4373
3 4237 4307
1 940
3 2510 2920
3 4533 4874
3 1349 3101
2 2029
3 867 4965
3 246 811
3 3089 3668
1 655
1 1333
2 377
1 1203
1 1022
3 811 1427
1 1725
2 2075
3 3041 4573
3 4127 4922
3 1164 3400
2 2270
1 3445
3 3065 3753
3 3735 4053
2 1456
3 3056 3528
1 2389
2 2376
2 3784
3 2913 2997
3 3174 4982
1 3135
2 3174
1 605
2 2867
2 3839
2 3770
1 633
3 1016 3141
2 3741
1 1477
2 1463
2 3516
1 2864
1 1611
2 3436
2 2638
3 3174 3760
2 1126
2 270
1 3999
2 683
3 528 4803
3 2594 4399
3 3511 4542
3 4382 4844
3 2604 4472
2 3991
2 989
2 2327
1 1449
3 4078 4287
1 306
2 1401
3 1022 1377
3 893 3371
1 1050
1 1431
1 472
2 2066
2 4707
1 2082
2 2030
3 4293 4398
1 3241
3 602 4536
3 3033 3285
2 587
3 2360 4259
1 2068
1 573
1 4545
2 1683
3 2812 3754
2 1679
3 1172 2133
3 3333 4010
1 1225
2 586
1 4636
1 3827
1 960
2 2585
3 1720 3053
1 3021
1 2218
1 4618
2 819
2 3961
1 2726
1 4260
1 1406
1 4151
1 430
3 4195 4510
2 704
1 3488
1 3084
2 3711
3 3638 4578
1 63
1 51
3 4205 4371
3 1783 4436
1 1869
3 1798 2270
1 3562
2 2853
2 4000
3 763 2643
2 1808
1 4433
3 4510 4530
3 1001 2795
3 1987 2438
3 3780 4740
1 1341
2 1896
3 1246 3421
1 3547
3 3176 3194
2 644
3 2362 2638
2 690
1 1054
1 3261
2 212
1 2233
1 2382
3 4923 4966
3 4097 4426
1 1409
1 3985
3 744 1153
3 2457 3130
1 1693
2 1484
3 1190 3178
3 4603 4918
3 3605 4604
3 3924 4195
3 1104 3668
1 4671
2 4721
3 3283 3646
2 4631
2 2220
2 2445
3 1904 4095
1 2573
3 2487 4659
2 2452
1 332
3 3146 3981
3 1677 2102
2 2371
1 1813
3 4155 4464
2 4591
3 1091 2438
2 1884
2 3183
3 4192 4477
3 3748 4214
2 4254
3 4465 4802
1 4142
3 4973 4981
1 1979
3 1117 3559
3 1119 4638
3 3020 3867
3 1527 1734
3 864 2644
2 4966
1 1028
3 1439 4787
1 1266
2 3290
3 1121 3320
1 1332
1 2731
2 3177
3 509 3728
2 2913
2 4506
3 4415 4555
3 2402 2436
2 2955
1 4408
3 3301 4221
3 2210 3560
2 1179
2 1407
2 3546
3 3227 4112
2 2898
2 3621
1 1093
2 3339
3 3253 4371
3 4548 4707
3 397 2213
1 4811
3 2958 3656
2 1258
1 3242
3 1734 2315
2 171
3 477 4860
2 115
3 2185 2426
1 3381
2 4948
3 521 3609
2 399
3 3949 4793
2 2496
2 1559
3 1682 2220
1 3550
1 3012
3 3623 4381
1 3908
2 2670
3 1057 1130
3 1493 4660
1 4272
1 2286
3 2316 3068
3 233 3602
2 1641
3 2796 3076
3 3364 4516
3 1027 3805
1 2768
2 68
2 3877
3 4884 4887
1 16
2 3736
2 1522
3 2380 3329
3 5 2291
2 2336
3 1435 3212
1 880
2 2652
2 831
1 1014
3 2897 3796
3 428 871
2 4848
1 688
2 291
1 2116
2 4556
3 3148 4210
3 2380 3580
1 403
3 3384 4838
2 4537
3 3600 4685
2 4322
3 3594 3724
3 1595 4173
2 4123
2 2435
3 4869 4981
1 1611
1 1987
1 762
2 2913
3 1392 3207
3 127 3666
2 556
1 4882
1 4054
3 1325 1696
3 996 3183
3 2176 3534
2 96
2 3342
3 341 2331
3 2750 4195
2 2893
2 4787
3 2786 2964
3 1059 3006
1 1463
3 1097 3939
3 3892 4728
3 3679 4869
3 3461 3816
2 4367
3 3110 4696
3 3426 3902
2 835
1 3197
2 58
1 387
2 1280
3 3606 4202
3 977 4551
1 363
2 1925
2 1447
3 4637 4840
3 2576 3710
2 1640
1 4624
2 3716
3 4009 4313
1 683
2 733
3 2483 4498
3 2103 4938
3 2718 4842
1 2205
1 1174
1 2895
2 3036
3 3720 4739
1 2022
2 91
2 1379
2 3970
1 1042
2 4271
3 281 1100
2 2907
1 2771
1 865
1 4603
3 3533 4781
2 4740
3 1871 2134
1 4289
2 2446
3 3814 4892
2 4636
3 170 2287
1 670
3 4173 4688
1 3404
1 4566
1 3352
1 2531
1 1352
3 4367 4988
3 1861 3325
2 4972
1 2965
1 4892
3 4521 4870
1 3487
1 3146
3 118 836
1 3753
2 2656
1 3068
2 4720
1 200
1 396
2 2263
2 759
1 1536
2 4602
3 3295 3303
3 1147 3111
1 1876
1 1228
3 2327 4870
2 1354
1 3617
1 1875
3 4339 4472
2 3298
1 3721
1 2668
1 2664
2 1777
1 333
1 3532
3 1054 3571
3 1108 4806
3 1234 4792
1 300
3 3 1488
2 2618
3 1684 3471
1 2294
1 4896
2 4649
3 1351 2074
2 1874
1 2355
3 4412 5000
2 3189
2 308
3 4289 4599
3 1739 4973
3 3159 3275
3 4591 4882
3 3184 4359
3 2124 4388
2 3556
2 2107
2 4648
3 2838 3125
3 1363 2672
1 181
1 3817
2 4243
1 241
1 3696
2 1971
2 1049
1 3165
2 1564
2 563
1 4717
2 2534
2 4636
2 2806
1 3249
2 3611
2 1137
3 450 880
1 4048
1 3626
2 451
3 3358 4465
1 242
1 4252
3 1238 2228
3 2112 3781
2 2919
1 2481
1 2639
2 4147
3 4324 4698
1 1082
1 4585
1 1905
1 1196
1 734
1 1855
2 3526
2 1939
3 4384 4955
2 1887
1 1621
3 4323 4645
2 2720
2 396
3 449 3086
3 3946 4277
3 824 1564
3 318 3790
1 3190
2 4730
1 4377
2 105
1 2910
1 1906
1 4509
1 3256
1 2244
3 1844 3845
1 4099
1 4543
1 1683
2 3750
1 4343
3 3518 4024
3 3455 4007
2 982
1 1147
3 1026 3117
1 4209
1 459
1 2166
1 3645
2 2075
3 1361 4001
1 4959
3 1341 4804
3 3864 4505
1 4881
2 563
3 3350 4061
1 1480
2 4440
2 1524
3 3110 3232
2 4810
2 4470
1 4856
1 1673
2 4113
1 16
1 1855
1 2250
3 3625 3765
3 1180 4003
3 2993 3058
1 4010
1 233
3 4057 4179
3 4358 4374
1 3453
3 2447 4101
3 4942 4949
2 1221
2 665
2 4709
2 2626
3 4225 4515
1 4360
1 4482
3 3089 4954
3 4219 4955
2 3589
1 3470
3 1130 4169
2 788
3 3210 3401
3 2366 2851
1 4439
3 1453 3874
3 1071 4700
2 3245
2 1665
3 2338 4407
2 2377
1 2318
1 3001
3 3804 4163
2 2317
2 4226
2 3691
2 538
3 1881 3155
3 3382 4707
2 2489
2 1996
3 3710 4973
1 2719
1 4437
3 2849 4322
2 1470
2 4984
2 672
3 1933 2470
3 50 573
3 416 2174
2 264
1 790
3 4122 4877
1 1241
1 4466
1 1237
1 1605
3 2876 4453
3 1203 2408
3 4128 4521
2 962
1 3106
1 292
1 3578
2 4402
1 1773
2 3728
3 630 4208
1 1029
3 1244 2732
1 4346
2 3362
3 1296 2074
2 4866
2 567
3 2914 4545
1 4160
3 2259 4700
1 587
2 2328
3 4331 4495
3 1944 2505
3 3890 3893
3 2537 3670
2 4689
3 3302 3754
2 3078
2 1360
3 2010 3577
2 3573
1 860
1 2416
3 3110 3397
3 4756 4842
1 4470
3 2031 2383
3 4934 4959
3 1639 2970
2 1105
2 610
1 3367
2 2382
1 4531
3 1209 2088
2 2504
2 708
3 4874 4902
3 2558 4270
3 4996 5000
3 20 3976
1 2624
3 1773 3494
2 3825
1 2588
3 527 1829
1 71
1 489
2 4733
1 2815
2 4628
2 2863
1 2474
3 4736 4945
1 1258
3 3555 3801
3 2316 3099
1 1129
3 3483 4135
3 1500 2714
1 64
1 38
3 2994 4327
1 656
1 4495
3 353 894
2 281
2 4284
2 3398
3 1463 3394
2 4313
2 2463
1 4524
2 3913
2 3566
1 898
1 601
2 1546
1 3837
3 4379 4783
2 4893
1 1147
2 1367
1 2586
2 1664
2 4531
1 2762
3 2451 4786
2 2947
2 3387
2 2720
3 3821 3948
1 2830
1 3086
2 4938
2 613
3 1837 3018
3 3219 4017
3 4367 4414
1 4255
1 3931
1 1645
1 594
1 4829
2 3649
1 3403
1 723
3 4493 4561
1 38
2 264
1 55
3 4270 4425
2 394
1 515
2 4531
2 841
2 2835
3 1439 2061
3 3520 4239
1 2983
3 304 2977
3 3519 4470
2 1548
2 4390
2 793
3 2648 3182
3 2701 2909
2 4804
3 2542 3691
2 2907
1 2653
3 558 1549
3 1168 4278
2 1642
2 2249
1 2773
2 1584
1 11
1 3009
3 786 1706
3 4204 4321
1 4266
1 2848
3 834 4905
1 3206
3 1717 4464
2 3300
1 2620
3 1367 3825
1 4627
3 1582 4723
1 1037
2 2729
3 4123 4178
1 2949
3 1568 4840
3 4569 4806
3 4462 4896
2 1518
2 3406
1 3409
2 4986
3 4214 4249
1 4692
1 2112
1 3396
1 3085
1 1593
2 3494
3 2778 3898
2 3063
1 970
3 1104 1900
1 2733
1 685
3 3583 4129
2 4257
3 1919 2409
3 1046 4508
3 4770 4864
3 2666 3698
1 2451
3 696 4212
2 967
2 4708
2 4508
3 4635 4683
3 2654 4724
3 2080 4914
3 3459 4062
2 2858
3 2608 4456
2 2474
1 2580
3 838 2052
2 2485
1 4638
1 4862
2 3546
2 2378
2 2774
2 2272
1 1614
3 3951 4592
2 2771
3 3518 4319
2 689
1 984
2 2555
3 2827 4983
2 1512
2 904
1 1093
3 1218 3472
3 1108 3187
3 3986 4289
3 4352 4375
3 3071 4711
3 1094 3308
3 1993 2629
1 3469
2 108
1 4994
2 404
1 32
2 93
1 1977
3 4613 4984
3 1574 2125
1 1056
1 2142
3 4524 4738
2 2257
1 3553
1 89
3 888 2796
1 2651
2 3200
1 1890
2 442
3 2397 2702
1 2601
2 348
1 698
1 1697
1 2045
3 1518 1832
3 2325 3452
3 801 3304
3 4008 4312
2 2487
3 2876 4073
3 6 1345
2 1059
1 4977
3 4381 4501
2 3395
1 4902
2 2603
1 1989
3 3079 3204
3 700 877
3 2680 3893
1 4761
1 3505
1 927
3 4259 4608
1 4227
2 1237
1 3725
2 2835
1 4168
1 4373
2 1779
1 4865
1 4902
2 4863
3 2524 3258
1 3495
2 2291
2 1516
3 1152 3702
1 3818
1 357
1 2743
1 268
1 603
2 3560
3 1286 3070
1 3723
3 926 1877
2 4385
2 1836
3 2941 4674
1 1224
2 3181
2 2503
3 2810 4236
2 4940
1 1785
1 55
2 2821
3 3728 4277
3 3224 4969
1 2241
3 2266 4232
3 2287 4279
2 691
1 2384
3 1937 2121
1 217
3 1731 2879
1 3629
1 4939
2 4851
2 4398
1 2310
1 4386
1 925
2 3634
1 2793
2 663
3 3492 4840
3 2120 2965
1 4407
2 2073
2 3387
2 358
2 4773
1 112
3 1534 4995
3 4002 4689
2 1614
1 1404
2 4048
1 1259
1 715
2 1714
3 876 4208
3 4481 4582
1 1714
3 3299 4700
2 1610
2 1414
3 2698 3488
3 333 4888
1 1055
2 1396
3 3802 3910
2 1686
3 4378 4461
1 4043
1 3761
3 2498 3653
2 1458
2 2161
1 3590
3 2093 3609
3 3602 3958
1 1004
3 2560 2564
3 1054 3709
1 4997
3 4212 4692
2 2633
1 1164
1 2630
1 4682
2 3312
3 4417 4634
3 1541 1562
3 282 967
1 1303
1 1142
1 2386
2 2170
1 2029
1 1275
3 2884 4323
2 4279
1 163
2 236
3 2226 3760
3 3602 3646
3 1856 4978
3 1697 4451
1 3227
2 4025
1 2200
3 1859 3194
1 4156
3 1188 3196
3 2855 3690
2 568
1 1479
3 2643 2860
3 630 2399
1 4182
3 2968 3286
2 2764
2 3607
1 2305
1 2663
2 3060
2 3349
2 2772
3 1191 1255
1 1702
2 3995
2 3112
1 1939
2 3724
3 2977 4132
3 4698 4729
3 3330 4253
1 2204
3 2535 3940
2 460
1 4944
3 4421 4625
2 2780
3 1635 4011
2 4435
2 4800
3 1465 1741
2 2574
3 4703 4795
1 1391
3 4283 4881
1 1106
1 4045
2 2529
3 4486 4652
1 3790
1 3343
1 2248
1 3596
3 4362 4885
2 646
3 2334 3645
1 1880
3 2191 4730
3 3649 4850
2 1461
1 1150
1 179
3 352 1676
2 4966
3 108 3467
3 4682 4692
2 927
3 2886 3440
3 4014 4641
1 1
2 477
3 4130 4924
2 4796
1 1344
2 4744
1 3901
1 2279
1 3884
3 3921 4504
1 326
1 2424
3 3962 4924
1 880
3 1754 1865
1 4285
1 1975
3 190 1670
2 47
2 44
2 3206
1 3903
2 2761
2 2442
3 1853 3545
1 3654
3 3284 4436
2 2839
1 329
1 1389
2 692
3 1513 4409
1 4165
1 2811
2 2447
2 2871
1 3563
2 4166
1 1169
2 1559
1 951
1 2262
1 1795
2 3828
3 964 4469
2 3072
3 2227 3844
1 2932
3 71 405
1 201
2 4300
1 3969
1 4631
2 948
2 3746
1 3798
2 1733
3 1130 1660
3 3773 4057
2 1589
3 319 638
3 4337 4893
1 4042
1 2961
1 1224
1 2063
3 4137 4903
2 4799
1 2918
3 888 3134
1 1293
3 3463 3615
3 1515 2857
2 3763
1 943
2 2334
3 891 1321
2 3122
3 3248 4181
1 700
3 232 4910
2 3463
2 1539
2 2529
3 3626 4533
3 2854 3535
2 2614
1 3906
3 4189 4717
2 2899
3 4605 4893
2 147
2 1714
1 2326
3 4095 4431
3 774 1969
2 4239
1 406
3 1354 3305
2 3965
2 1968
1 2875
2 4309
2 182
3 1693 4053
3 2143 3954
3 2295 2848
2 3770
3 577 1050
3 42 3092
2 573
1 185
2 2335
3 4475 4844
1 4227
1 1397
3 3004 4644
3 103 3828
3 878 3817
2 1333
2 3022
2 4399
1 4765
3 2200 4229
2 851
1 995
1 2863
1 1426
2 2988
3 4316 4976
2 4055
2 4630
1 1628
3 1761 3232
2 3033
1 3872
2 2272
2 3490
1 2984
1 2547
1 2323
1 1013
3 2780 3573
1 2326
1 4744
3 427 2972
1 1111
1 1777
1 2646
1 821
2 1777
2 4828
1 3707
2 2661
3 3944 4867
1 713
2 1039
1 3141
1 770
1 2269
2 2885
3 4245 4376
3 3463 4975
1 2315
2 4047
2 1141
3 2372 4379
1 668
3 665 2810
2 201
3 1408 2199
2 3163
2 4330
2 722
2 1757
2 3261
2 4010
3 1744 3436
1 1033
2 667
3 2023 3597
3 3610 4322
1 1115
1 2074
3 2157 2224
1 4990
2 2671
1 2854
2 2800
1 4680
3 4234 4610
2 878
3 3674 4771
1 3247
2 4649
3 4244 4684
1 2144
2 4234
1 2595
1 166
1 3372
3 3781 4919
2 3145
2 4726
1 710
2 306
3 1509 2198
2 2800
3 2217 2349
1 608
3 1116 3103
2 4170
3 4425 4692
3 2268 3050
2 1174
1 374
1 712
3 4447 4602
3 4562 4672
2 3953
3 3700 4693
3 824 3256
1 1494
2 15
2 656
3 3462 4404
3 1190 4561
1 1557
2 1549
2 3522
3 812 3925
3 3019 3251
3 2565 3227
3 4058 4199
3 1501 4641
1 3594
3 3585 4230
3 172 2797
3 90 2501
2 3086
3 579 1309
2 2140
1 1291
2 761
1 1165
3 3488 4872
1 423
1 1235
2 4703
3 4528 4639
2 2533
3 2428 4345
1 2798
3 96 2607
3 4126 4379
1 287
3 1594 4339
2 2119
2 3864
2 3084
2 2894
2 63
3 4152 4823
1 4925
2 2731
3 2035 3210
3 1218 3755
2 2599
3 951 3440
1 2503
2 2457
3 1733 3311
1 1078
3 2207 3809
3 2959 4711
1 1581
3 1292 2498
3 3221 3468
1 4590
2 3613
3 3718 4081
1 107
2 2276
1 67
2 562
3 3554 4897
1 1563
3 1616 1879
1 4590
2 3406
1 3914
2 2028
2 2610
3 3075 4632
2 3302
1 206
2 3582
3 1609 1625
2 4443
3 4604 4844
2 2353
2 160
2 3590
2 2357
2 1448
3 2079 3489
1 4423
2 1653
1 310
3 1643 2743
3 119 4801
3 3563 4448
3 603 814
2 3995
3 3616 3666
3 2742 4533
3 3986 4581
3 3166 4294
2 1552
2 4839
3 2046 2458
3 4053 4269
3 1069 4198
1 1360
1 3537
1 1110
2 3479
3 4101 4341
2 816
3 2168 2314
3 4486 4862
2 3109
2 2511
2 1217
1 714
3 2339 2948
2 288
3 4115 4232
2 599
3 376 2501
3 812 4300
2 294
3 903 3365
3 4454 4894
3 1928 2567
2 4880
3 995 2103
1 2067
1 1463
3 2479 4246
1 1765
1 1995
1 4975
2 4932
1 3559
1 4595
1 3796
1 948
2 1094
2 3564
2 1741
3 3441 4286
2 354
1 4877
2 3882
1 4607
2 2694
1 3103
1 4182
2 3744
1 4359
1 3112
1 1501
1 3640
1 971
2 2260
3 1862 4676
1 3331
2 4542
1 3604
3 4934 4959
3 4806 4886
3 3550 4149
1 4684
1 2899
3 2727 3806
3 382 1679
2 3638
3 2818 3860
2 4206
1 632
3 2227 2531
2 2577
2 2501
3 520 1983
1 3127
2 1363
2 4764
1 4946
2 1217
3 4685 4704
1 2453
1 3804
3 3737 4158
2 1633
3 670 768
3 3688 4608
2 3969
2 3004
1 1117
2 3372
2 1913
1 447
1 3733
2 148
1 4641
3 3354 3661
2 2952
2 2051
1 3294
1 3690
3 1251 1319
3 1685 3101
1 4272
1 3697
1 3721
2 3820
2 3805
3 1438 3325
3 3130 3142
1 602
1 2859
1 1089
3 2348 4749
3 2377 4282
1 828
1 4400
1 854
2 2928
1 3224
3 3782 3895
1 306
1 866
2 4203
1 1532
1 3794
1 375
1 1622
3 3070 3992
1 31
1 1006
1 1373
1 2251
3 477 3309
1 2485
3 233 4055
2 955
3 3539 3590
3 4607 4855
1 2512
2 2793
3 3802 4816
3 3683 4585
2 1936
3 1756 1888
1 1825
1 1479
2 3924
2 1327
1 3572
3 3078 4320
3 4795 4811
1 3186
2 626
1 2415
3 3199 4283
3 3552 4775
1 3337
2 4949
3 3606 4214
3 4850 4979
1 3894
3 1684 4602
2 2316
2 2272
2 137
3 2080 4964
1 4264
1 3497
1 3268
3 1994 4542
1 3767
2 4053
3 3154 3561
1 4830
3 2078 2608
1 2492
1 553
3 2645 4576
1 4307
3 4019 4962
1 857
1 4321
3 811 1897
3 3402 4337
1 3814
2 4670
2 2435
1 2692
2 276
3 4063 4855
3 107 1944
2 923
3 2046 4695
2 1222
1 2233
1 2937
1 2656
2 4213
1 62
3 2120 3703
3 4315 4328
2 3450
3 688 4622
1 1061
1 1142
1 4988
1 1474
3 36 1033
2 2882
1 1230
1 3418
2 2531
3 4376 4947
1 4173
1 3624
2 3389
1 1782
3 3894 3971
1 2763
3 2258 4746
3 1152 4320
3 2321 3660
2 742
3 557 3643
1 3854
2 320
3 4364 4586
2 1959
1 3988
3 3729 4430
2 2611
2 4344
3 2034 4751
2 3727
3 2374 3923
1 2495
1 2714
3 1792 1915
1 2448
2 90
2 4908
1 2593
3 1363 3485
1 4038
2 639
1 1228
3 3742 4674
3 1033 2612
3 4623 4936
2 540
2 3376
1 1076
3 205 4786
1 4953
2 299
1 1431
2 658
1 4528
1 3580
2 1831
1 450
3 3554 4730
1 2449
1 2760
1 950
2 2741
1 2578
1 1195
1 3945
2 1562
1 686
3 2571 3376
3 4061 4376
1 3604
2 2275
2 3887
1 2324
3 494 4615
1 1763
3 4089 4308
3 635 810
2 4982
3 3812 4519
3 636 2955
2 1077
2 3367
1 3900
1 2067
1 1783
2 4148
1 2413
2 2447
3 3128 3713
1 2275
2 51
2 2064
2 1910
3 3848 4318
2 4012
3 3427 3554
2 856
3 1947 3544
3 3795 3905
3 3636 3706
3 2740 2846
1 3700
3 3558 4386
3 123 2242
1 4077
2 4513
2 3375
2 3605
2 1216
1 1117
2 13
2 2865
2 3407
2 1966
3 507 3390
3 3524 4412
3 4671 4918
2 937
2 4585
1 4110
1 4935
1 959
3 2432 3235
1 2362
3 1658 3953
2 895
1 1141
1 1243
1 2253
1 1859
1 2074
2 2304
1 1439
2 1400
2 4288
2 4654
2 3468
3 1377 4203
3 4340 4622
3 4863 4921
1 2587
2 698
3 4997 4998
2 2331
1 2604
2 2740
2 2431
3 2216 4150
2 884
3 1566 4782
1 255
2 1132
1 4219
1 875
2 76
3 3696 3986
1 4579
2 3253
3 2686 4522
2 3563
2 2956
1 96
1 4009
3 479 3313
1 4968
3 1946 3063
3 2877 3089
1 1405
1 1047
2 4955
1 505
2 3303
3 1881 3503
2 197
3 1668 3879
2 3334
3 3161 4372
1 1237
3 1542 4613
2 2663
2 3204
2 1287
3 27 375
1 1440
3 4477 4966
1 2367
2 3215
2 2202
2 3670
3 4119 4527
3 1840 2363
2 4673
1 1974
1 4365
2 1830
3 2279 3925
2 2492
2 395
2 2450
1 422
1 3708
2 1379
2 3841
1 797
1 538
1 3736
3 1739 3532
2 3698
3 1056 3997
2 2192
2 1942
3 3391 3844
2 3685
1 1522
1 2122
3 3647 3693
1 3799
3 4505 4783
2 3299
2 318
3 621 3176
1 4650
3 1271 3110
2 2803
1 4595
3 2647 3202
2 2543
1 1241
3 757 2800
1 246
3 3908 4887
2 3108
3 1946 2698
2 1632
1 3229
1 3445
2 1160
2 1487
2 2349
3 3032 4021
1 4826
2 4107
2 1897
1 1036
2 2432
3 2965 4585
3 2659 3966
1 1051
2 753
1 3807
1 1630
1 4379
3 1438 3058
2 3557
2 2518
3 384 2182
3 4385 4997
2 3754
2 266
1 1023
1 2549
2 1655
1 1439
1 4530
2 4274
2 2250
2 1394
2 2777
3 1666 1920
1 1626
2 1806
3 2206 3729
2 2376
2 2205
3 372 3978
3 3277 3970
2 890
2 2620
2 3579
3 3166 3401
1 901
3 4823 4927
1 3481
2 411
2 3983
1 1285
1 3314
2 3337
2 1390
3 2661 4287
3 2900 3702
2 2253
3 591 4082
3 2611 4538
3 4374 4451
1 3358
2 4691
1 1003
1 420
2 844
1 2241
3 1438 3134
2 4335
2 4254
1 2661
3 425 3455
1 158
2 3757
2 110
2 212
2 3072
2 4685
3 4514 4973
1 4802
3 492 1487
3 4834 4907
1 1312
1 3365
1 1865
2 4177
1 443
1 4422
2 1800
2 3607
2 3523
2 3400
1 2915
2 160
3 893 1116
3 4590 4887
3 4764 4920
2 2514
1 2211
2 1891
1 3193
1 1760
3 1183 4022
3 1152 4809
2 4953
1 2206
3 4272 4328
3 3549 3867
3 4758 4907
3 4120 4925
2 3510
1 389
2 3704
3 4855 4882
1 3525
1 3310
1 2179
1 4509
3 1832 4574
2 1156
2 29
2 3554
2 1399
3 3899 4658
1 1984
2 4514
2 4168
1 4743
1 88
2 4765
2 826
3 4944 4954
2 4176
1 966
2 170
1 4022
1 4825
1 3195
1 2680
2 622
2 344
2 4411
3 824 3694
2 1125
2 4874
1 4704
1 3258
3 3494 4780
3 2019 4917
3 3965 4059
1 570
1 2673
2 4057
3 2632 2912
3 1979 3649
2 3082
1 136
1 1743
2 4449
3 1215 2201
3 2999 4233
1 978
2 3912
2 4378
2 1219
3 3869 4953
1 1143
2 1374
2 2184
1 304
3 3016 4348
2 1643
1 2690
2 3037
2 3319
2 774
2 356
3 2087 2714
1 1920
3 830 3007
3 4094 4916
2 3333
1 573
1 2572
1 3203
2 3873
3 4610 4744
2 1011
1 1822
3 1295 2144
3 4161 4760
1 4989
3 518 3358
2 4744
3 98 2344
3 111 3613
3 45 4188
1 1887
3 170 2620
1 4133
3 2437 4094
3 396 2675
1 1521
1 2820
3 3403 3683
1 2208
2 650
2 43
3 3202 4461
3 4384 4774
3 173 3218
1 219
1 1059
3 2290 3457
1 1082
2 4189
2 1202
1 4985
2 1845
2 1242
1 519
1 4707
2 2203
3 4035 4623
3 1173 3113
2 2259
2 3897
1 2395
1 3081
2 1058
2 751
2 1238
1 2162
2 603
3 624 3802
1 1803
2 3406
3 3971 4708
3 3761 3924
1 2876
1 1458
2 976
3 193 4088
1 1527
1 4645
2 3494
1 2521
1 3409
2 2268
3 1264 4547
1 4697
2 3906
1 2101
3 4566 4570
2 3823
1 4948
1 4129
3 2686 4043
1 312
1 12
1 2767
1 2882
3 1462 4021
3 526 3547
2 1666
2 2347
3 4799 4809
2 3593
2 2574
3 1333 4792
1 940
1 3708
3 4479 4628
2 912
3 4689 4779
1 1019
2 1175
2 2031
3 333 4823
3 867 1189
3 382 4569
2 2944
2 4737
2 809
1 11
3 1714 4293
2 2980
1 3068
1 4773
2 726
1 3116
1 4695
3 1143 4516
2 4931
1 4937
1 3338
3 3504 3904
1 4608
1 729
1 3267
1 4176
2 647
2 817
2 3426
3 3515 3686
1 1515
3 3080 4910
2 4855
1 4664
2 4822
2 34
2 2812
2 728
2 3970
3 221 252
3 1344 3803
1 2608
2 371
2 3702
1 2803
3 974 2610
1 4694
2 4286
3 1640 3780
2 4348
2 2646
3 4858 4873
3 1142 2783
2 1966
2 4935
1 2344
3 3313 4810
3 971 3244
2 3909
3 2043 3371
3 696 4947
1 2265
2 3784
3 487 2445
2 3836
1 3720
1 1436
1 3108
2 2656
2 4358
3 1716 3664
3 2505 2843
2 748
2 3756
2 2701
2 3782
1 1632
3 2543 2657
1 3929
1 4024
1 2678
2 1392
2 4653
1 2061
1 563
2 155
1 4199
1 107
2 1996
2 1567
2 2298
2 3500
3 4958 4961
2 3145
3 4594 4631
1 768
3 618 3207
3 2429 4049
3 2298 4199
3 3831 4011
3 2582 3239
1 4231
1 4511
3 3887 4043
2 1289
1 4421
1 1464
2 1508
1 2325
2 110
3 1108 3799
1 120
3 1119 2259
2 1501
1 4995
2 3142
2 635
3 1378 3460
1 2858
3 261 1387
2 2910
2 241
3 4146 4546
2 4879
3 4346 4861
3 4589 4894
2 1932
2 968
2 1079
1 3639
1 3531
1 2124
2 3094
1 725
1 3495
1 1550
1 3247
3 1752 2978
3 1989 4750
3 2235 4383
3 1879 2956
2 4239
3 3408 4318
3 4699 4904
2 3075
1 4538
3 3499 4046
3 4324 4635
3 1698 4816
3 2290 2493
1 1825
2 368
3 4112 4772
3 3497 3968
2 785
3 4825 4854
1 2147
3 5 3887
1 247
3 746 2410
3 1523 3932
3 290 1375
2 4500
1 3536
2 4007
1 1299
3 384 1056
3 3742 4524
1 3826
1 3531
1 4669
3 2326 4014
2 1335
3 1318 2534
2 392
3 2427 4068
2 4258
2 1307
1 4333
3 83 4187
1 3370
3 4803 4813
3 778 2567
1 4329
1 1979
1 3219
3 4468 4947
2 1986
1 3944
2 262
2 2318
2 3227
3 4034 4424
1 290
3 1875 4529
2 4348
1 197
1 1348
3 2235 4034
3 4617 4826
2 4137
3 1816 1891
1 4035
1 1064
1 4749
2 1404
3 3470 4549
3 342 2353
1 69
3 2669 4641
1 4950
2 2460
3 891 2654
3 2811 3107
3 923 2158
3 4915 4918
1 3175
1 4418
3 3766 4997
1 643
2 3672
1 1211
2 1661
2 4335
2 265
2 2839
3 753 3108
1 266
2 3496
3 830 2564
1 947
2 1503
2 4505
2 4968
2 1714
2 2037
3 4939 4970
3 1792 3129
3 1634 3282
1 3071
3 655 3971
3 260 2296
3 1658 3795
2 1199
1 4537
2 3901
1 3836
2 3576
2 1280
2 46
2 4106
3 3719 4879
1 4424
2 4709
1 1491
2 4283
3 3192 3591
3 3844 4355
1 977
2 3576
3 4921 4989
2 3224
1 4424
2 1981
3 3408 3770
3 1654 1760
2 3525
1 3570
2 3692
1 1064
1 2602
3 4632 4923
1 1559
1 4920
1 4042
1 620
3 313 4992
3 2490 4620
1 1171
3 2118 2666
2 3980
1 518
3 470 1695
2 145
1 4702
3 2154 2902
2 885
3 3118 3400
3 3839 4883
2 2617
1 1496
1 869
2 989
1 197
2 2901
1 119
1 2142
2 713
2 2364
2 2441
2 3965
3 713 2264
1 2298
2 2929
1 3627
2 146
2 622
3 4665 4748
3 2653 4535
2 4943
1 978
2 3112
3 4829 4834
2 2726
3 387 2578
3 2301 2823
1 1490
2 4989
1 568
3 3066 4518
1 2727
3 4922 4982
2 146
3 142 3016
1 1428
1 2461
3 137 2130
2 2416
1 4621
1 3444
3 726 4779
3 2408 3096
3 1429 1700
3 1009 2323
1 1806
3 1095 4162
1 1384
2 1651
2 3446
3 810 4473
2 3039
1 2991
3 3732 4633
1 3024
1 2014
1 4071
1 2624
2 2606
2 4244
1 1628
2 3047
3 3674 4514
2 130
1 3559
1 1189
2 2864
2 438
3 1754 3078
2 1843
3 3471 4026
3 1246 1501
3 933 1029
1 3433
2 3770
3 1072 3848
2 3706
1 2680
1 3952
1 608
3 3040 4259
1 3000
1 3816
3 534 1751
3 897 1307
2 4748
1 2129
1 3622
3 1236 4227
1 4490
1 14
3 1914 2166
2 3428
2 3556
1 4551
3 1199 1926
2 3792
3 388 3146
2 722
2 1597
1 3428
1 3349
3 513 4244
3 2416 3957
2 397
2 794
3 926 3274
1 20
1 1499
2 1799
3 292 2677
2 2995
2 4222
2 796
1 679
1 1979
1 3009
2 2843
3 3816 4865
1 2918
2 2815
1 3490
1 3799
3 3861 4054
3 3962 4396
3 2206 2425
1 2292
3 1958 3113
2 3567
1 1461
2 367
2 4509
1 337
2 1795
1 2364
1 1786
2 1736
2 683
1 474
3 4307 4532
1 1414
3 3912 4847
2 1575
3 1012 4781
1 1710
3 3949 4877
2 1969
3 2004 2976
2 2116
2 1300
3 2672 4134
3 3802 4616
1 2179
2 1032
3 3632 4066
1 2197
1 2763
1 2872
3 4370 4617
1 3348
3 126 776
3 435 3306
1 3912
2 3294
2 328
3 532 4703
1 4840
3 872 3531
1 4490
1 3090
3 3337 3716
1 2248
3 3387 4315
1 1334
2 558
1 1024
1 2926
3 2006 3285
2 4169
3 4794 4960
3 1606 3043
3 3375 4624
2 2446
2 1698
3 3872 4997
2 2191
1 3335
2 4482
2 1790
2 1461
1 2911
1 1396
1 1023
3 2003 4663
2 1549
3 3099 4004
1 2034
3 1123 2274
3 1624 2625
2 2467
1 2365
2 2856
3 4910 4919
1 3567
3 4897 4999
2 320
1 957
2 2051
1 1842
2 2359
3 3494 4960
3 532 3163
1 2487
1 3469
1 1221
1 4276
1 1506
2 4861
2 4383
2 3904
1 302
3 3225 3735
3 3066 3891
3 2899 3350
3 1872 2745
3 3256 4646
2 577
1 231
3 1141 2514
1 3945
2 536
1 4729
1 736
1 4070
1 3076
2 1877
2 1283
3 2773 2782
2 4359
2 3415
1 3799
3 4156 4792
2 2311
3 207 3546
2 4387
2 231
3 4750 4759
1 3220
3 4791 4908
1 4967
3 4390 4583
1 304
1 1538
2 3652
2 1304
1 4543
3 512 930
3 2261 4955
3 4475 4776
1 3655
2 1754
3 61 1407
1 3927
3 4036 4246
3 2723 3435
2 4929
1 3692
1 3702
3 3560 4901
2 1327
2 4269
3 188 267
3 3878 4748
1 3276
1 3490
3 3580 3797
3 3970 4723
1 4519
1 3612
1 1832
3 4753 4820
3 815 4406
2 1465
3 4414 4938
2 3843
3 2832 4218
1 4240
3 2044 3279
3 4922 4949
3 849 3350
1 2918
1 1078
3 3564 4923
2 301
2 2846
3 3777 4235
3 71 2203
1 4887
3 2440 3674
1 2848
1 1603
3 1531 3650
3 3777 4184
1 105
2 2126
1 240
2 1099
3 1421 4019
1 1968
3 2217 4038
3 3787 4101
3 4165 4740
1 147
2 1684
1 4349
2 4748
3 4390 4983
2 977
2 333
2 3600
1 2334
3 3608 4117
3 1739 3508
3 2907 4404
3 2289 3846
1 3773
2 1602
3 2393 4771
3 1115 1659
3 403 533
2 511
1 2392
2 1504
2 4238
2 380
3 3380 4321
1 4577
2 2566
3 4755 4863
3 2932 4642
1 318
1 3828
3 1558 2051
2 84
2 3425
2 1250
1 2025
1 1271
3 4076 4303
1 4795
2 13
2 1769
1 3724
1 3852
1 4062
1 4389
1 1267
3 3423 4507
3 3095 3771
1 955
3 130 1950
2 4630
3 4597 4775
3 3508 4184
2 1434
3 3958 4244
2 1564
2 3188
1 3544
3 1268 4646
1 3672
3 3874 4216
2 2228
2 3769
3 3203 3530
2 1476
1 4122
1 134
2 1388
1 3550
3 1008 4039
3 2768 3595
3 4783 4864
1 166
3 4191 4988
2 4857
2 4517
2 3345
1 572
1 1870
2 227
1 2713
1 2553
2 3237
2 2214
3 2238 3064
3 2226 2855
2 2665
1 3221
3 983 4547
2 1583
3 1746 3831
2 3972
2 1312
3 3950 4675
3 2520 4863
3 4897 4973
1 599
2 4917
1 2796
3 3016 3547
3 4837 4894
2 2613
3 2658 3808
2 613
1 4866
2 1034
2 3792
2 4710
2 1864
3 1698 3945
3 4725 4758
3 3935 4270
1 4092
3 4983 4984
1 201
3 888 2640
2 270
2 653
1 669
3 1169 1270
2 3427
2 4543
1 546
2 2857
3 3962 4559
1 152
1 2342
3 569 2453
1 1510
1 2566
1 3505
3 1730 4714
2 1664
3 2858 3915
1 1443
2 3406
3 4166 4523
2 711
3 3932 4983
3 1068 2598
1 232
1 1685
3 355 4834
3 2215 3176
1 1542
3 1490 3881
1 2343
2 313
2 3044
1 3430
3 4037 4274
3 4514 4575
1 4805
2 3709
3 3903 4985
1 3393
2 2251
1 1376
1 389
1 3812
1 933
3 4907 4992
2 1457
1 4946
3 3946 4469
1 1604
1 3102
1 2752
2 3926
3 2633 3331
3 4741 4911
3 1138 2794
3 2171 3787
1 101
3 1360 4419
3 3347 4386
1 3315
2 938
1 1542
2 69
2 745
2 3365
3 3733 4540
1 1160
3 3806 4615
2 4499
2 3576
1 1920
1 3201
3 4167 4727
1 3460
1 2127
2 4146
1 4626
1 2149
1 689
2 2551
2 4182
3 3727 4452
2 4492
3 4869 4893
1 4189
3 228 3000
3 1487 4436
3 2098 4380
2 2592
2 426
3 2017 4148
2 2418
2 1090
1 4112
2 748
2 483
3 3145 4195
3 4347 4882
2 3428
1 42
3 1338 3823
1 2246
3 1813 1846
3 4853 4898
3 3829 3907
3 3681 4019
2 3468
3 2362 2943
3 3912 4505
2 1684
2 2362
2 2726
3 3146 4502
1 1019
2 1797
1 1985
3 2810 3864
2 876
1 4446
1 1233
3 97 1778
1 3585
3 1579 1612
1 3982
3 1783 4405
2 401
3 2813 3421
1 452
3 692 4697
1 891
3 1876 2266
3 4106 4664
2 4852
3 78 2910
1 2119
1 2407
3 4005 4847
1 3412
3 804 1867
3 75 4192
2 5
2 1666
2 3557
1 1063
3 771 1717
1 1796
1 3068
2 1588
2 2480
3 503 1806
1 526
1 389
1 4031
1 396
2 3806
2 591
3 3166 4876
3 2149 4060
1 547
1 4854
3 3798 3929
1 3302
1 2269
2 3010
1 4471
1 3124
2 1312
1 2955
3 4037 4193
3 3061 3751
3 4774 4896
1 4056
2 3852
2 1599
3 4037 4272
1 3639
2 3846
1 4630
1 3293
3 1490 4015
2 813
1 3807
3 4717 4840
2 22
3 806 1308
3 4039 4631
1 3118
2 739
2 155
2 2517
2 254
3 4232 4713
3 1186 1369
2 4397
2 3170
2 2476
3 4852 4951
2 3463
1 2662
1 2951
3 2464 4513
2 66
1 666
1 366
1 2520
2 2623
2 78
2 1648
1 1374
2 2059
3 967 1150
3 4839 4890
2 1115
3 2858 4296
1 3168
2 4949
1 575
2 2904
1 3392
3 4317 4399
2 1712
3 2696 4749
1 4084
1 1542
3 4124 4932
1 3669
2 2477
3 2330 4156
2 4275
2 1593
1 3850
1 4584
2 599
3 4433 4842
1 4130
3 687 4209
3 4534 4907
1 1684
3 3935 4155
2 4048
2 1594
2 4662
3 2099 2356
2 1788
1 203
1 4783
3 3493 3807
3 2690 4215
2 1943
1 4521
3 4832 4878
3 3679 4590
1 4824
3 4517 4733
3 4905 4955
3 476 4153
3 3202 4793
3 1447 2440
3 2297 2787
3 470 1627
2 1472
2 201
1 3385
1 4598
1 4184
3 2459 4771
1 2749
1 2332
1 2122
3 4792 4975
2 4044
2 1974
3 3730 3734
2 1516
1 607
2 2705
2 1190
2 2901
2 726
2 1345
3 3803 4688
2 4890
1 389
1 2866
2 3171
3 385 3879
2 1366
1 1748
2 2644
1 2666
3 1558 4068
1 3895
3 2974 4785
1 3558
2 4131
3 4969 4981
2 4896
1 866
3 3435 4630
1 1525
2 9
3 1643 3294
2 1350
3 2423 4263
1 3813
1 3541
3 124 799
2 4052
2 1120
1 3305
3 3965 4890
3 1654 4797
2 2577
2 3502
1 470
3 775 4138
3 3546 4946
3 310 2624
2 3877
1 4338
3 1287 4574
3 3955 4729
1 4848
3 1941 4967
3 2798 3666
2 4000
2 4018
2 3930
1 3903
2 1645
2 1880
3 4626 4643
3 3348 4744
3 4782 4920
1 1668
1 3327
2 94
3 2650 4650
1 4676
1 3920
2 208
1 801
1 72
1 1014
1 3432
1 4833
3 648 3612
2 2014
2 1667
2 1420
3 2299 2966
2 3971
1 280
2 4361
3 1510 4712
1 338
3 2424 4863
1 448
2 4467
3 4834 4971
2 1003
3 630 4562
2 1989
3 2285 2872
2 3993
2 4549
3 4099 4114
3 3040 4407
2 658
3 1322 4427
3 4332 4996
1 570
3 3925 4976
1 4981
3 679 4089
1 4113
1 1678
1 4432
3 4413 4807
2 1697
2 496
3 3930 4778
1 4293
3 3638 4490
2 3026
1 738
1 3585
3 4625 4812
1 1478
1 253
2 2290
2 1474
1 3628
2 4145
3 3793 4241
3 1928 2417
3 343 1527
1 405
1 2574
3 2430 2443
1 4245
3 1201 4824
1 3832
3 3166 3374
2 669
3 820 4415
3 193 1209
1 3075
3 2066 2245
2 341
2 63
3 4091 4684
3 2978 3905
3 4589 4851
1 1918
3 3081 3981
1 4038
3 1933 2961
1 3093
3 1382 1864
3 3948 4401
1 4573
2 3519
3 1897 2435
1 4184
1 4372
3 2890 3507
1 358
3 4375 4414
1 4762
2 2614
3 4025 4403
3 2211 4335
1 3337
2 4510
1 1757
3 1437 1955
2 3750
2 4260
2 1994
3 3768 4780
3 2434 4911
2 4260
2 1873
2 2960
3 1039 3054
3 1494 2214
