5000 5000
1 2997
3 1114 4925
1 1137
1 2035
2 4020
2 1219
1 3347
2 3622
3 1 1023
3 2222 3796
1 3331
1 2882
2 2566
3 2873 3385
3 291 4814
2 3903
2 2611
1 4328
2 1766
1 3362
2 4859
2 2552
1 3072
1 3141
1 2195
1 941
3 3717 3813
1 511
1 3977
2 1642
2 717
3 3520 4733
2 2028
1 1198
2 912
1 833
3 3235 3808
3 1786 2781
1 75
3 3333 3906
1 4818
3 3914 4920
1 1896
1 3228
3 4304 4597
2 4601
2 304
2 143
3 2354 3654
3 1598 4315
3 3460 4453
2 749
2 265
3 1028 4378
1 4300
2 4378
1 3853
3 1376 2966
1 658
1 3635
2 128
1 3561
1 2172
3 958 3088
1 2162
2 4156
2 3376
2 3891
3 4212 4909
3 3778 4725
1 4387
2 2554
2 4039
2 3111
2 2457
2 4444
3 2465 2888
1 4506
3 4749 4929
1 1903
3 2442 4362
1 1812
1 149
1 1762
1 3236
3 2584 4269
1 2049
1 3889
3 4847 4958
2 1293
2 4628
2 1252
2 3394
3 913 4026
1 3389
2 831
2 2784
1 656
3 569 4970
2 2895
2 1108
2 1309
3 2521 4762
1 3725
3 4171 4311
1 2863
1 1587
2 1911
3 4354 4849
1 121
3 4016 4844
2 571
2 2154
2 2443
2 3017
3 1901 3875
3 3829 3987
3 799 4481
2 213
3 3326 4102
3 1782 4447
2 1913
1 2017
3 2690 3799
2 3745
1 4951
1 3666
1 2860
3 1228 4080
3 545 1846
1 4473
1 286
3 1791 3183
3 265 1312
1 575
2 4663
2 3419
3 3376 4597
2 3390
1 1359
1 1339
3 3517 3915
1 1628
2 3722
1 2404
3 3676 4114
2 1092
1 2152
2 2630
3 3039 3069
3 3771 4528
3 2671 3046
1 1745
3 2465 4872
2 1644
1 4295
3 2906 4436
1 4032
1 4485
3 3789 4793
1 4622
2 2343
2 2705
3 3552 4173
1 2431
3 2487 4424
1 3004
2 4711
1 196
2 3708
1 896
2 72
1 3720
3 942 1972
1 3900
2 2473
2 3410
1 3828
3 2528 2744
1 918
1 639
1 2810
2 274
1 1357
2 2822
2 206
3 3125 4508
1 630
2 841
1 1359
3 434 2801
3 2233 3688
2 297
3 4052 4612
1 2338
1 3338
2 3488
3 3340 3482
1 3249
1 4542
2 827
3 1040 2278
3 1994 2965
1 2966
2 3413
1 2931
2 2539
3 443 663
2 4440
2 4276
3 3745 3922
1 1531
2 1438
2 3079
3 3209 3873
1 4098
1 780
1 939
1 1269
3 1433 1751
2 4621
3 4834 4916
3 2175 4868
3 3725 4467
3 3340 4722
3 44 1860
3 658 2327
1 4972
1 323
2 968
3 146 2903
1 4706
2 2272
3 4595 4781
1 695
3 847 2709
3 1176 2926
1 1395
3 2228 2791
3 414 3444
3 3347 4793
3 268 3587
2 1990
3 4713 4922
2 4589
2 3580
2 694
2 4091
3 698 2585
2 2133
2 1871
1 4267
3 1398 2123
1 4315
2 991
3 4694 4962
2 2116
3 746 839
3 2180 3142
2 3293
1 4089
3 4683 4743
2 555
1 387
1 3343
2 3618
3 2127 4525
1 1955
3 2055 2397
1 739
3 110 593
3 3048 3451
1 2396
1 3402
1 3977
2 2200
1 3158
1 3649
2 1273
1 31
1 3904
2 1316
1 4197
1 2918
2 2658
3 2523 3164
1 1998
2 4333
3 2340 3677
3 3189 4705
1 4966
2 766
2 1276
1 3853
2 1490
3 4013 4980
3 430 2297
1 2533
1 590
3 1263 3288
3 69 971
2 4467
3 3914 4809
2 3546
3 1937 3862
1 990
2 3809
1 3883
2 953
2 4302
2 1473
3 2340 3149
2 341
3 1917 4657
3 666 1158
1 2224
2 3375
2 4721
1 593
3 4047 4427
3 2417 3714
3 4631 4713
1 1213
1 1826
2 4785
1 300
2 4859
2 1662
3 1847 1972
1 4111
2 1461
2 3605
1 726
3 2175 2696
1 2013
3 1062 3749
3 616 2402
3 1398 2961
1 1003
1 85
2 1661
3 491 3104
2 3015
3 4643 4661
2 2440
2 3565
1 1904
1 1453
3 2299 4371
1 1574
2 2293
2 4445
3 4018 4649
1 3531
3 4135 4831
2 2587
3 3159 3308
2 3543
1 3483
1 4404
3 1361 4816
1 4540
3 981 3315
1 3145
3 3609 4277
3 269 2270
1 1958
2 1187
2 1361
1 1428
1 2493
3 919 2490
3 3765 4797
2 1929
2 4066
2 3468
1 190
2 826
2 4022
2 4770
1 1652
2 4255
1 1915
3 2903 3698
3 1442 2113
2 667
2 4199
2 1461
3 2521 2644
2 4094
1 1304
1 3216
1 2833
1 1776
1 3956
1 1050
1 2300
3 473 773
1 2263
3 4064 4216
2 4374
2 1242
3 4113 4320
1 453
2 4128
3 1578 1958
2 4760
1 4703
1 3635
3 1038 1185
2 1588
2 4024
3 2418 4370
1 437
3 270 4719
1 452
2 2500
1 2400
1 3340
1 4611
3 4360 4676
2 3143
3 4782 4955
1 462
2 1618
3 2919 3473
1 1863
2 4600
2 986
1 1161
3 2143 2254
1 397
2 646
3 4952 4959
1 3574
3 27 472
1 4601
3 2352 4626
3 167 4043
1 4552
3 2905 3937
3 4806 4956
1 3136
1 1773
2 218
1 4871
3 552 4267
1 622
1 4259
3 1556 4960
3 4680 4837
2 2500
1 3144
3 1425 3729
3 328 430
3 3082 4692
3 2293 4643
2 376
2 3674
1 1047
2 4616
3 4132 4789
3 267 2205
1 3923
3 2999 3239
1 514
1 2229
1 2161
3 2908 4146
3 881 2609
2 1194
2 382
3 4212 4908
2 3012
3 1674 4701
1 3043
2 3144
2 1933
3 853 1859
2 4411
1 810
3 386 796
2 4717
3 3515 4064
3 2701 3100
2 3260
2 2997
3 2712 3419
2 2432
1 2731
1 4371
1 1614
2 2641
1 1850
1 3417
2 3408
1 3450
2 812
3 2735 2770
2 2778
2 3914
2 3335
3 4668 4919
1 4213
1 1841
3 4473 4535
1 1869
2 3693
3 3507 4789
1 3465
1 4138
3 4702 4864
1 3264
1 3890
1 1061
2 2502
1 4550
3 2512 3327
2 3815
3 2151 3440
1 1677
3 4208 4941
3 4708 4792
1 1716
1 3124
2 1065
3 710 4134
1 1905
2 2501
3 1209 1251
2 3647
1 802
1 3504
1 4283
2 3791
2 1137
3 1544 2422
1 2734
2 3792
2 626
3 2911 3797
2 2047
3 4603 4732
3 4919 4984
1 640
2 1631
2 1800
1 3811
1 958
1 4325
2 4901
2 1822
2 4083
1 4696
3 1836 4052
3 345 1853
2 1749
1 3999
1 2861
1 4268
2 1000
3 2484 4434
3 538 2704
3 4223 4789
3 3613 4253
2 258
2 1983
3 157 943
1 823
1 3071
3 4383 4572
1 2398
3 741 4057
1 2840
1 748
1 3948
1 1345
3 3290 4227
2 2320
3 155 961
2 2526
1 4857
3 1502 2511
3 4154 4470
1 3479
2 4887
2 1730
1 1240
3 4084 4851
2 378
3 1215 2042
2 3247
3 4032 4266
3 2590 4830
3 4143 4916
1 3151
3 519 1954
3 3686 4689
3 970 2419
2 1335
1 4111
3 3302 3778
2 2449
1 2025
1 1114
3 3130 3707
1 3641
1 4787
1 2463
3 3821 4179
3 777 4947
3 108 4762
3 1254 2562
2 3145
1 446
3 1397 2026
1 4504
1 1397
2 980
2 2621
1 1919
1 4429
1 154
1 16
1 4191
2 1568
1 4009
3 324 2444
1 2560
1 1136
2 4929
3 3781 3903
1 2502
1 3964
1 615
3 3459 3579
1 2198
3 509 3977
2 4294
3 1969 2219
1 4463
2 529
1 4067
2 195
2 2075
1 1584
1 3442
3 1743 4178
3 2689 3019
2 4695
3 1397 4120
1 1255
2 3188
3 2983 4430
1 1008
3 1267 3194
3 3762 4106
1 2649
2 2402
1 2183
3 584 4537
3 2238 3035
2 3005
2 4924
2 1569
1 3912
1 2433
2 2780
3 954 1313
2 976
2 3087
3 1447 2741
3 3063 4232
3 1902 2519
2 4624
3 3288 3389
1 4989
3 4647 4910
3 4147 4444
3 3946 4382
2 3872
3 844 4691
3 3910 4595
3 2868 3129
1 4955
3 3540 4965
3 2065 2588
3 782 1543
3 3073 4407
1 2421
1 3946
1 794
2 3214
3 294 4874
3 3988 4125
3 2116 4262
2 153
1 1803
1 1167
2 462
2 135
2 304
2 1923
2 2534
2 249
1 3296
3 3875 4936
2 1150
1 2486
1 2876
1 1262
3 149 4739
2 1406
1 2743
3 4903 4982
2 4380
1 1238
3 1796 4030
3 2750 3509
2 2103
1 3995
2 4465
2 1255
2 1204
3 3198 3779
3 360 1687
2 3604
1 1863
2 3166
1 2904
3 1925 3129
2 2773
3 3706 3737
3 1067 2163
2 4990
3 3590 3673
3 1662 4373
3 1787 2954
3 4366 4642
2 3618
3 3998 4155
1 4100
2 4535
2 4966
2 153
2 1679
1 3430
1 4275
3 2059 4894
1 2620
1 4006
3 4039 4162
2 363
1 4704
3 193 646
1 3609
3 23 3209
3 496 1814
3 361 4809
3 4199 4652
2 1767
2 1682
2 3794
2 2105
2 1273
2 4771
3 2599 3748
3 2440 4206
3 1776 2994
2 2993
1 1351
2 3180
1 991
2 1534
3 4898 4917
2 425
3 1582 3899
2 2388
2 854
2 2048
3 464 2224
3 1076 2744
1 4087
3 4 1091
3 4185 4623
2 4531
1 4871
3 733 4765
3 649 2663
1 1277
3 2466 4982
3 4787 4877
3 1842 3817
1 3669
2 1545
1 2862
3 1990 3669
1 103
2 1350
1 2571
1 3473
2 4736
2 2081
2 3587
2 3026
2 1667
1 540
1 3161
1 685
2 2531
3 1524 4879
2 3539
1 3071
2 4481
2 2495
2 1556
2 2290
2 4961
1 1792
1 185
2 2453
2 13
1 1446
1 3164
3 815 4005
3 4670 4698
1 1897
3 4317 4789
1 4224
2 2320
1 2593
3 1933 3854
1 520
1 3177
1 2454
3 2534 3081
2 3846
1 3169
2 4447
1 4962
1 450
3 574 4382
1 3573
1 1313
2 147
2 2270
3 3488 4659
3 511 4498
1 916
2 2948
1 4348
2 1751
3 275 1374
1 4507
2 576
2 3285
1 4966
1 4293
1 3141
2 3162
1 2245
1 44
1 1177
2 432
3 1307 4564
1 367
3 4020 4328
2 3580
2 170
2 3338
1 3910
3 1795 1818
3 1539 1900
1 1588
3 2954 3137
1 777
3 3547 3771
3 4342 4556
3 1630 3195
1 4970
3 2169 2605
2 62
3 4241 4819
2 1983
3 4916 4976
2 2377
3 1260 2151
3 3428 4371
2 4231
2 1140
3 4576 4702
2 818
2 11
3 62 2577
2 2608
3 1019 3590
1 4177
2 3066
1 6
1 388
3 4861 4953
1 3198
1 967
1 4860
2 2869
2 2829
3 151 328
2 1763
1 4588
2 2598
1 1077
3 948 1049
2 1433
3 3886 4396
3 1907 2598
2 2584
2 1366
2 4409
3 357 1600
3 1849 3956
3 2675 3607
2 2676
2 3833
2 4889
2 4329
3 550 2694
2 533
3 2935 3394
2 3310
3 2868 2904
3 3130 4486
1 1045
1 2018
3 809 1429
1 1141
2 1553
3 3916 4626
1 3683
2 4852
2 2938
1 1605
3 1710 1727
1 3077
2 1846
1 4394
2 1642
2 139
3 2636 4866
1 2601
1 3856
3 4144 4263
2 2883
2 2120
2 3120
1 348
2 1957
3 2658 4372
1 4444
3 942 4984
2 4433
1 2261
2 4805
2 846
1 1375
3 4592 4801
1 4368
1 2758
2 2874
3 145 3871
2 3645
2 1108
1 2067
2 1663
1 2193
3 2615 4447
3 1804 3698
2 3610
3 309 3748
2 4813
3 1755 3083
2 4704
2 2483
1 3558
1 4226
3 994 2002
2 3765
3 4138 4291
1 2999
3 2251 3825
3 596 3063
1 1332
2 2327
2 4570
2 1552
1 2357
2 4729
1 3784
3 3659 4910
1 3237
1 4303
1 1215
1 3717
2 2669
3 3152 3367
1 4788
1 2092
1 2116
2 971
3 4648 4811
1 81
1 2109
3 2622 4865
2 3070
3 1569 2933
1 1006
3 2340 4438
2 2793
1 1224
2 4808
2 940
3 635 2907
3 441 2186
3 1491 2768
3 3191 3935
3 1933 4559
3 70 2098
1 812
2 1083
3 1040 4787
1 4819
3 4487 4792
3 4434 4553
3 1239 4225
2 1615
3 832 998
3 4750 4917
2 177
1 2658
1 4053
3 4328 4586
1 2476
3 1852 2126
1 3283
3 364 4461
2 1007
2 2860
3 942 3461
3 326 4292
2 3275
3 3029 3362
1 3231
2 3104
2 1105
3 3315 4912
3 3996 4130
1 4084
3 1376 2168
3 4219 4234
3 2688 4415
3 2399 3046
3 3523 3714
2 2132
2 1469
3 2680 4917
3 644 4709
2 4053
3 2537 2796
1 2894
3 2966 3734
2 4233
2 2826
1 139
2 3271
3 607 617
2 1005
2 4599
2 4267
3 4663 4827
2 2904
1 75
2 4570
3 321 3900
2 3469
2 1944
3 2787 4010
1 700
1 2063
3 72 931
1 3138
2 1137
2 3572
1 2456
2 1187
3 3396 4145
1 4144
1 1914
2 1508
2 1167
1 1097
2 1520
1 3559
1 2141
3 1500 2119
1 933
3 4434 4867
3 2026 2051
1 530
3 2767 4245
3 1926 4239
2 682
1 3432
1 2476
1 1554
1 581
1 2883
2 1316
2 115
2 556
3 4041 4958
2 2934
1 3975
3 3270 3552
2 207
2 4357
1 1607
1 895
3 2050 2324
3 3503 4497
1 196
3 1662 3286
2 4723
2 1477
2 3979
1 4063
3 2501 3908
3 4827 4954
3 3796 3870
3 1582 4945
3 1960 2614
2 947
2 2154
1 2540
3 558 1491
2 1203
3 3302 3531
3 3546 4994
2 29
2 1932
2 1324
3 1656 4231
1 300
3 4837 4995
3 4157 4274
1 1613
1 2554
1 702
2 61
3 1478 4794
3 3133 4145
3 3149 3927
2 2221
2 1959
3 2599 3903
3 4957 4965
2 3553
2 3932
1 3168
1 2331
2 4977
1 1740
2 1065
3 4865 4920
3 3681 4579
2 3596
3 3820 4272
2 2083
2 1393
3 239 4767
1 1314
3 1820 2737
2 4807
1 4472
2 1034
2 1480
3 3335 3386
2 4607
1 4669
2 3048
3 1602 2238
1 4730
1 1245
1 3955
2 1655
2 3616
1 3842
1 4693
3 3986 4349
2 3597
3 149 4517
3 2385 4819
2 3072
2 3733
3 4595 4945
3 2114 4692
2 977
1 1624
2 2006
1 4344
3 719 4575
3 4825 4856
3 3008 4004
2 4200
2 849
3 4957 4995
2 1973
3 3340 3949
2 2223
2 1151
1 2712
3 1448 3148
2 2075
3 4240 4323
3 4106 4493
2 2328
3 862 1812
2 1526
1 2027
1 1955
3 4697 4949
3 3074 4914
2 4945
2 1288
3 335 903
1 3199
1 634
2 536
1 3858
3 2727 4491
2 2405
3 141 4028
3 1094 2265
1 2377
1 641
2 1429
3 1977 4149
2 2766
1 576
1 2486
2 3338
2 4277
2 2109
2 2045
3 754 904
2 2944
1 1671
3 3889 4563
2 3678
2 3399
3 2723 4095
2 3010
3 4900 4935
1 879
3 4708 4744
2 1614
3 2346 4398
1 1898
3 1580 2322
1 2972
2 2499
2 4007
3 3347 4969
1 1840
2 328
2 2952
2 650
2 4391
3 318 4424
3 3827 4935
1 4983
2 2317
2 1159
2 4128
1 820
3 3794 4297
3 1053 1727
2 623
3 426 1166
3 4343 4503
3 3113 3836
2 4605
1 1957
1 1042
1 2298
3 1757 2085
3 580 4148
2 3982
1 1120
2 1878
1 599
2 3217
2 2732
1 3637
2 2543
3 1265 4863
2 3423
1 3097
3 1402 1537
1 2210
3 1175 4542
3 3778 4934
2 3357
1 3298
2 1648
2 3077
3 3283 4457
2 380
2 2511
2 1395
3 2382 4765
3 1078 1399
2 2861
3 1950 4362
2 2910
1 2471
2 298
1 2854
2 739
1 4548
1 892
2 2015
1 3667
3 4428 4861
2 3766
3 1960 4916
3 2514 4907
1 379
3 212 3596
1 1289
2 2868
1 2137
1 1889
1 3589
1 1037
1 2007
2 2285
3 1611 1903
3 3572 4657
3 1147 3754
2 2350
3 1070 2358
1 1887
3 3663 4365
1 277
3 3965 4324
1 3307
1 3956
3 2844 3099
1 3059
3 2327 2999
2 2352
3 1531 4021
2 2818
3 538 4122
2 2451
1 1956
2 995
1 2570
1 2610
3 4933 4984
1 1824
1 1659
1 4051
1 1382
1 1186
3 1111 2099
2 4448
2 965
1 1764
2 3550
3 1972 4016
2 4501
3 4451 4647
1 2131
1 1277
2 1252
3 4431 4683
1 2045
2 3047
2 843
1 2190
1 1964
1 2536
1 3701
3 3139 3881
2 732
1 948
3 2598 3578
3 869 4991
1 521
3 1613 4417
2 4093
2 3224
2 709
3 1379 1499
3 3071 4416
3 294 3577
1 4324
3 1481 2854
1 4948
3 2675 4579
3 2169 3405
1 1378
1 2645
2 985
3 1539 3474
1 3270
1 3122
3 855 1727
3 4222 4678
1 492
2 1662
1 1220
2 3633
3 3471 4625
1 2599
1 630
2 3456
3 115 4255
1 2776
1 1028
1 4082
3 1740 2473
1 674
1 1208
1 4846
1 1456
3 121 2165
1 3494
1 284
1 3314
2 157
1 915
1 3499
3 3981 4012
2 4719
2 1608
1 2566
3 4292 4976
1 1388
2 3288
3 4885 4970
1 1889
3 989 4382
1 2377
2 35
2 3474
1 2247
1 1921
1 731
3 225 941
3 2987 3462
3 2879 2994
1 1236
1 4123
2 437
1 4364
2 3333
2 4743
2 4136
2 14
1 4712
3 1566 2239
3 1861 3477
1 1549
2 458
3 786 1270
1 536
2 3052
3 1217 2056
3 2090 2907
1 1345
1 2039
1 1027
3 2054 3674
3 4649 4947
2 3441
3 1970 2083
2 4899
1 1277
3 1539 3164
3 608 4121
2 2515
2 1939
3 880 4336
1 520
1 2253
2 4409
1 4638
2 1902
3 246 1719
3 3171 3483
1 2614
1 843
2 1012
3 3570 4284
3 2446 4777
2 1398
1 3655
3 2000 3353
1 1775
3 606 3737
2 4588
3 2180 3737
2 2288
2 1568
1 1322
1 2670
2 1070
1 3615
1 855
3 2441 3436
3 705 1633
2 784
1 3174
1 4205
2 729
2 4242
2 2335
2 1239
1 3239
2 1883
1 3150
3 4335 4569
2 3949
3 3445 4818
3 83 1367
1 2815
3 3749 3793
1 1824
3 1756 3341
3 1507 4708
1 1790
1 2154
1 1580
1 1307
2 4023
1 1491
1 3018
3 4496 4806
1 4439
3 4494 4746
3 4225 4938
1 4434
3 2541 4166
1 2374
3 3139 4275
3 607 1634
3 886 1138
2 2533
3 280 3719
1 327
3 3079 3810
3 544 1764
2 1765
3 14 844
3 2719 4135
1 3802
3 4051 4262
2 2351
2 2491
1 2759
1 3691
1 2500
1 1399
2 1959
2 3733
1 3809
1 4436
1 4885
1 2853
2 1270
1 92
3 3864 4969
2 4784
3 427 2530
2 3457
3 4641 4753
3 2552 4669
1 3894
2 1790
1 3532
3 1666 3365
3 4284 4594
2 2173
3 2572 3413
3 4599 4942
2 1214
1 4668
3 4362 4446
2 2565
1 1700
3 3487 4456
1 4260
1 854
1 652
1 1849
1 705
1 2190
1 2832
3 1977 3425
3 2769 4470
2 1005
1 4059
2 2486
2 648
2 4640
3 4873 4983
2 1818
3 2551 3765
2 699
1 1381
3 4110 4854
3 704 869
3 783 4455
1 1358
2 4699
2 2040
1 1621
1 124
1 3945
2 1669
3 2605 3612
1 3666
2 4211
1 2189
3 289 1342
3 3455 4493
3 1534 4705
1 2056
2 1351
3 1087 1385
1 2989
2 3315
2 902
2 3052
3 2407 4131
3 236 2307
1 3150
2 958
1 3570
1 1819
3 2342 4173
3 1250 3704
3 2257 3285
1 2903
3 2589 3910
3 1100 1883
3 4856 4914
2 2660
3 657 4642
3 2062 2177
3 3211 3854
3 343 3889
2 1683
2 657
2 3151
2 2442
2 4058
1 2711
1 1540
3 3283 4302
1 931
2 1906
3 2999 4677
2 1640
1 440
3 4525 4749
1 1618
2 3262
3 877 1553
2 2990
3 3613 4176
1 3227
3 1596 4548
3 1833 3416
1 2960
3 316 2441
3 4697 4919
1 43
2 2536
2 1678
3 3703 4136
2 521
1 2303
2 356
3 3201 3681
2 3593
2 3750
3 411 3311
1 3415
2 259
3 4430 4644
2 370
3 1733 3016
2 1683
2 2045
1 32
1 3444
2 2754
3 420 3676
3 1520 2846
1 1960
2 484
3 2882 3916
3 2360 3356
3 4809 4832
3 2458 3831
1 3683
3 3047 4457
1 3012
2 2138
2 1587
2 2713
3 207 4716
2 2089
1 5
2 1440
1 3135
2 3614
3 2254 4480
1 2089
2 1951
3 3652 4294
2 1789
3 2557 3515
1 866
2 1320
1 2812
1 958
1 4647
3 1736 4074
2 3675
2 424
2 2472
2 2662
3 1567 3585
3 64 743
3 1263 3345
3 1140 2848
1 595
3 2701 4266
2 3620
3 295 1389
2 2084
1 1642
3 4887 4978
3 2470 4680
2 627
3 4432 4821
1 4870
1 762
1 739
1 468
1 3488
3 3417 3511
2 1737
2 1344
2 4550
1 225
2 3893
3 1426 4737
3 326 3620
1 3659
1 1826
3 58 1533
3 3921 4513
1 2627
1 3114
3 1003 4813
1 1792
1 3750
2 174
3 4646 4974
2 4433
1 4955
3 3819 4727
2 1313
1 2482
1 2491
2 3459
1 1277
1 1446
1 784
2 2509
1 1611
2 235
1 2030
3 191 3194
2 626
1 348
3 3296 4995
3 3437 4616
2 1913
3 2025 4859
2 3602
3 4954 4988
3 232 341
3 2560 4407
1 1493
3 881 4352
3 4761 4780
2 1948
1 4302
3 487 2624
3 2699 4806
1 3446
2 2720
1 2108
1 362
2 3154
1 729
1 2358
2 97
3 1524 4647
3 397 3933
1 1086
1 464
2 1921
2 2774
2 327
3 456 2496
2 1601
2 4953
1 4604
2 4791
3 3266 4852
2 4893
3 3026 3685
3 3507 4827
2 2551
3 24 4203
1 602
2 2175
3 829 2682
3 3838 4842
2 3450
2 4050
3 4946 4974
1 1817
1 4447
1 4617
3 3458 4884
3 3148 4381
3 658 4562
3 368 4496
3 1589 3452
1 155
1 3651
3 1243 4212
2 1919
3 4998 5000
1 4230
2 4732
2 3123
1 4769
2 1876
2 1741
3 421 2346
2 1619
3 4587 4646
2 3118
1 1792
2 2392
1 763
3 294 2127
2 1219
1 2453
3 1118 1458
3 1822 3395
1 2182
1 3944
1 2713
2 1163
3 3525 3978
2 1513
3 4287 4288
3 3039 4342
2 198
1 4639
2 388
2 2383
1 4625
1 2104
2 4748
2 1922
3 1741 2007
3 3064 3308
2 967
1 4502
1 4061
1 3712
1 4630
2 3298
1 1380
3 2821 4135
2 2769
1 3297
3 3829 4297
3 2215 2749
1 833
1 4488
1 3065
2 1743
3 1243 3433
1 815
3 2322 4870
3 1553 2298
3 1269 3404
3 910 3185
1 4672
3 1903 4234
3 4594 4698
2 1119
3 3971 4325
3 2348 3378
2 2589
2 3829
2 303
1 4654
2 1726
2 3520
3 4487 4790
3 148 2198
2 4030
1 3954
3 532 3396
1 3041
2 4643
3 3876 3882
3 3821 3849
1 1314
2 1036
3 2648 3364
1 2879
1 768
1 4776
2 2721
1 822
2 3894
3 1326 1746
1 4748
2 952
2 4269
3 3509 3590
1 2801
2 2017
3 3810 4416
2 4477
2 1559
1 4986
2 4382
3 1484 2233
1 2961
3 590 3462
1 3021
3 3324 4425
1 1038
3 2759 3836
2 2414
1 1505
2 3047
3 2034 3388
3 3627 3688
1 2518
3 1051 1811
2 4526
3 2454 3989
1 1529
2 4452
3 3290 4276
3 3718 4719
1 4667
1 272
1 4351
2 263
2 4939
1 3709
2 3715
3 4874 4948
3 1433 2525
3 4713 4871
2 2213
3 4888 4913
3 3472 4056
1 4936
3 4967 4994
1 2654
3 3523 4683
3 4829 4964
1 3357
3 2010 4619
1 3163
3 4958 4973
1 4678
3 2605 2666
2 4083
1 2461
2 3832
1 3651
1 3979
1 4731
1 2625
2 520
3 2148 3738
3 4102 4960
1 3047
3 338 4206
1 3208
1 188
2 1696
3 2767 3225
2 850
1 4491
1 3210
2 3482
2 1775
1 1627
3 1166 1565
3 4337 4568
2 825
3 3236 3252
2 4261
2 359
2 3626
1 2609
3 4339 4358
2 1794
1 41
3 1037 4318
3 941 1069
3 478 865
2 4817
1 3213
2 1266
1 3569
1 1120
3 1790 2005
1 4573
3 1769 3112
3 4827 4844
3 3692 3895
2 2631
3 391 4926
1 1050
1 480
2 1032
3 600 774
2 4556
1 544
2 806
3 4381 4604
3 2360 4396
2 924
3 1899 3571
3 2339 4767
1 4741
1 995
3 2613 4094
1 2929
1 1774
1 4701
3 2627 4028
2 3198
1 3696
3 1916 3189
2 1203
3 2934 4584
1 24
3 4914 4921
1 3461
1 175
1 1408
2 111
3 281 4626
1 1460
3 4313 4623
3 553 1011
1 3377
2 1176
1 169
2 3280
2 1060
3 4012 4538
1 2525
3 4083 4428
2 2337
1 3185
1 473
3 1199 3957
2 3153
2 4103
1 3546
3 2543 3163
3 3099 3949
1 3259
3 220 800
1 2728
2 1355
1 305
1 1521
2 3922
2 4815
2 1054
1 325
3 4228 4283
2 2139
1 1354
3 2452 3698
3 4774 4879
2 2364
2 2191
2 795
3 3410 3411
3 475 4490
1 3938
1 1354
3 152 2927
3 2962 4651
1 1105
1 1796
3 123 4603
2 2364
3 1726 2389
2 143
2 4542
2 1705
3 1511 2257
1 2991
3 1403 1513
2 2910
1 1894
2 3570
2 2162
1 3007
2 82
2 4300
1 4141
1 424
3 4018 4759
1 4850
1 3098
2 1757
2 403
2 3143
2 519
1 4531
1 4312
2 1270
1 1081
2 1481
2 3207
3 523 4541
1 1123
2 3162
2 4228
3 4257 4288
1 1578
2 1991
3 2409 3235
3 4470 4687
3 3996 4990
2 4401
1 3826
2 2682
2 4342
1 2058
3 31 3741
3 4250 4930
3 2240 2404
3 4527 4594
3 4221 4658
2 2811
2 4418
1 2387
1 1476
3 11 4970
1 789
1 4296
1 3353
2 2266
2 4534
3 4699 4851
3 3589 3713
1 4740
3 3161 3345
2 1818
2 3843
1 4418
2 2841
2 531
2 3275
3 441 4442
2 267
2 914
3 4075 4798
3 3437 3754
3 4108 4549
1 1405
3 4460 4839
2 4533
1 4910
3 3630 4580
3 3111 4243
3 4068 4679
2 176
1 2536
1 4718
3 3551 4129
3 3529 5000
1 1776
2 1079
1 1485
3 3925 4120
3 909 1024
2 3760
1 2907
3 2717 4774
3 3774 4158
2 2464
3 2693 3474
3 3642 4924
2 4279
1 1966
3 2047 3400
1 3307
3 1243 2347
2 727
2 4698
1 2859
3 3207 4292
3 2782 2902
2 772
2 2894
1 3411
3 4595 4994
1 4421
2 3957
2 4332
3 1067 3628
1 2
1 781
3 2858 3646
2 2057
1 689
3 4429 4633
2 1584
1 4154
1 2569
1 3777
2 159
3 4974 4999
3 2704 3339
3 1772 3452
2 2077
1 2054
1 2536
1 1051
2 3603
1 2612
3 4113 4417
2 954
3 1417 2278
2 1481
1 4974
3 2566 4912
1 2558
3 2793 4706
3 764 937
2 4833
1 2543
2 4258
3 4930 4988
1 3185
2 3417
2 52
2 929
3 2663 4605
1 1299
1 3312
3 2966 4067
1 4287
3 2072 2629
1 1639
3 4865 4919
2 1115
2 4734
2 1493
1 4206
1 4635
2 328
1 4171
1 1199
3 1111 4460
3 2793 3500
2 1764
2 1109
2 121
1 2026
3 551 4354
3 1539 2396
2 3660
3 4580 4874
3 2199 3118
1 2841
3 1810 2325
2 1870
3 2582 4123
3 1762 3453
1 3432
2 831
2 394
3 3534 4235
2 665
2 3489
1 4384
3 1644 3200
2 1526
3 2722 2795
3 1857 3572
2 876
3 1147 4806
2 4188
2 4879
3 4943 4987
1 1197
1 1439
3 2044 3520
2 1574
3 988 4613
1 1386
3 4073 4694
2 3759
3 2723 3432
1 3584
2 1305
2 3383
3 1534 4940
3 2866 3364
3 3664 3948
3 1067 1509
3 2742 4867
2 2344
3 3171 4131
3 3539 3681
2 3886
3 3853 4445
1 1904
3 2677 4618
3 4437 4985
2 4298
1 707
2 2530
2 150
1 423
1 2348
1 4951
1 2609
3 916 1408
2 680
1 4474
1 1076
1 2802
3 838 4969
1 588
2 651
2 4479
3 2772 4056
3 777 2449
3 3956 4670
2 1017
2 3462
3 3911 4254
3 1545 2676
1 1877
1 392
2 4982
3 2945 3055
1 2310
2 4623
2 1477
1 1551
3 1902 2337
2 4100
1 3739
3 1547 2889
1 272
1 3034
2 514
2 291
2 4157
3 1739 2074
1 3702
3 4995 4996
3 1807 3646
2 2616
1 3717
1 1202
2 1291
3 3263 3477
2 697
1 4139
1 4372
1 3934
2 411
3 2543 3947
2 3486
1 1530
3 1362 4636
1 3964
2 221
1 1231
1 602
2 103
2 277
2 2561
2 2264
1 2355
2 417
1 2705
2 4788
3 1934 3911
1 4768
3 1562 4170
3 1100 4862
2 3700
1 4232
3 3037 4749
2 3838
2 4298
2 2778
1 1738
1 232
1 4012
1 941
1 2342
3 1787 2099
2 3992
2 3657
2 1235
3 166 839
2 152
1 736
3 2140 4190
3 4682 4817
1 4769
1 1624
1 4532
1 1488
2 4000
3 3299 3952
2 805
1 4566
2 3397
2 170
1 4762
2 3530
1 29
3 1899 2619
1 776
3 3734 4971
3 4180 4970
1 2492
3 4449 4491
2 1285
2 2084
1 626
3 4679 4991
1 4349
3 1994 3322
1 132
2 683
1 3438
3 2412 2825
2 4282
2 1205
3 1403 2233
3 3415 4269
2 4756
1 1829
3 3948 4213
2 3377
3 2690 3695
3 3573 4795
2 1381
1 777
1 1214
3 414 1266
2 413
1 3498
1 1091
1 3537
3 2241 3767
3 1366 3297
1 4855
1 1153
1 2734
3 4378 4688
1 1512
1 886
1 227
1 576
2 4046
2 3469
1 526
1 4705
1 261
3 235 3783
2 3965
1 2466
3 2245 2836
3 3513 4678
3 2904 3476
3 4900 4935
2 3402
2 2987
3 660 4117
2 2446
3 4324 4524
2 4265
1 1910
1 389
2 145
2 889
3 1955 3893
3 4926 4963
3 1408 1595
1 3114
1 2071
3 1085 1886
2 2329
2 3154
1 518
3 4432 4570
2 4566
3 3446 3474
2 2345
2 3578
3 3269 3843
3 2093 3500
3 1455 1649
3 2269 2375
3 3348 3935
2 516
1 721
3 4570 4852
2 38
3 800 1511
1 4546
3 3111 4606
2 4832
2 3659
3 4263 4540
1 1939
3 2685 4658
3 3388 4717
1 3225
3 2778 4815
3 3312 3501
2 779
1 556
1 4485
2 2066
3 599 3331
2 3038
1 1890
3 3182 4176
3 3708 4962
3 3208 4042
2 2826
3 4493 4779
2 3644
1 2214
1 2405
1 2828
1 349
1 3510
1 3629
3 4683 4950
3 4750 4794
2 2629
3 3727 4701
2 269
3 1499 4823
1 2836
1 4325
2 1980
2 3197
2 2547
1 1990
1 450
1 3759
3 1150 3873
3 2668 3914
3 4252 4332
1 1539
2 906
2 1738
3 3087 4917
2 3307
2 4356
1 411
1 229
3 527 860
2 1877
2 3983
3 4387 4922
3 4173 4914
3 1952 3708
1 4509
1 842
1 715
2 485
1 4518
3 2667 3009
2 4909
1 3308
2 1311
1 182
1 754
1 2755
3 4640 4742
1 3389
2 1133
2 2622
2 844
2 4627
2 4879
2 4779
1 3229
1 2465
2 2732
2 4780
2 2948
1 2969
2 4677
2 3080
3 1297 3890
2 2532
3 2424 3329
2 4445
3 802 2886
1 1292
3 1347 2028
3 4156 4200
2 1406
2 4678
3 2985 4835
1 455
1 1614
1 2140
2 3038
1 1096
2 1283
2 915
3 805 1265
2 2078
2 189
2 1786
3 735 1549
2 841
3 588 2663
1 424
3 126 3355
1 3503
1 3237
1 3787
1 3068
1 2259
1 3947
2 1824
1 699
3 2631 4018
3 2166 3052
2 796
2 2404
1 2343
2 2816
3 2535 4846
3 2109 3192
3 195 1444
3 2013 2061
2 1352
1 576
3 4110 4243
2 4832
3 818 4718
3 4281 4470
3 3458 4293
1 1354
3 1409 3965
2 3012
2 3359
3 3708 4129
2 278
2 1727
2 2530
1 53
2 1810
2 1821
3 3057 4391
2 4049
2 1174
2 4300
1 18
3 1685 1825
1 2920
2 174
1 4813
2 1157
2 1176
3 1970 2296
3 3699 4102
2 1849
1 2292
2 4470
2 4578
1 946
3 3915 4865
2 874
3 4346 4793
3 4594 4812
1 3044
1 236
3 1024 1894
2 4576
2 409
2 3534
1 4337
2 3450
1 3013
1 2492
1 2162
2 13
2 4056
2 3309
1 597
1 1739
3 1108 4667
2 2514
1 3878
2 764
2 3726
1 4179
2 1812
1 3268
2 2817
3 2815 3727
2 4763
2 357
2 2910
3 3792 4881
2 1391
2 1762
1 3697
1 4344
3 618 3828
1 2703
1 1641
1 410
3 914 3853
2 3658
3 3221 3841
3 1064 2899
2 3867
1 3284
2 4095
3 3462 3817
3 719 1574
3 4074 4407
2 1869
1 3430
1 4580
3 1066 3226
2 535
2 4284
1 510
3 3953 4370
1 4724
3 3226 4893
3 2743 4702
3 3698 3945
2 2990
3 2670 4410
1 1435
3 1466 3728
3 1172 1660
3 3679 4535
1 4677
3 3584 3850
3 1459 2501
2 2054
3 1886 3238
1 1057
3 3360 4427
2 3673
1 3136
1 3794
2 4094
1 3515
1 1680
1 1173
3 960 1257
1 2314
3 2365 4459
1 4664
3 2623 4194
2 4903
1 4137
3 2593 4927
2 4242
3 56 3879
3 4165 4249
3 1833 1954
2 3678
1 2287
1 260
1 4764
2 654
1 4354
3 4875 4979
3 2337 4176
2 2771
3 1788 3249
2 3238
3 122 4505
2 702
2 2145
2 2942
3 4525 4994
1 4652
3 256 1292
2 984
2 2964
1 3604
2 792
3 1026 4102
2 363
3 513 4237
3 710 1311
3 3223 4592
1 4198
2 1130
2 4491
3 4204 4806
3 2625 3392
1 4559
3 1818 4603
1 2701
1 1119
3 3052 4227
3 2015 2756
1 2982
2 2428
3 3059 4929
3 669 4344
1 4969
1 601
3 1700 3951
1 226
1 2868
2 3688
1 62
1 2497
1 1048
3 2656 3160
3 2434 2650
1 1750
3 4591 4999
2 1199
1 2274
3 2109 4717
2 17
1 2692
3 3584 3771
3 3816 4220
2 3527
2 3407
3 1913 4639
2 4294
1 2135
2 752
1 733
1 4190
3 230 2893
2 2710
1 1253
3 3322 3974
2 1534
1 288
3 1816 3031
2 4871
1 3892
1 2670
1 1377
3 2996 3297
2 1573
1 2931
2 3501
1 3832
3 546 1081
2 2891
1 3716
2 4227
1 2674
3 3911 3916
2 2706
2 4365
1 1202
1 4314
1 3249
2 753
2 1712
1 2870
3 4976 4980
3 3376 4454
1 1841
2 13
3 4016 4196
2 502
3 4782 4786
1 3225
2 4644
2 2187
1 2549
1 949
2 2911
3 529 1675
2 700
3 83 1612
1 1959
1 2366
3 4418 4934
1 452
1 3146
1 436
3 4852 4888
2 3907
3 4322 4645
3 3457 4184
2 318
1 3459
3 165 1472
2 1032
3 4168 4190
2 4201
2 757
3 1696 3618
1 1195
1 3353
1 223
1 1319
2 167
3 4890 4932
1 1914
3 3869 4046
2 4012
1 3748
1 2838
3 2777 4093
1 3769
2 1016
1 4344
2 3818
2 1267
3 685 2390
2 3633
1 511
2 1805
1 3741
1 2694
1 3195
3 692 4741
1 4188
2 1876
1 4454
2 2056
2 4741
3 2497 3387
1 2095
3 4670 4924
2 4697
2 2547
2 2187
2 151
1 4870
2 3140
2 3017
1 4668
3 1015 1277
1 683
3 4230 4861
3 4115 4901
2 2348
3 872 2699
3 4901 4907
1 3959
1 761
1 1634
1 29
1 4837
2 2563
1 3306
3 3308 4846
1 3103
3 4120 4478
2 4913
2 2414
3 4511 4728
2 647
2 3590
1 2773
1 2753
2 3738
1 2282
3 2738 4270
1 3946
3 2976 4026
3 4558 4589
1 2439
1 4911
2 1239
3 1291 1674
2 1349
3 2660 4171
3 3132 3928
3 4639 4877
3 2172 3666
2 3742
3 2331 3551
2 2351
3 4085 4310
1 1849
2 483
1 4221
2 1156
3 1754 3647
1 2964
2 1737
2 2305
2 2185
2 4477
2 4147
3 3813 4588
2 2804
2 787
2 364
1 2308
1 3540
1 4592
1 4289
1 1888
2 4778
1 977
1 1565
2 3641
2 1928
3 1829 2711
3 1472 1858
2 2987
2 696
1 2235
3 1617 2476
2 1102
3 3236 3923
3 4059 4850
2 1229
1 2042
2 933
3 1659 4394
2 4639
2 2334
1 4628
2 4512
2 4624
1 2988
3 736 755
2 4505
1 2377
2 68
2 2377
2 3652
1 2249
3 2855 4358
2 2925
2 3031
2 1032
2 2672
2 2427
3 3713 4766
1 3887
2 4871
3 3923 4766
3 2472 2481
2 3976
3 3062 3601
1 1051
2 2789
2 3749
3 2493 3088
2 3045
3 1668 1973
3 4456 4814
1 2662
3 4929 4973
2 2643
1 1680
2 4634
2 2791
2 3116
3 666 4935
1 1151
3 20 4461
2 1206
2 96
1 1532
3 2243 3467
1 2942
2 1267
1 582
1 1848
1 4015
3 2736 4734
1 1003
1 1879
3 913 2111
2 3583
1 1397
2 199
3 1175 2562
3 3842 4010
2 2738
1 2275
2 3886
1 4453
1 1961
2 4702
1 1180
1 659
3 41 829
2 618
3 4434 4869
1 3539
2 2471
1 2240
2 1751
3 1139 3220
2 2162
3 1828 4535
2 2566
3 1228 1506
1 2283
1 326
1 665
3 2128 2727
2 3794
1 2527
2 2073
1 153
3 1070 4521
1 3159
3 2137 3716
2 1809
2 3619
1 3073
3 2409 2787
3 546 3923
3 601 3006
2 1956
3 2325 4560
1 3832
1 3697
1 4700
2 317
2 2118
1 4524
2 4743
1 1123
2 1657
3 4495 4921
1 4596
3 934 4250
2 352
2 943
2 238
1 2350
3 4136 4681
1 1206
3 1144 4151
3 654 1178
1 2083
3 694 3302
1 1748
2 4593
2 331
2 2222
3 4335 4378
1 3671
2 4861
3 1120 2449
2 3420
1 952
1 3546
1 2907
1 2455
2 1462
2 790
3 4911 4925
2 4379
3 4793 4881
3 1915 4327
2 1650
3 1741 3596
1 4981
2 630
1 281
1 1190
1 2495
2 2323
2 1357
3 1016 4252
1 2899
3 2907 2996
1 2011
3 2006 2537
3 2410 4206
2 4761
1 978
3 4639 4729
1 4499
1 2258
1 2173
1 3656
2 610
2 349
3 3180 3429
3 3731 4750
1 3863
1 1251
2 3577
2 3245
1 105
1 4683
1 4072
3 3779 4747
3 920 4669
3 2288 3731
1 394
1 4880
2 1786
1 2055
1 2714
3 3226 4346
3 2690 4511
3 1488 4329
2 2813
2 2219
2 582
3 1543 3625
3 446 3005
3 4003 4684
1 4054
2 1566
3 3449 3801
3 128 4065
3 990 2811
3 3959 4957
2 198
3 75 580
2 604
2 3116
3 2574 4145
1 4838
3 3507 3511
1 3497
2 397
3 1819 3887
1 2773
3 3882 4795
1 2764
2 2648
1 3670
1 1515
1 1660
3 3015 3630
2 3801
2 539
1 4600
3 1603 3545
2 3726
2 4055
3 47 639
2 3658
3 4653 4736
2 4841
2 2858
2 482
1 535
2 1786
3 4512 4966
1 1139
1 4564
3 3701 4972
3 1660 4163
3 4000 4841
2 115
1 2337
3 3104 4181
2 194
1 78
1 66
3 3415 4095
1 1134
2 710
3 651 4923
3 1229 1365
3 21 1076
3 3306 3879
1 515
1 3640
2 1420
3 241 4570
2 4189
1 1630
3 4077 4180
2 3533
1 381
3 4327 4584
3 4545 4831
1 521
2 837
1 1536
3 2365 2737
3 4616 4745
2 2274
1 230
2 1049
2 2261
3 1537 3821
3 1020 1195
1 3249
3 4237 4335
2 4268
1 2740
2 4524
3 3303 3435
2 2720
3 1012 3680
1 3734
2 938
1 3065
3 3590 4215
1 233
1 2671
3 1531 2919
3 2376 3930
1 4502
3 2190 4279
3 402 4501
3 4178 4603
2 1946
3 3549 4248
3 2013 3389
2 3948
3 4044 4180
3 1340 3828
2 2050
1 828
2 2869
3 345 517
1 604
3 4872 4945
1 3442
2 3727
2 2784
3 926 1901
2 4615
2 3485
3 4495 4994
1 3429
1 4135
2 1273
2 768
3 2327 2631
3 2535 4825
2 1413
1 1690
3 3743 4851
2 1821
2 1320
3 2892 4106
1 861
3 3371 4831
3 4526 4898
2 2366
2 3575
1 2672
1 3241
2 84
3 1876 2509
3 3144 3712
3 2387 4665
1 2004
2 982
2 1936
2 703
3 4658 4686
1 800
3 631 2476
1 4305
3 4873 4956
1 2063
1 1408
2 3077
2 1954
1 1696
1 3561
1 634
2 3625
3 3403 4428
3 1502 4413
3 1412 4685
3 4252 4650
3 2135 4008
2 3181
2 3802
2 1247
1 194
2 851
1 3555
2 3930
3 229 3111
1 427
1 1364
3 474 4963
3 2807 4339
2 830
3 1616 3369
1 4276
1 3272
3 4098 4915
2 772
1 1204
2 2199
1 919
1 3117
3 1996 3298
2 4592
2 1149
3 2641 3050
3 3816 4574
3 4855 4899
1 4448
3 4921 4935
2 283
2 3828
2 1665
3 4632 4834
1 2414
1 4671
2 2942
1 2763
1 3406
3 775 3958
2 560
1 3811
1 2124
3 3022 3878
2 145
1 3957
2 464
3 1935 2070
1 2333
3 3775 4859
2 3105
1 4405
3 1101 4874
2 94
3 2558 3762
1 1933
1 687
3 3280 3510
3 2120 4607
3 3436 4606
3 2696 3413
1 3661
1 2729
2 1177
1 4131
1 3353
3 2869 3294
2 2413
1 4108
3 1883 2277
2 542
1 642
2 3539
1 891
2 3058
1 384
2 4667
3 1400 2765
2 1181
1 3548
3 1018 3397
1 3849
2 3508
3 2682 4780
3 1007 4803
1 4152
3 709 3589
1 3340
3 876 2985
3 2675 4532
3 4788 4890
1 3240
2 3235
2 2658
1 3977
1 4630
2 3532
2 1417
3 3770 3895
3 2313 4267
1 1164
3 1409 3799
3 4327 4934
1 3905
2 2490
3 3791 4989
1 2980
1 875
1 586
2 1605
2 3525
2 3338
3 2131 3202
2 2168
1 1114
1 1811
2 1358
2 646
1 2695
3 4085 4289
2 4872
3 26 2744
2 1839
1 2646
2 4788
2 2136
2 656
3 2731 3717
2 663
3 1965 3295
3 3178 4407
2 1202
2 1349
3 3468 4152
3 130 3424
2 4771
3 2930 4279
2 1698
2 2359
2 2067
2 3792
2 4815
2 4797
2 545
2 4596
2 1523
3 4020 4460
1 1447
3 1434 4191
1 3357
3 3001 4752
2 2909
1 4942
1 2749
1 77
2 2778
1 905
2 509
2 4906
1 4713
1 3654
2 3958
3 1678 2544
3 3769 4460
3 1749 2295
1 2554
3 591 4310
1 3407
1 3128
2 4522
3 1731 4999
3 251 4876
2 4477
1 885
1 764
1 2478
3 524 3994
3 641 4931
1 2840
2 2173
1 832
3 2549 3383
3 4960 4996
2 2428
2 1138
2 1905
1 2374
3 1221 2687
1 3891
3 1425 3191
2 878
1 1078
1 1800
3 4540 4961
1 2083
2 1587
1 1284
1 1982
1 3781
3 1920 3163
2 4892
2 1338
1 4726
3 2184 3396
3 3816 4092
3 3144 3284
3 2141 3660
1 445
1 1825
3 3915 4505
3 640 1001
1 3838
1 4308
3 1995 2465
1 3775
3 1873 2925
3 4869 4964
3 4748 4873
2 3778
3 722 3413
3 3647 4375
1 4230
2 231
1 3123
3 3416 3860
3 3206 4573
3 3230 4868
1 2032
2 2842
3 2 605
1 3813
1 2817
2 3329
3 1170 1293
2 193
1 3154
1 1134
1 208
1 3030
2 4826
3 908 2273
1 1053
3 3231 4678
1 4295
1 1022
2 2660
1 869
3 679 1069
3 2412 4267
1 1861
1 3581
3 830 4015
2 2310
1 1067
2 1050
2 2602
2 1349
1 4517
2 4347
1 3537
1 587
3 3698 4399
3 3045 4914
2 2104
3 3074 4082
2 2065
2 4435
3 3935 4839
1 1679
2 4797
2 917
1 3846
3 1726 1963
1 2453
2 2091
3 1541 1634
3 2722 3878
1 4061
3 1839 4623
3 3836 3910
3 4408 4528
1 4529
3 1982 2675
3 3871 4982
2 1860
1 3206
1 3151
1 2324
1 443
3 546 2022
2 401
1 2067
1 4198
1 119
3 2923 3628
2 4928
2 820
3 2018 2647
1 3304
2 1902
1 493
2 2007
1 3960
3 2422 2783
3 1912 4057
2 4058
1 3619
2 4656
3 4701 4852
2 2695
2 2726
1 4021
1 419
2 566
1 2718
2 3779
2 1559
2 4810
3 3469 3681
3 4432 4995
3 1407 2034
2 304
2 3141
3 1033 1822
3 4254 4992
3 3507 3770
1 4754
3 4216 4630
1 1827
3 2862 4003
2 2594
3 3023 3955
3 4623 4800
1 4225
2 4527
2 4024
2 2255
3 115 3146
3 1288 1775
2 4449
2 2847
1 3620
1 3559
3 3088 4935
3 2223 3136
1 4709
3 4687 4916
2 4236
3 4191 4934
1 2085
2 3163
2 4584
3 3821 3848
2 4027
3 3513 4016
1 1699
3 1726 3137
1 4367
1 868
3 2291 3748
3 1821 2040
3 105 4597
3 685 3707
2 146
2 2963
1 1381
1 1416
2 2529
3 1903 2163
1 502
1 1760
3 1070 3458
1 942
2 1026
3 1758 2481
2 2363
2 1405
2 725
1 4988
3 2113 4462
1 764
1 1093
2 1777
1 1095
1 2873
3 4375 4533
1 2363
1 354
2 2436
2 2900
2 4267
3 1859 2885
3 4625 4650
1 2830
3 2453 2466
1 3557
1 2477
2 104
2 1359
3 2706 3185
3 2122 4019
2 1674
1 1630
3 4124 4170
3 2256 4497
3 1767 2809
2 4784
1 3125
2 3600
2 47
3 2534 3453
2 1092
3 3682 4854
1 3971
1 4990
2 2974
1 380
2 4490
1 4023
1 2173
1 705
3 57 4758
1 3985
1 798
3 2195 3077
3 4520 4689
3 3020 3310
2 4424
3 3328 3676
3 1950 3442
3 310 2260
2 4666
2 2180
1 4449
2 916
1 1820
2 2469
3 4710 4775
3 3129 4582
1 1085
3 249 3069
2 3229
3 745 4652
2 2026
2 3574
1 3949
3 76 3050
1 3104
3 2445 4045
1 231
1 2868
3 1755 4073
2 2573
1 4968
3 4121 4748
2 2015
2 597
3 3088 4950
1 281
3 3092 4139
2 4851
1 3989
2 3240
2 3201
1 4535
2 2250
1 707
3 961 2731
3 4278 4697
2 976
2 643
1 2581
1 4970
2 3855
3 2780 3151
3 4263 4676
3 2293 4361
3 4035 4919
2 571
1 2818
3 208 1033
1 1389
2 3857
2 45
2 4072
1 1448
3 3735 4580
3 4886 4995
3 3349 4429
2 4652
1 3127
1 3779
3 4393 4965
3 1783 3396
2 4566
2 2916
2 2932
1 1423
2 1168
2 4392
2 2003
2 113
3 2957 4887
3 3932 4662
2 2155
1 4572
2 233
3 3233 4258
1 2710
3 1578 3532
1 3861
2 3744
1 318
2 1915
1 2808
1 2675
3 3980 4929
1 3027
1 68
1 132
3 1515 2278
1 4792
2 676
2 4382
1 446
2 2313
3 990 4161
2 4129
2 2393
1 3901
3 4655 4766
1 4740
1 3009
2 4017
3 2951 2994
2 574
2 65
3 3794 4296
3 2326 3940
1 3366
1 1650
1 3308
1 2333
2 2818
1 775
3 3927 4901
2 3959
1 1605
1 3709
2 4957
3 638 4255
1 1452
3 3448 4886
3 333 1707
3 1163 1222
1 3516
2 2615
3 4821 4985
2 910
2 1780
2 1442
3 3864 4851
1 3584
1 488
1 3193
1 1709
3 1371 1956
1 596
2 2630
1 528
2 3878
1 91
2 2043
2 1916
3 2817 3340
2 3635
3 1279 4245
1 3542
2 349
3 4342 4611
2 4964
3 2230 2505
2 87
3 1345 1555
2 2830
2 4578
1 2936
2 480
3 902 1672
2 2115
3 1135 3651
3 171 4212
1 3573
2 3460
3 4556 4931
2 2796
1 194
2 1815
3 4992 4995
1 2839
2 919
1 669
1 687
2 2157
1 686
1 1510
2 2689
1 1560
1 1323
1 2684
3 2798 3024
1 406
1 235
3 2709 3279
1 784
1 4132
1 4176
2 4767
1 2341
3 1899 3228
2 119
2 603
1 3600
3 4582 4809
1 2432
1 3306
1 3499
1 3176
1 2392
3 4936 4971
3 3151 3766
1 2314
1 132
2 161
1 4246
3 1049 1575
1 4728
3 3530 4450
1 2997
1 1125
3 4019 4732
1 3473
2 354
2 3153
2 3736
1 655
3 198 2771
3 637 672
2 4465
2 168
2 550
2 4394
1 4834
3 173 4438
2 1475
3 502 1346
2 4905
1 1979
3 3361 4709
1 359
2 3346
1 4513
1 467
1 2815
2 3333
1 656
3 1013 4119
1 1764
3 2267 2697
3 718 2364
1 1195
1 2452
3 814 1316
2 2056
3 4131 4380
2 3896
2 1891
2 2190
3 3871 4710
2 2584
2 3483
3 230 427
3 3688 4481
1 1762
2 2040
2 2214
3 133 4043
2 3982
2 4623
2 3072
2 1197
2 3347
1 3790
1 987
1 3431
3 3159 3791
2 1194
1 3290
3 4522 4534
3 4462 4874
2 2649
3 1984 4718
2 4213
2 13
1 3901
2 1396
2 3379
3 3613 4975
2 595
3 311 4972
3 182 4551
1 213
3 769 3218
2 4222
1 499
3 2053 3978
1 2096
3 2255 2846
2 1746
1 3412
1 4235
3 923 3535
2 1209
2 3540
1 3899
2 2057
1 1785
3 2549 3320
1 4540
3 2103 3127
3 153 3759
2 3755
2 3604
2 4242
3 10 980
2 4380
1 1899
3 4961 4994
3 3158 4497
2 1165
1 3823
3 3486 4962
2 2233
2 166
3 420 1748
2 1098
1 4109
2 4397
1 4359
2 1312
1 3354
1 4184
1 112
2 603
1 4379
2 4008
2 2044
1 1794
1 4194
3 3596 4229
1 3905
3 116 744
3 361 3375
3 1357 1713
1 4137
2 180
1 694
2 2256
2 1745
3 4353 4396
2 1810
1 3599
1 3757
3 3438 3946
1 3271
3 1662 4731
3 832 4507
1 508
3 2723 3142
1 3353
3 576 2631
3 209 1159
2 3518
3 1149 4185
1 4889
3 4517 4757
1 1249
1 4724
2 1180
3 619 4278
3 4633 4933
1 3560
2 2381
2 1236
3 4590 4964
3 1054 3235
2 2929
2 1104
1 2242
2 1499
3 3915 4657
2 1091
1 4476
2 4545
2 1462
1 4270
2 1449
1 555
3 227 3156
3 2313 3324
2 787
1 16
1 733
1 2784
2 4535
2 3955
3 1724 2991
2 3036
3 1776 2246
1 3427
1 2383
1 613
2 1826
1 3035
2 2642
1 4933
2 472
3 518 3138
3 3985 4105
1 637
3 2162 4546
3 3176 4655
2 2887
2 2488
1 894
2 4486
2 2426
2 1484
1 2416
3 4859 4989
1 323
1 1544
3 1051 3747
1 2259
3 375 3946
3 4894 4966
3 783 2203
2 844
3 2681 4800
1 3820
3 3851 4801
1 3172
2 4985
3 3495 4030
3 4076 4814
1 415
3 204 740
2 2759
2 2623
1 31
2 4156
2 3198
1 750
1 4276
1 760
1 602
1 805
1 132
3 112 480
1 1821
1 1977
2 378
1 4416
3 4725 4971
3 3483 3811
2 3964
2 1967
1 3714
1 42
1 4634
3 1698 2146
2 3264
3 4318 4701
2 3745
3 1997 3840
1 3350
3 3562 4626
3 393 1656
2 2313
1 3379
1 1613
3 788 4624
2 2773
1 4474
3 4308 4980
3 4434 4736
2 2337
1 2475
2 3536
1 2052
2 647
2 4216
1 4741
1 4062
1 4887
2 4401
1 3421
2 2664
2 364
3 3201 3944
3 1146 4323
3 1877 3586
1 1991
2 969
3 3681 3759
2 2634
2 3386
2 2623
2 4085
2 3019
1 3465
2 3507
1 1015
1 1763
3 447 3850
1 2072
2 4173
1 3926
3 3548 3623
2 4585
2 3356
1 4335
2 4465
1 1028
2 3149
3 3960 4053
3 185 269
2 1298
2 4704
1 2143
3 4122 4930
2 2146
2 3689
2 4856
2 3220
1 1603
3 3877 4906
2 959
2 3551
3 4131 4298
2 3018
3 4307 4936
2 1757
2 791
3 4037 4936
3 181 1154
2 1538
3 856 4171
1 4491
1 944
1 4065
2 1187
2 215
3 2720 3398
2 1875
2 2519
3 3872 4976
1 2547
2 589
2 2986
2 2650
1 380
2 400
3 4544 4749
1 3364
1 1833
2 3724
3 3077 3651
2 1295
3 2311 4996
2 3844
1 1138
3 3230 3264
3 1492 1675
3 3214 4238
2 1195
2 3428
3 3555 4045
3 4818 4824
2 1527
2 812
3 3269 3861
2 2941
2 4645
1 1712
3 309 2446
2 2660
3 519 2880
2 1147
3 3879 4114
2 696
1 3112
1 2474
1 189
2 711
3 2556 3767
1 890
3 4342 4922
1 4869
2 1780
2 224
3 3701 4295
2 2680
2 2925
1 529
1 3553
1 3036
2 2494
1 234
2 849
2 2126
2 1988
3 3102 4161
1 4645
2 4289
3 319 1527
3 769 1155
3 842 3906
1 4033
3 3215 4002
2 4070
2 2726
1 3905
3 769 4271
1 920
1 4483
3 3714 4653
3 1528 4751
3 4953 4956
3 1421 3119
1 1012
1 4920
3 340 4809
1 1596
3 2416 3392
2 4676
3 3130 4112
1 4205
1 3780
2 1548
2 3332
3 1211 4572
3 860 4138
1 4900
1 2259
3 1207 4079
3 2600 4568
1 3185
2 3419
1 4827
2 2411
1 2157
1 2088
3 4755 4809
2 4615
1 210
2 2995
3 3544 4417
3 2935 3216
1 2185
3 2458 2822
2 3931
1 4353
2 3625
3 3525 4717
2 249
3 3724 4641
3 3316 4112
1 12
3 4304 4788
2 4832
2 1994
1 1669
2 3028
2 2339
1 3464
2 742
1 3717
1 757
2 1706
1 2003
2 1783
1 3855
2 2136
2 589
1 2891
3 2087 2832
3 1387 4667
3 1115 1300
1 4573
2 4729
1 1042
1 931
3 2659 4130
2 4297
1 2111
2 3814
1 4168
3 1210 1268
1 2404
2 3460
1 826
3 3502 3643
3 991 1101
1 4310
1 3586
3 2979 3720
1 3891
3 1134 2315
2 3627
3 481 2413
3 3032 4221
1 2347
1 3817
2 1879
3 4848 4876
1 3385
1 2677
1 2876
2 572
2 4281
3 2705 4368
2 2918
3 1017 3546
3 3743 4153
2 3924
2 1845
1 1956
2 665
2 4589
3 665 2565
2 668
1 4770
1 1909
1 3952
2 461
1 1855
1 172
2 601
1 3867
3 4677 4689
2 4820
2 4781
3 3204 4010
1 3138
2 4519
1 1588
3 1055 2780
1 3904
3 1374 2509
3 4012 4845
2 3273
1 407
3 3374 4128
3 3688 4376
3 3030 3707
1 4795
1 3579
3 3398 4203
1 4182
3 3691 4826
1 4082
2 2276
3 1102 4275
1 379
2 3915
2 1096
2 4515
2 712
2 3953
3 3587 3712
1 591
3 4236 4923
3 1715 1950
2 3594
2 67
2 3839
2 3780
3 545 3873
2 262
1 1535
3 1681 2483
3 158 3024
2 1749
3 1958 3647
3 3624 4970
1 3798
2 4193
2 3278
2 533
3 4703 4826
2 2871
3 1454 3251
3 2534 3095
2 4807
1 4600
1 2772
1 7
1 2721
2 4613
3 401 3099
2 2370
3 71 3499
3 277 1193
1 1272
2 206
1 2572
2 96
2 4932
3 3346 3900
3 1828 2276
2 4617
2 1004
3 2281 4814
2 3622
3 3940 4516
1 2536
2 1085
2 3489
1 1857
2 391
2 147
3 2272 3751
2 2809
2 4532
1 1940
2 4657
1 3209
1 1638
1 2390
3 1501 3313
2 4614
2 3475
1 947
2 2014
2 4787
2 4514
3 1464 4406
3 3716 4745
3 4655 4689
2 2181
3 1263 1693
3 4233 4623
1 3745
1 505
2 2223
1 4764
2 4877
3 2731 3296
2 2606
3 1267 1500
1 2829
1 2800
3 1251 4855
1 4895
2 2616
1 3061
1 4246
2 2286
3 4205 4524
3 1024 2407
3 4193 4626
3 4013 4633
1 222
2 4367
2 1453
2 2994
3 1521 2387
2 2554
1 2813
3 684 4600
2 958
3 912 3506
3 1296 2063
2 4862
2 727
2 2817
3 2533 4869
2 4847
3 2333 2684
3 3693 3740
2 2989
3 136 2676
3 3956 4392
1 488
1 2039
2 4150
1 3154
2 457
2 4015
3 3415 3696
2 4872
1 3941
2 2368
3 1700 3382
2 1333
1 3322
3 4697 4965
1 1370
2 2924
2 1681
1 1751
3 1959 3586
2 4141
1 2262
2 3812
2 467
2 3036
3 336 2327
1 4042
1 3857
1 2773
2 2759
2 3423
1 3509
1 1685
1 4376
3 3373 4242
2 1685
3 2904 4122
2 305
2 3553
2 320
3 2071 2123
1 1476
3 4215 4626
1 4077
3 1626 2083
1 1201
1 3741
1 2868
1 1899
1 4283
3 4247 4687
2 4476
2 1122
3 3829 4943
1 444
3 1033 2727
1 1045
3 3793 4105
1 4515
1 1219
1 4171
2 2706
1 1645
2 1715
3 1124 2016
3 3690 3748
3 917 2218
2 4594
1 844
1 4345
2 670
2 2952
3 1239 4473
2 1960
1 4623
3 1708 3765
2 4166
2 1467
1 511
1 973
2 878
3 1742 1899
2 364
3 1309 2895
1 3243
2 3947
1 3880
1 3933
1 925
3 2577 3537
2 1165
3 4991 4997
1 118
3 290 457
3 808 3249
3 1238 4050
1 1441
1 4849
3 2693 3846
1 1140
2 3142
1 1287
3 4270 4397
1 2709
1 3130
3 1512 4091
1 3376
1 4632
2 2076
2 2031
2 4697
2 1461
1 2624
1 3487
2 4820
3 241 4664
1 4680
2 3163
1 4633
1 2670
3 4648 4863
1 3010
3 253 3628
1 3070
2 10
3 2524 4220
3 4395 4995
1 2598
3 85 459
3 3995 4041
3 1912 3390
3 2808 4195
3 3814 3852
2 1519
3 2879 4505
2 4000
1 3919
1 4696
1 3233
2 1065
2 662
2 4496
3 1071 2540
2 2845
3 4532 4595
3 3402 3552
2 1440
2 1104
3 3337 3871
3 4078 4931
3 1873 1920
2 1527
1 2965
3 4567 4937
1 4562
2 1918
2 4672
2 3206
2 2423
2 4605
2 2501
1 1032
2 735
1 615
1 2776
1 1167
3 1943 3338
1 488
3 173 1511
3 4209 4383
3 2790 3607
1 3841
3 3028 3251
1 1735
3 2295 3527
3 1445 4368
2 2222
1 249
3 103 2311
2 155
1 3969
1 3423
3 4753 4807
3 1028 2211
3 3108 3344
3 2986 4378
2 3352
3 3413 3436
3 2226 3908
1 1246
2 2413
2 2449
2 1808
1 185
3 1971 3377
1 3878
1 875
2 1516
1 3372
3 1063 2478
3 2512 4232
1 509
3 3336 3585
2 1300
2 990
2 1814
1 4659
3 4090 4234
3 3533 4760
1 1480
3 2222 3029
1 3774
2 1648
2 1405
3 1252 2052
3 141 3249
2 900
1 2667
3 4104 4482
3 2231 3173
1 613
1 3837
3 1657 4905
3 3540 4997
3 2952 3183
3 63 3397
1 3471
1 351
1 4660
3 1305 2754
1 2314
2 3695
3 4446 4741
3 346 4341
3 1713 4953
1 4339
2 1695
3 4625 4717
2 2248
1 4229
3 4059 4622
3 3838 4271
2 313
1 175
2 2484
1 2573
1 1876
1 3890
1 1855
3 509 1263
1 767
3 4302 4891
1 3381
1 2931
3 2475 3425
3 1874 3315
1 2308
2 1068
3 3244 4784
2 4032
2 1338
3 2453 3671
3 859 2771
2 3105
2 2935
1 908
1 2651
1 864
1 189
1 4143
3 147 4223
1 1154
3 2803 3182
2 3747
