5000 5000
1 1937
2 3288
3 4105 4871
1 2326
2 793
1 1725
1 4797
1 4981
1 3944
2 2202
1 3360
1 2593
3 4447 4954
2 4910
3 151 485
3 2163 4765
2 3509
1 4822
3 1376 3519
3 2970 4751
1 1609
2 2851
1 4346
1 4849
2 343
3 3699 3854
3 2419 3319
2 4417
1 851
1 3854
3 871 3856
2 38
2 906
2 14
1 4564
1 536
3 2978 4265
1 1491
2 1289
1 369
3 4532 4888
2 3043
3 3785 4253
2 2966
1 1227
3 1438 3934
1 1325
3 1852 2403
3 2034 3597
1 5
3 4882 4998
1 4073
3 4049 4644
2 891
2 73
1 3592
1 2468
2 3667
1 1194
2 1330
2 293
2 1763
1 3113
2 957
3 4727 4982
2 327
2 2295
1 1131
3 2353 3563
3 1271 1492
2 4667
1 3728
3 1626 4585
2 4625
1 2994
1 4557
1 1926
1 768
1 3559
2 3359
2 4575
3 2146 2741
2 2774
2 2973
3 3234 4200
3 3234 4167
1 4736
1 173
3 4620 4692
3 832 3809
2 3484
2 4051
2 2127
2 1664
3 1188 2655
2 3268
1 1609
3 4926 4956
3 1266 1746
2 4625
1 906
3 705 1413
1 236
1 3425
3 2753 2876
3 4299 4416
2 3124
1 4285
2 2362
1 669
2 1856
1 260
2 3466
1 1997
1 812
2 4889
1 1247
1 1347
3 2360 2385
1 1802
1 3320
1 827
2 82
1 3016
2 4052
1 1211
2 2297
3 2653 4114
1 2049
2 4376
1 2578
2 2557
3 631 4871
2 883
1 3585
2 2072
2 918
3 2415 3268
3 2459 4340
2 3104
2 3496
3 2227 4339
3 4968 4977
3 4683 4902
2 1741
3 3129 3836
1 33
2 1148
1 2654
2 418
3 4829 4887
2 1715
3 1662 3116
1 4198
3 4341 4708
3 232 3993
3 3449 4134
3 247 1393
2 1042
2 3563
3 331 953
3 4303 4363
2 1187
1 1160
3 4221 4967
2 2144
2 1600
2 3181
3 2347 4860
3 174 2866
1 4385
2 4137
1 2928
3 276 4705
2 1836
1 1754
3 4031 4745
1 2812
3 2820 4186
1 3354
1 4292
3 2359 3593
3 1496 1875
3 3936 4820
3 126 687
3 2452 2950
2 2161
2 1126
1 3786
3 137 3908
1 1782
3 4259 4282
1 1423
2 2717
1 1963
3 1725 4257
1 589
2 2376
3 4805 4918
3 2108 2682
2 3762
3 955 2517
1 2078
3 2595 2608
3 957 3156
1 4744
2 3628
3 4583 4919
3 2431 3170
1 2359
1 737
3 3657 4325
3 1368 2671
3 349 3501
2 1122
3 2095 4440
3 4264 4326
1 3959
3 1644 4837
2 3778
1 3845
1 3470
1 2639
3 79 1076
2 2517
1 3414
2 2968
2 2113
3 4979 4999
3 2169 3995
1 2107
3 4162 4714
1 778
2 1668
3 2180 4499
3 1115 4498
3 3294 3986
1 556
1 4246
2 2702
2 391
1 4590
2 735
3 1135 4639
1 4722
2 4757
1 4254
1 3640
2 4990
2 3875
1 3607
3 294 1752
2 2753
2 2692
2 3168
1 4752
2 1372
1 1802
3 2687 3634
2 4375
2 2891
2 2390
2 1123
3 4503 4656
1 60
1 3583
1 4039
2 2717
1 596
1 3600
1 228
2 1237
1 764
2 260
1 660
3 4550 4801
3 806 1741
1 4292
2 605
3 1940 2696
1 885
3 3974 4943
1 3664
1 808
1 1243
1 1015
1 3428
3 1081 3311
3 186 4428
2 2708
2 2605
3 497 2606
3 1800 4770
3 2500 2915
1 3012
1 4262
3 4368 4799
3 48 3662
2 1967
2 2651
3 4089 4241
1 1518
3 905 1997
3 1333 1451
2 2128
1 1160
3 3726 4104
3 886 2621
1 2536
2 1786
3 1695 4539
1 1121
1 2590
3 4453 4908
2 3800
3 4588 4744
2 1028
2 4545
3 4976 4984
1 2330
2 2067
2 3408
3 1709 2983
2 4953
2 4027
3 112 3030
3 1505 1851
3 889 2362
1 1247
2 1332
1 1528
1 2913
3 1843 4010
3 1837 4188
2 3697
2 3311
1 4504
2 768
1 4702
2 1553
3 1025 4627
2 2497
3 2844 4176
3 2265 2619
3 3990 4027
2 1759
1 2448
3 4027 4721
2 3266
1 2958
2 1906
3 4101 4444
2 3396
3 2201 4944
3 2633 4954
3 248 3972
3 2078 2234
1 4519
1 1807
1 2412
2 3007
3 2100 4575
3 4034 4246
2 745
2 789
1 627
1 4495
3 4461 4634
3 973 3192
1 1326
1 4192
1 4374
1 1526
1 3978
1 4237
3 779 4920
1 1401
2 1395
1 1412
3 2232 3836
3 1526 4759
1 3486
3 1937 2054
3 4373 4478
1 4126
1 2168
1 2467
3 1619 3989
1 3236
2 823
2 149
3 1105 2301
1 3475
3 2430 2659
2 2222
2 2419
1 1602
2 2411
2 524
2 14
1 4089
1 4150
1 19
3 2436 3445
2 4764
1 4072
1 183
2 4093
1 1383
2 3822
2 374
1 868
3 188 433
2 3649
1 1880
2 36
3 3622 4571
1 2030
3 495 634
2 4866
2 3125
2 3027
2 3090
3 4006 4421
2 1196
3 2015 2353
2 1492
2 3374
1 3121
3 3351 4999
2 3246
1 2128
3 3767 4030
1 1296
3 2971 3828
1 4840
3 763 4260
3 682 2457
1 3017
3 1735 3730
3 628 4291
1 1916
1 755
3 3362 4426
1 846
3 336 1836
3 4460 4852
3 2560 3579
1 4236
3 3759 4280
3 336 2247
2 1401
2 2425
1 2056
3 1569 3485
1 1675
2 1252
2 1037
1 2081
1 4013
3 3376 4333
1 87
1 2658
3 4105 4221
3 815 1957
2 1267
3 1318 2938
2 3585
2 4025
1 839
1 3953
1 4877
1 4067
1 2594
3 3972 4194
1 1178
2 295
3 2652 4376
3 4157 4421
1 3129
3 3269 3674
3 880 2109
2 815
2 3914
2 192
1 4117
1 4803
3 982 2505
1 3956
2 4822
1 1407
3 845 1280
1 2378
3 4953 4964
3 3314 4153
3 1888 4389
2 924
1 2689
1 95
2 3418
2 49
3 538 4516
2 351
3 845 1950
2 1758
3 4354 4707
3 1844 3220
3 3324 4435
1 4062
2 3855
3 67 4515
2 1750
1 116
1 975
3 2627 3063
1 3014
2 951
2 2215
1 4949
1 4934
1 452
2 4126
1 3249
3 701 4427
1 4475
2 4693
3 3102 3328
3 3947 4235
2 4552
2 3124
2 666
1 1829
1 2911
3 285 3290
3 4923 4997
2 4579
3 3831 4397
1 2137
3 1803 4865
1 3281
1 852
1 21
1 2703
3 3115 4692
2 2506
1 1423
3 4259 4848
3 3040 3068
3 1843 4573
2 3276
1 4929
1 2736
2 1805
2 4658
1 426
3 4370 4920
2 1065
1 293
1 3649
1 2152
3 4280 4461
1 1245
2 3445
2 2394
1 1660
2 2848
3 2358 3674
2 945
3 3461 3780
3 90 4769
1 759
3 853 2079
1 426
1 2659
2 1685
3 567 2721
2 2154
2 132
1 1897
1 2846
2 1018
3 1834 4921
1 4323
2 273
1 90
1 4210
1 3064
3 4600 4880
3 1704 4585
2 1092
1 441
3 4163 4270
1 3494
3 2874 3657
1 4721
1 210
2 195
2 37
1 780
3 3374 4410
3 4650 4801
2 593
2 1241
3 4115 4992
3 3559 4047
1 4741
2 688
3 4823 4983
2 4912
1 2275
1 2898
1 2273
3 4446 4973
3 247 1404
3 4280 4294
2 1805
3 3578 4490
2 2107
3 4258 4271
1 3513
3 3338 3896
2 2391
1 2650
3 2874 3222
2 550
3 448 4833
1 2978
3 3438 4669
2 4630
2 2611
2 2244
1 3607
3 1679 2926
3 3259 4752
3 3323 4648
3 2989 4093
3 4442 4809
3 3432 4012
2 2762
3 3077 4092
1 3151
2 3588
3 4963 4976
2 1927
3 4596 4673
2 3716
2 2212
3 1709 3068
3 540 3349
3 1196 3309
2 1268
3 3984 4904
3 2569 2863
3 2420 4351
2 3711
2 3468
2 3020
3 1453 4838
2 1952
3 357 2191
3 2333 4651
2 2218
2 271
1 478
3 2830 4811
2 1246
3 2074 4774
1 4348
1 3012
1 1512
3 3211 3530
1 3758
2 2854
1 4396
1 1745
1 2414
2 1885
2 4701
1 3765
2 552
2 4253
1 91
3 33 738
3 4906 4997
2 4185
2 2278
2 4276
3 4048 4312
3 12 277
2 3239
1 3295
1 4954
2 272
2 1495
3 426 2498
2 346
1 2690
3 866 4427
1 119
2 1015
3 4284 4368
2 2970
3 1049 2454
3 4989 5000
2 562
3 1257 3386
2 4905
1 3104
3 935 3748
1 2178
1 2845
2 842
3 2586 3602
3 4475 4773
2 1797
1 3019
2 2313
1 2604
3 994 2783
3 883 3310
1 3227
1 3728
2 3826
3 3497 3532
1 1066
1 2005
1 3922
1 1376
2 259
3 1401 3624
3 3647 3827
1 1715
1 1194
2 2359
2 2163
3 4035 4205
3 4460 4754
2 861
3 168 2720
2 3374
2 3960
2 2071
1 855
1 2795
2 394
3 4752 4865
2 274
2 2902
1 1798
2 533
3 1481 3906
1 3221
3 1258 2809
1 973
1 3559
3 3821 3860
3 4301 4425
2 3778
2 3678
3 2280 3630
3 4506 4527
2 2326
3 4289 4353
2 31
2 1892
3 1123 1771
2 3301
2 2018
1 3166
3 4813 4832
2 2538
1 474
1 1992
1 3049
3 965 2339
3 3916 4977
2 1755
2 3039
1 1827
3 1582 2975
3 4496 4519
1 3622
1 962
2 2695
1 3877
2 266
1 4854
2 2470
3 3640 4800
3 1440 3112
3 625 4094
3 3803 4946
1 2465
3 1986 3580
1 319
1 4164
3 1365 2094
1 2340
2 4640
3 3721 4324
3 1925 2957
3 1223 4061
3 2173 4401
1 2920
2 4653
2 4127
3 2943 3088
1 2944
1 3546
2 2211
3 3698 4835
2 302
2 4594
1 3658
1 4364
3 1208 4287
3 4390 4917
1 477
3 1978 2164
1 970
2 39
2 4889
1 3743
3 3832 4524
3 273 4004
2 1230
3 4310 4638
1 109
1 2589
1 3491
1 3517
2 383
2 4409
3 4115 4620
1 2095
2 1681
2 1394
1 1472
2 437
1 2278
3 756 1635
3 4184 4985
3 1230 2778
1 1745
3 1010 4979
1 4671
1 2378
1 1652
3 3730 3734
2 4526
3 1661 3437
1 4102
1 3484
2 4912
2 1543
3 3444 3729
1 3432
1 4150
2 200
3 3044 4837
2 4511
2 4045
1 2590
3 387 1319
2 973
2 3228
3 823 3049
3 2549 4384
1 1257
3 3073 3673
1 1275
3 1621 4918
1 666
2 4030
1 869
3 1746 3690
3 2483 4985
3 2464 4168
3 3862 4408
3 174 2764
2 2287
1 644
3 3418 4795
1 4829
2 3363
3 2558 4963
2 1435
2 3020
2 1475
2 2333
3 740 2966
3 89 588
1 1454
2 2111
1 605
3 3823 4148
1 1737
3 3498 4979
2 4205
2 3348
2 3373
2 4480
1 3523
2 4644
1 1772
1 846
3 3819 4436
3 374 2160
2 2864
3 544 1064
3 55 162
1 4185
2 3221
1 2593
1 3227
1 4621
2 2500
1 1472
3 3505 4658
1 3228
1 3107
3 231 2117
1 3914
1 1464
3 3944 4189
1 4441
1 4297
3 3229 3308
1 4459
2 4740
2 4168
1 4921
3 3799 4634
2 123
2 2438
2 2407
2 2162
2 255
3 2335 2795
3 926 1425
1 510
2 1373
2 2821
3 2749 3230
3 3463 3776
3 4931 4938
3 3124 4762
3 2943 3572
2 2847
3 3726 4996
1 46
3 1169 3569
2 39
3 153 430
1 1199
3 4444 4840
1 3830
1 4121
1 2100
1 1257
2 4691
2 3631
3 12 4644
2 4742
1 2948
2 3969
3 4554 4935
3 2094 4222
3 4761 4842
3 1612 3593
2 3933
1 2708
3 1505 3054
1 2734
2 3397
3 1009 3807
2 4129
3 723 3095
1 4925
1 3122
3 988 1930
2 688
3 3954 4458
2 727
3 2783 4544
3 2875 2980
3 1501 1886
3 1037 2026
2 720
2 56
2 2910
1 434
3 4707 4737
1 3701
1 1830
1 375
3 3363 3980
2 146
2 1733
3 4819 4831
3 3516 4451
1 1237
3 4346 4863
3 100 2592
2 2926
2 3205
1 3489
3 4046 4283
2 3976
1 4095
2 1903
1 2538
1 4226
3 1645 2390
3 16 4614
2 666
3 4132 4863
1 3309
1 2269
1 1348
3 2680 4797
1 3297
1 4511
1 3759
2 328
3 4592 4944
2 625
3 4303 4325
2 2392
2 2366
2 1890
3 4846 4878
1 4851
2 4322
2 3346
1 3995
2 4554
3 1181 1871
2 3494
2 4947
3 2169 2940
3 362 422
2 1490
3 2151 3855
3 2769 4997
1 4421
3 2848 4225
1 737
2 691
1 800
1 1605
3 4116 4179
1 2385
3 3044 4033
1 908
2 2257
2 1557
3 2532 3628
1 871
3 1947 2226
2 3735
2 3648
2 1513
1 4407
3 1435 4314
3 3117 5000
1 4416
1 780
2 2317
1 1241
3 4275 4952
2 1201
3 2833 2857
3 2826 3659
2 1000
3 1279 1609
1 1162
2 3011
1 97
1 4086
3 602 4661
1 2717
1 4357
3 4088 4987
1 757
2 1666
3 3589 3634
1 2974
3 806 4646
2 840
1 1297
1 4004
1 590
2 419
3 456 3119
1 139
3 1564 2932
1 3013
3 4022 4381
3 3356 4038
1 3916
3 721 1128
2 3350
1 1577
3 261 1144
3 4192 4840
3 3855 4232
2 4234
3 2982 4516
3 4415 4801
2 3779
2 4876
1 2397
2 4704
3 3470 3783
3 2024 4208
2 1362
1 2312
2 2820
2 2810
2 3800
1 2510
2 1047
1 3984
3 1790 1826
2 2305
2 4761
3 68 371
2 3162
1 260
1 2505
1 2172
3 4721 4890
3 4208 4651
3 3044 3992
2 390
3 3231 3809
3 987 2431
2 3816
2 2306
1 3397
1 2628
1 2149
1 1116
2 2921
1 905
1 2362
2 4241
1 4433
1 1726
1 4180
2 2518
3 1206 2557
2 813
2 785
2 3510
3 4146 4758
1 3460
3 3016 3020
1 839
3 2989 3773
3 1897 3506
2 3437
2 3792
3 2653 4392
2 4290
1 3096
1 4049
2 1665
3 3853 3995
3 3223 4431
1 4775
2 4378
3 4938 4974
1 2121
3 4214 4665
2 1582
1 2873
2 3235
2 4959
2 2421
1 4112
1 2966
2 4112
3 2218 3592
2 2164
2 2650
2 336
2 2361
3 4434 4985
3 2845 4112
2 140
2 3739
3 1990 2096
2 3004
3 4092 4117
1 4102
2 206
2 962
1 1201
2 2255
3 1332 3607
2 929
3 3358 4247
1 2539
3 1144 1862
1 1508
1 1344
3 1954 2870
1 3699
2 3246
2 2427
1 1983
1 3307
2 3122
1 1315
3 1552 3685
1 4590
1 3444
1 3542
1 547
1 1754
1 1776
1 798
1 4426
3 1378 3165
1 4468
2 1413
2 3518
1 3792
2 80
3 3787 4455
3 3353 3709
3 1196 4044
3 4053 4129
3 537 669
3 1694 4234
3 3692 4349
3 3845 4690
3 2803 3449
1 3569
2 2365
1 365
1 2383
2 195
1 2829
2 1933
1 1789
2 3464
2 3490
1 4683
1 3826
3 3747 4931
2 367
3 214 4122
1 2249
3 1400 4199
3 394 3066
2 13
3 3717 4473
1 1165
1 474
3 1982 3705
2 359
1 138
1 787
1 2521
2 657
3 4802 4944
3 267 4615
3 3168 4739
2 1319
1 4267
3 2475 3964
3 2510 4068
1 3193
1 1558
3 328 1727
2 4760
2 851
2 1041
2 3438
1 971
3 4378 4578
3 4353 4721
2 716
2 137
3 4127 4796
1 602
3 2602 2762
1 413
1 4756
3 2589 3803
3 3466 4655
1 2249
1 309
2 3455
3 4 2512
1 2225
1 3721
1 481
2 3127
1 4008
1 1497
2 4446
2 1134
3 4909 4949
3 147 4437
2 1926
3 343 1437
2 135
2 2826
1 935
1 301
2 3339
2 447
3 727 1277
1 4082
3 3253 3571
3 688 1645
3 1106 2132
2 4233
1 3219
3 1455 4316
1 1171
3 173 1895
1 3360
3 2196 2556
3 3278 4579
3 4425 4545
2 4605
3 1701 2523
3 1063 2569
2 3636
3 4095 4580
1 4873
2 1510
2 4030
3 2128 2526
3 3090 4175
3 1399 3326
2 2386
2 4813
1 1192
2 1990
1 1992
3 2451 3339
2 4039
2 1952
3 1056 4367
1 1427
1 4725
2 3863
2 3309
3 1199 4657
3 2238 3188
3 2047 4961
1 1552
1 617
3 2406 4079
3 1634 3938
2 4546
1 1757
3 4270 4759
2 4726
2 3731
1 2533
3 931 2895
3 2709 4120
3 3920 4412
1 1272
1 3435
3 2603 4388
2 1749
3 3225 4039
1 3448
2 3798
3 2856 3021
3 4690 4852
3 2477 3132
3 1597 3602
1 938
1 3159
2 1622
2 264
2 2326
1 2696
1 3136
2 3656
2 1208
1 3328
1 898
3 1032 2074
2 4529
1 4183
3 4427 4942
1 4432
2 181
2 1757
1 4532
3 1785 2307
2 1163
2 1386
2 2657
2 2651
3 2376 4312
2 4374
3 1921 2789
2 3255
2 1226
1 377
3 3937 4452
3 1528 3414
1 2571
3 2676 3606
2 3984
1 1981
1 4941
1 1701
1 2045
2 4742
1 857
3 3471 4578
1 814
1 952
1 2302
3 4103 4131
1 216
1 1930
2 3262
1 3695
1 4310
1 2721
3 3647 3801
1 530
2 3473
1 731
1 1458
3 811 2276
3 1407 3817
1 1818
1 2880
2 3583
3 3188 3449
2 4609
3 4773 4779
3 1600 3020
3 4506 4779
2 4306
2 2998
1 4620
2 4851
3 153 850
2 1707
1 432
3 2800 4538
2 783
3 951 4609
1 1071
3 3647 4771
3 4594 4641
3 260 1998
1 3405
2 2316
1 1891
1 3807
2 4223
1 632
2 2728
3 1548 3682
1 3384
3 1448 2778
3 3595 4124
2 2848
3 2870 3615
1 3402
1 2265
2 1017
1 461
1 3357
2 556
3 2214 3418
2 1501
2 885
2 950
2 2211
2 4973
3 2861 2919
1 1391
3 4520 4632
1 1325
3 61 1614
2 4829
2 3665
2 895
2 2587
3 2575 4691
3 416 2728
3 1050 4718
2 4794
2 3527
1 3058
2 4391
1 2821
3 4952 5000
1 3998
1 1917
3 3790 3930
1 2806
2 134
2 4007
3 2456 2661
3 4802 4818
1 1453
1 3901
3 2043 4918
1 3838
2 2179
1 2276
2 124
2 565
1 448
1 682
3 3948 4323
1 2589
1 786
3 1567 3819
3 3115 4599
3 4489 4725
1 3880
3 1955 3561
3 2214 2440
1 2126
2 3175
3 4519 4998
3 833 4814
1 3654
2 737
3 2749 3719
1 2879
3 3704 4302
2 4891
3 578 3302
3 4919 4986
3 2292 4510
2 3145
3 9 881
3 2046 3736
3 4203 4512
2 3027
3 4318 4507
1 2552
3 2894 4147
1 953
2 2620
2 468
2 1711
3 2456 4748
2 3192
1 3393
1 3662
3 1829 2768
1 3615
3 4742 4903
1 2516
2 2809
2 1680
3 698 3881
3 3714 4208
3 4649 4954
1 4413
3 3376 3419
2 370
1 1491
3 2320 4776
3 3223 3855
3 537 4019
1 4790
2 3638
2 984
2 1155
3 1590 3673
2 766
3 4775 4797
2 1304
3 4606 4795
2 1886
2 2066
2 1996
2 4084
2 2218
2 889
1 4104
3 3858 4679
1 1820
1 4836
3 1202 1557
2 931
2 1507
3 4729 4935
1 1601
3 4413 4728
2 19
1 2758
1 4825
1 1295
3 2669 4039
3 4177 4735
1 2081
2 4814
3 353 408
3 4305 4834
1 3043
1 882
3 1756 2144
3 1469 4738
2 3802
3 1393 4966
3 72 4551
1 2432
2 1933
2 4520
2 2539
2 4551
3 2607 4333
3 1390 2292
3 4965 4981
3 4197 4783
2 245
2 1418
2 332
2 3138
2 4005
3 779 1817
2 3560
1 859
1 4454
3 1041 2198
1 1415
2 1802
3 395 952
3 939 1353
3 2357 4852
1 2027
3 4792 4981
2 1008
2 2531
1 3333
2 1963
1 1464
3 32 4534
3 2579 2604
2 135
1 683
2 4160
1 4387
3 407 1787
1 2520
1 3287
1 2650
3 3734 4135
1 1690
2 2208
3 2853 4271
3 2642 2809
1 429
2 3800
1 4965
3 2739 4231
1 4096
1 2877
3 733 1838
1 2681
2 4362
1 4782
1 1812
3 1972 2500
3 4835 4860
2 4538
3 1728 2030
1 777
3 4533 4729
1 1304
2 708
1 4572
1 1055
1 3574
2 4417
2 2548
2 3456
1 3643
3 3787 3989
2 2757
1 4259
3 1015 3632
1 3624
1 3435
1 4389
3 3193 4016
3 2690 3244
2 2797
1 2600
2 533
2 1728
1 885
3 1246 2413
3 4016 4257
1 1090
3 3812 4855
3 4626 4693
3 2129 4091
2 993
1 2135
2 3564
3 516 3328
2 230
3 3439 3722
3 4966 4969
1 1692
3 963 3410
1 285
3 1190 1724
1 949
3 2445 3262
3 570 4950
1 4335
3 1429 1820
1 549
3 3083 3915
2 4576
2 4372
3 2249 4890
1 2539
2 1878
2 3028
1 4032
3 2596 4602
1 1972
1 1498
2 2894
3 4114 4778
2 3255
2 432
3 1472 3527
1 3631
2 2753
1 4742
2 4614
3 4111 4933
1 1034
1 2890
1 4814
3 2568 3377
1 3962
2 2545
2 3261
3 4854 4927
3 3172 4503
2 4991
3 1667 4956
1 745
1 1984
1 4576
2 2865
2 1580
3 2349 3722
1 1680
2 3515
1 966
2 838
3 196 3959
1 793
2 2129
3 1726 2547
3 3453 3536
1 4731
3 4128 4533
1 3358
1 2606
3 3142 3965
3 3242 4514
2 2068
2 234
1 1657
3 3078 3344
1 198
3 1372 3856
3 4313 4757
3 1885 3079
1 3059
3 3516 4683
3 3680 4303
2 568
2 4241
3 1771 3111
3 784 4834
1 4655
3 2162 2525
2 4681
3 4309 4539
1 4729
2 1074
1 9
2 4054
3 2640 4478
3 4836 4895
1 593
1 2632
2 2833
1 4728
1 3842
2 4767
2 320
1 2707
1 1192
2 1444
3 26 4712
1 2967
3 2728 2817
1 4860
1 4295
3 2525 4708
1 499
2 4608
2 4738
2 2994
1 1131
1 2196
3 1518 2636
1 4749
1 3795
2 145
1 2882
1 2080
1 750
2 1849
2 3242
2 1958
3 3676 4946
3 1264 4159
2 1168
1 1575
1 439
1 3155
1 2356
1 3703
1 1707
1 1234
2 2155
2 2954
3 3990 4622
3 1237 3402
2 3843
1 1591
1 2791
3 1626 3062
1 136
1 3316
1 1926
2 367
2 806
2 2346
2 140
2 370
2 4653
2 2014
1 4848
2 795
3 2284 2791
2 4194
1 1188
1 3440
1 4223
3 307 1942
3 4615 4865
3 4230 4692
3 470 3204
2 2517
2 3301
2 3850
2 3292
1 1330
3 2690 4366
2 3225
1 4914
3 1128 1848
3 1762 3310
3 4219 4611
3 645 3239
1 2805
2 745
1 2703
2 1825
1 194
1 279
3 1348 1955
2 885
3 2009 2094
3 3299 4342
2 4069
2 2136
2 3976
3 3378 4030
2 733
3 1475 2672
2 4334
3 4194 4833
3 3837 4571
2 2632
2 2462
1 2966
2 4715
3 3012 4823
3 3557 4811
3 2558 4041
2 1127
2 1417
3 3644 4413
1 703
3 2029 3559
2 325
2 4474
1 156
1 2122
3 1938 2723
3 3120 3199
2 850
2 484
2 1674
1 3355
2 1524
1 4030
1 4792
2 4486
3 3612 3753
2 762
3 520 650
1 1711
2 989
2 2090
2 2130
1 664
1 3866
3 3578 3994
3 2224 3478
2 1627
2 2663
1 3538
1 1910
2 2279
2 4356
2 3388
2 2625
3 2821 3186
1 112
3 3902 4031
3 3205 3428
3 308 4050
2 4477
3 1037 4441
2 2962
3 1969 4043
2 1448
1 4123
1 3759
3 1445 3642
1 297
3 3039 4276
1 1648
1 1505
3 801 1423
3 2406 3415
1 3343
3 2811 3351
2 4672
2 128
3 460 4943
1 4907
3 955 4977
1 2410
2 1056
2 4813
1 966
2 3144
3 2009 3802
2 4823
3 3376 4603
3 1395 3529
3 3506 4280
3 2767 4665
1 1329
3 1653 1681
3 4822 4946
1 2947
3 1919 3159
3 1638 4611
2 737
1 4989
1 1028
3 763 3204
1 679
1 809
3 1784 2308
1 4843
2 1281
2 4974
2 1525
3 2628 3058
3 2594 2795
3 525 3412
1 2151
3 967 1889
1 3885
1 633
1 2776
3 1860 2241
2 4446
2 1105
1 3034
2 3278
1 1328
3 3082 4137
3 1593 2356
2 3912
3 2876 4477
1 3727
3 3210 4366
1 4740
2 4560
3 754 1317
1 4119
1 3668
2 4557
3 2625 2938
1 3314
3 3453 4022
2 2769
1 383
3 4903 4941
1 2418
3 4283 4547
2 1254
1 1042
2 4040
1 356
2 1711
1 3320
2 4023
2 2110
3 2732 3796
3 3470 4390
3 2964 4516
1 875
3 3288 3733
3 2079 2519
2 3150
1 2233
3 617 1010
1 2879
3 913 1302
3 1213 2352
1 3853
3 1101 2548
3 4095 4924
2 2107
2 1680
2 996
1 1314
3 2683 4676
3 3060 4231
3 2733 4271
1 3617
2 121
3 2578 3416
2 1812
2 61
2 4633
2 557
1 487
2 2993
1 4926
3 924 3796
1 779
1 3585
1 2455
3 3077 4770
1 1195
2 553
2 4609
3 1331 2608
2 3182
1 4495
2 4792
1 4484
3 845 3105
1 1827
3 3643 4310
3 3031 4471
1 218
3 4867 4955
2 2257
1 1563
2 163
2 3461
1 1144
1 3967
2 2674
2 2102
3 4702 4860
3 1660 3694
3 507 3336
1 152
1 1692
1 4297
2 2630
1 2449
1 127
2 3419
3 1898 4520
2 4275
2 2160
3 4604 4911
2 4677
3 226 883
2 3511
1 2938
3 3228 4557
3 2662 3819
2 1169
2 2438
2 4225
3 4772 4823
2 3045
1 243
1 1581
3 3983 4960
1 4970
2 3761
1 3805
3 4110 4281
3 532 3340
2 1835
1 236
2 515
3 536 3835
1 1941
3 709 2548
1 2868
3 969 2148
3 884 1378
1 2740
3 2615 4960
2 4001
2 394
3 3631 4095
2 4274
1 2794
2 3241
2 2879
1 2248
1 3679
3 681 4394
2 2498
3 2685 2772
1 2178
3 3665 3768
1 1113
3 78 484
1 641
1 4445
3 4629 4880
2 2781
2 1618
1 525
1 4809
3 3785 4278
1 2350
3 4896 4927
1 292
3 4529 4656
3 896 1369
3 4138 4870
1 62
3 1414 3239
3 2243 2520
1 1488
1 3992
1 2858
2 1246
1 472
1 2300
1 2820
1 187
1 2005
1 3238
2 441
1 3997
3 4559 4967
2 1548
1 2440
1 2992
1 1517
1 4237
3 1145 2720
2 200
2 4577
1 2636
2 3373
1 814
3 2125 4314
1 1386
1 2863
1 3602
3 2131 2603
3 2718 4702
3 4280 4281
2 802
1 516
2 2310
3 1864 4762
3 4361 4882
2 86
1 1361
2 2073
3 298 1955
2 1090
2 741
1 2627
3 4171 4408
2 1600
2 4818
2 2629
1 2667
3 3457 4522
2 2934
1 827
1 1609
3 4127 4583
3 1696 3101
1 4231
1 4898
1 774
3 4018 4637
1 4527
1 4838
2 2285
3 1256 2613
3 1145 1334
1 2984
3 4066 4203
2 2973
1 428
3 2680 3237
2 2379
3 4303 4886
3 2592 4441
3 1112 1603
1 4504
1 2310
1 3542
2 9
1 2453
1 3810
3 773 4126
2 3192
1 1229
1 3680
2 2762
1 1073
1 1654
3 3187 4338
3 3351 4193
3 133 2383
1 961
2 3707
1 4186
1 3396
2 2131
3 4638 4709
2 4977
3 1307 3108
3 115 1845
2 3716
3 3913 4879
2 1196
3 2356 3632
3 515 683
2 343
2 4725
1 2397
2 1307
2 2853
3 3802 3982
3 1234 3826
1 518
1 3563
1 3663
2 1059
2 4463
1 746
3 4595 4916
1 780
1 157
3 4531 4662
1 1616
1 3356
1 4939
1 4023
3 4154 4743
2 2237
1 3334
1 4933
2 2316
2 1908
1 4790
1 4960
2 4731
2 4996
3 1909 4285
2 2767
1 4074
3 4248 4541
3 3025 3289
2 2272
3 2771 3463
2 3127
2 500
2 18
3 619 1303
3 1914 1925
2 3759
3 4285 4802
3 3445 3883
1 4975
3 4404 4439
2 4089
1 159
2 1516
1 4108
1 1310
2 4183
2 3114
1 2048
3 3082 4683
2 3102
3 3369 4690
2 4051
2 3197
3 4958 4997
2 2416
1 1075
1 2029
3 3334 3735
3 1629 2844
3 1499 1691
1 1621
3 1079 3994
1 4884
2 3483
3 576 3555
2 4571
3 1087 3980
2 1314
2 892
2 722
1 1064
1 3314
2 3238
2 1821
1 4052
1 2015
1 3366
1 1178
3 2007 4199
2 3025
3 900 1067
3 3006 3325
3 47 3527
2 96
3 3688 4233
3 6 3643
1 4986
1 596
1 4207
2 1827
1 3154
2 2461
2 1533
3 631 4205
3 883 3550
1 3173
3 2874 3789
1 1070
3 2964 3407
1 3396
1 2285
3 3861 4529
3 2413 4648
1 4341
3 1804 2924
3 491 3015
2 2805
3 4924 4967
2 3270
1 2888
2 1093
1 2485
1 616
2 3749
2 4665
2 4019
3 1278 4254
2 3650
3 4589 4621
3 3086 4037
2 3347
1 3811
2 887
3 1584 3370
1 3567
2 2722
3 311 2440
3 4095 4678
2 3020
1 1672
3 2880 4715
2 449
3 4431 4772
3 4020 4141
1 4967
1 970
3 2454 2493
1 4093
1 2063
1 3736
2 4990
2 4863
1 3347
1 436
3 350 4340
1 4235
2 3503
2 3655
3 2038 2349
3 2646 2767
3 3039 4445
1 2609
1 2447
1 1716
2 3467
3 3865 4198
2 4636
2 825
3 3907 4384
3 1548 4613
2 1142
1 4759
3 3498 3684
2 1117
1 3664
3 1951 3915
3 359 4673
3 4831 4955
3 2777 4533
1 1914
3 3665 4228
2 3559
3 498 3515
1 4555
3 1225 3212
3 2469 4154
2 1189
1 1801
1 1448
2 3637
3 1805 3371
1 3428
3 4882 4969
3 1007 1885
1 1817
2 2348
3 1140 4435
2 1160
2 1125
2 841
2 4673
3 1966 4391
1 330
2 2314
1 1931
3 783 1336
1 1256
2 1023
2 980
2 4427
3 2422 3507
1 4887
2 18
1 2264
2 1187
3 1013 4820
3 618 3288
2 126
2 1441
3 2738 4422
1 632
1 2
2 4137
3 1673 2674
1 1382
1 1929
3 1185 1961
1 3323
1 2020
3 2454 4421
1 2339
2 1074
1 570
2 4391
3 1902 3965
2 1080
1 2071
2 1075
2 3414
1 3145
3 505 3454
2 1260
3 3581 3849
1 1922
3 2303 4376
2 4518
1 999
2 4453
3 2763 4919
3 2586 4161
3 2866 4570
3 2341 2464
1 1059
1 4810
2 3966
3 4663 4682
1 4083
2 4456
1 69
3 3816 4162
1 3514
1 1715
2 1622
3 2737 2844
2 451
1 41
3 1379 1661
2 3072
1 3051
2 387
3 1526 4346
3 3161 4623
1 3108
1 3830
3 506 4719
1 658
3 4727 4991
1 190
2 4167
2 4476
1 4512
2 2374
2 3734
3 1463 2655
2 1591
2 615
3 4418 4533
3 4410 4676
3 3956 4339
1 1751
3 753 4706
3 3910 4159
2 1261
2 3857
1 4937
1 535
1 999
1 1463
1 3345
3 4626 4692
3 2840 2913
3 3334 3826
2 3686
1 3167
3 3852 4331
3 3130 3257
2 4331
3 2751 3886
1 108
1 2355
1 4395
1 365
1 4074
3 1573 4756
3 2301 4057
2 1313
2 4465
1 350
1 2755
1 3566
1 4095
1 2958
3 4057 4620
3 3257 4392
1 3411
3 4216 4687
3 4345 4798
2 3107
1 2746
1 3548
1 774
3 2212 2951
2 4228
1 1956
2 2850
1 3108
1 2709
1 4312
2 4618
2 3995
1 3216
3 133 2880
2 2319
3 1332 2374
1 1819
3 4030 4289
2 2526
2 3403
1 4740
3 627 3416
1 338
1 509
2 3239
1 3575
2 3044
2 4006
2 2243
3 968 4426
2 3689
3 1845 2939
2 2796
1 3377
2 4199
2 1002
3 3656 4384
2 2173
2 1433
3 2553 3669
3 3750 4992
3 809 2524
1 4793
3 3140 3647
2 937
2 241
2 1618
3 4028 4700
3 4612 4693
2 4248
3 4107 4774
2 2584
2 4463
3 3179 4852
2 4427
3 197 4094
3 1541 2104
2 1868
3 2244 2630
2 4765
1 914
1 2002
2 771
3 903 2576
2 894
3 866 1084
1 1967
2 1319
1 4051
1 302
1 1469
1 144
2 2801
1 2801
3 1260 1400
2 4045
3 3876 4681
2 3112
3 2344 3517
2 2043
3 3809 4773
1 1418
1 590
3 4895 4977
2 2594
2 3442
1 4641
3 220 4775
3 3063 4452
3 2770 4959
3 669 2478
3 1413 3028
2 3796
3 836 3352
3 2709 4156
1 429
2 303
3 3776 4885
1 123
1 3023
2 839
1 2842
1 2587
3 3713 4846
3 3082 3190
2 3135
2 3575
1 2391
3 2736 4689
3 4636 4889
3 1903 3592
2 3478
3 3578 4261
2 2834
1 2990
1 975
1 1406
3 484 776
3 24 1371
1 211
3 3035 3093
3 2764 2879
2 4726
1 2150
1 449
2 936
1 4159
3 2567 4303
2 1355
2 455
1 2852
1 3051
3 4603 4698
3 1025 2791
2 45
3 2559 3037
2 855
2 3551
1 951
3 1928 4746
1 1856
1 442
2 4642
2 3068
1 4792
1 2183
1 2058
1 4347
2 2518
2 537
3 86 278
2 273
3 406 2809
3 968 2161
1 8
2 1082
1 3591
2 1958
3 1930 3775
2 2123
1 1354
1 296
1 4100
2 1155
1 4118
3 2841 4978
1 575
2 217
3 4148 4876
2 339
1 2394
2 2438
1 1885
2 858
1 1748
1 1841
3 2862 4514
2 3316
1 1080
1 3663
3 943 3788
3 4442 4564
2 2884
2 4682
1 370
2 4828
3 1484 3253
2 3428
1 3987
2 3309
2 4625
1 3265
3 3816 3898
1 2668
1 2431
3 4884 4958
2 4108
3 209 4932
1 3550
1 1707
1 2383
1 4542
3 560 4479
2 1376
2 2066
2 3189
2 2648
1 4551
1 4161
3 4829 4922
1 782
1 3313
2 363
2 1632
2 367
3 2553 4230
3 1005 3522
1 2792
1 730
1 1214
3 4591 4836
1 1021
2 2336
3 1183 2941
3 2986 3316
3 4188 4608
2 3157
1 31
2 834
1 2535
1 71
3 593 4846
2 2433
2 4318
2 2028
3 4050 4261
2 2137
3 1734 2980
1 4478
3 4557 4803
2 4813
3 4996 4997
1 4398
1 315
3 4980 4988
1 1004
1 676
1 1259
2 2936
1 1087
1 4432
2 3990
1 393
2 1501
2 1287
1 625
2 2185
3 1534 3445
1 4650
2 371
1 2732
2 4584
3 1821 4113
3 4256 4283
2 3717
1 4329
1 3070
1 4402
1 892
1 607
3 1685 4831
3 1522 2568
2 4746
3 2693 4476
1 2673
2 1822
3 1017 1947
1 2120
3 1859 3277
2 3342
2 4911
2 1299
3 4542 4569
3 1129 4335
3 3444 4000
1 718
3 884 4327
3 2514 2534
1 3204
1 1783
3 968 4255
3 2324 2417
3 2378 2507
3 3338 4560
1 2241
3 1540 3712
2 688
2 1449
1 4337
2 1622
3 855 3993
1 439
3 2275 3038
2 1292
1 3106
2 3711
1 1616
1 1772
2 16
2 3751
2 2388
2 1043
1 1864
2 1286
1 13
2 3870
3 3025 3076
3 4539 4850
3 2596 4920
3 4011 4866
3 400 3462
3 3114 4483
1 4635
1 3652
2 738
2 2402
2 4899
3 2900 4303
1 4308
3 3867 4967
1 3699
2 4154
1 3399
2 601
1 893
3 4223 4836
2 222
3 1376 2323
1 4319
2 3088
3 3857 4201
2 4644
2 1564
3 1273 2559
3 615 1957
1 2341
2 1349
2 886
1 3806
3 4536 4866
2 4410
2 1914
2 3068
2 1901
3 1996 2190
2 959
2 394
2 2727
3 1333 2359
2 489
2 586
3 479 2476
3 1396 4496
3 342 696
3 4438 4869
2 2328
1 3748
1 4113
1 2289
1 1743
2 4547
1 3082
1 2760
3 3002 4994
3 4602 4678
3 4938 4988
2 3293
3 3199 3279
1 2405
1 1420
2 4672
1 341
3 3975 4174
2 1226
3 2592 4091
1 911
2 3665
1 4718
2 3640
3 3538 4313
3 162 577
2 1331
2 236
1 1605
1 4244
1 3077
3 1876 3871
3 590 4709
2 1484
2 2279
2 2979
2 3684
1 1386
3 4448 4678
2 4864
3 2513 4189
3 643 3786
1 379
2 4461
3 1143 4471
3 4710 4718
3 1750 4312
2 1500
3 3776 4562
3 700 2805
3 606 2624
3 3697 4318
3 1668 4438
3 4064 4698
1 2342
3 3738 3950
3 4357 4780
2 3796
2 1195
2 4161
2 2045
1 4523
2 3666
2 4511
2 2297
2 2027
1 3228
2 727
1 1012
2 3323
2 1900
3 2045 2738
3 4251 4745
3 3081 4047
1 3285
1 1471
1 4361
3 3068 3173
1 4066
2 3048
2 4274
2 72
2 2672
3 1619 2477
2 4682
2 413
1 1123
2 4356
3 3854 4180
2 2063
1 3789
2 3641
2 675
1 955
2 3621
1 49
1 1446
1 4167
2 2081
2 3759
3 3674 4852
3 1927 2189
3 173 3314
3 3884 4023
1 3813
2 4034
1 3110
2 2298
2 4491
2 1135
3 1527 2370
2 4027
1 4536
2 997
1 126
1 2855
3 1566 4659
2 3777
2 2851
2 4375
2 1288
3 4449 4660
3 1908 2677
1 4627
2 1511
2 4601
2 4849
1 1476
3 4263 4828
1 211
1 4567
2 3061
1 2586
1 668
3 3443 3690
3 2545 4072
2 3069
1 1165
2 3096
1 4641
3 328 841
2 775
3 4678 4879
1 4826
1 1326
3 3056 4238
3 1795 4333
2 4856
1 2456
2 4824
1 4994
1 3366
2 502
1 1172
3 3562 4983
3 3557 4562
3 3190 3719
3 2551 3299
1 4362
3 3264 4904
1 23
1 2988
2 4407
3 1119 1995
2 3511
1 1114
3 4149 4640
1 2105
2 3972
1 3274
2 3661
2 3963
2 4331
2 300
2 4181
3 4173 4323
1 3269
2 3361
1 3220
2 4564
3 4452 4991
3 807 1836
1 3923
3 4098 4473
1 3281
1 4047
3 3944 4428
3 3983 4806
1 24
3 468 2692
2 2789
1 4064
2 2154
1 3400
3 3302 3763
3 882 3410
3 375 901
2 1593
1 1191
1 4874
3 1616 4041
3 1604 3979
3 2660 4505
3 4829 4885
2 1529
1 3296
3 2893 4635
1 1725
3 4580 4668
3 422 2825
1 1481
3 1692 4272
3 1613 3644
3 3809 4457
3 2125 3330
2 891
1 1259
1 977
3 1149 2801
1 1354
3 19 2887
1 3553
2 4862
1 1888
2 3418
2 1086
2 3975
3 1078 4960
3 3159 4164
2 1670
3 584 4056
2 4421
3 155 928
2 3313
3 1378 3910
1 2426
1 932
2 4712
2 4614
1 20
2 333
3 4317 4322
1 1759
3 1170 4237
1 2362
1 1483
2 1431
3 4409 4773
2 3516
1 994
1 700
2 2369
1 1475
3 3206 3385
2 3435
3 2782 4426
1 4982
3 4867 4905
3 58 2493
2 4396
3 1267 4473
3 1231 4501
1 1988
3 574 3651
2 2129
3 1731 3821
3 3630 4678
1 2760
1 2671
3 3834 4455
1 1217
3 2651 4447
3 3523 4767
1 3796
2 2483
1 2953
1 4740
1 3490
1 1162
1 4368
3 737 1808
1 4631
1 714
3 3656 4735
3 3038 4852
3 3799 4359
1 2170
2 1101
3 3063 3230
1 1
2 3134
1 893
2 2077
1 4241
2 856
3 760 3673
1 1125
3 3219 3512
2 3731
1 3024
1 3673
3 1271 2710
3 269 626
1 156
1 2515
2 3788
3 1856 4257
1 32
1 3727
3 4258 4639
2 793
3 2476 4296
1 2107
1 4411
2 250
1 4901
3 3688 4146
1 2692
2 3191
3 2580 4258
3 4167 4370
3 2331 2862
2 3456
2 2132
1 1419
3 2349 4006
3 2346 2922
2 4875
3 4911 4917
2 2001
1 1889
3 1322 4379
1 183
1 3985
3 1462 3639
2 4269
1 4335
1 3982
1 288
2 968
2 2590
3 1463 4533
2 2614
3 1097 4979
2 954
2 4809
3 1093 2807
3 4554 4857
1 4986
3 731 1849
1 3307
1 4573
3 823 3537
3 2208 3232
2 4212
1 2078
3 1439 4262
1 4843
1 2412
3 1875 3375
3 4142 4574
2 1575
1 3210
1 394
1 263
3 3821 4499
2 581
2 4642
1 4575
1 4161
3 3601 4523
1 3541
3 2996 3697
2 169
3 2926 3269
1 4671
2 4642
3 2733 3680
3 60 1829
2 1311
2 3738
1 3158
2 4119
3 2119 3261
3 855 3818
1 757
1 133
1 358
2 714
3 463 4388
1 1554
3 3123 4267
3 1369 2370
2 1276
3 4480 4891
3 4632 4970
1 754
2 4542
2 1494
2 231
2 2658
1 2627
2 1212
2 3867
3 4307 4325
2 801
1 1933
3 1348 3426
3 825 3561
1 1033
3 4486 4981
3 201 2445
2 2152
3 3879 4511
3 82 3683
3 2665 3364
3 488 1838
3 1506 3889
3 4463 4977
2 4029
2 1162
1 628
3 2783 4384
1 4017
2 1586
1 878
1 4165
1 3961
3 4871 4945
3 4174 4817
1 2904
3 3341 4851
2 916
2 2796
3 4569 4660
2 2019
1 2541
2 4907
2 1216
1 592
3 4846 4953
3 643 3988
2 4221
2 1258
1 4159
3 4881 5000
3 3728 4468
3 4278 4669
3 2919 4601
3 1641 3603
3 4575 4687
2 3421
3 312 3154
2 1606
1 1241
1 4137
2 2225
2 274
2 728
1 1992
1 4779
1 1696
2 1033
2 4119
3 504 2154
2 3994
3 2415 4639
3 3179 3919
1 1681
1 4924
1 909
1 2250
3 4548 4819
2 3896
1 1971
2 4684
1 10
1 179
1 2867
3 3592 4798
1 1959
3 3666 3957
3 1422 3273
1 1877
2 2670
3 4305 4895
3 2299 3000
1 3274
2 4914
3 3393 3562
2 3924
3 1372 4967
3 2789 3172
2 2631
1 3753
3 906 2502
3 608 1606
3 1358 2084
2 1698
1 280
2 1232
1 2901
2 124
1 3949
3 4417 4937
3 4324 4985
2 4904
3 4046 4515
1 2804
1 4215
2 693
1 1191
1 1413
1 4167
1 656
3 3525 3756
2 2812
1 4945
3 4148 4721
2 2232
1 1345
3 4112 4448
2 3115
3 1224 1743
3 2898 3786
2 286
1 23
1 3125
2 4091
2 317
1 4235
2 2370
3 1310 3794
1 3771
3 72 1042
2 4636
1 1761
1 385
3 4750 4804
1 3627
2 2898
2 1852
2 890
2 2571
2 828
1 4084
1 473
2 4744
2 2589
2 2693
1 1522
1 4224
2 260
3 1069 1587
1 775
1 139
2 4847
1 4501
2 1736
3 3395 3447
3 199 4101
3 2408 4776
3 331 1999
2 4038
1 3483
3 4774 4969
2 907
3 1868 3559
1 1799
2 4170
1 3675
1 1608
1 1182
1 405
3 3351 4353
3 4818 4907
1 827
1 4369
1 4821
1 4356
2 3150
1 2205
3 2102 2910
3 4195 4448
1 4415
2 4605
2 1070
2 1808
3 887 2538
2 1525
1 1313
2 4807
3 4604 4767
2 1317
2 906
1 688
3 2646 2809
2 4709
1 2568
1 4683
2 4368
1 4830
3 4950 4962
3 2146 2638
1 4270
3 585 2982
2 1634
2 4752
2 4138
2 49
2 2691
2 1484
3 2555 2967
2 1393
3 2247 2259
3 1160 1632
3 540 2727
2 1171
1 2803
2 1753
1 238
2 1001
2 43
1 652
3 3240 3703
1 4692
2 3834
3 4165 4559
3 2173 4805
2 4615
1 3888
3 891 2605
3 450 2891
3 3878 3935
2 4312
1 471
2 4346
1 2167
2 3623
2 2354
3 3746 4248
2 4295
1 2562
3 4259 4673
2 1580
3 3768 4863
1 2753
2 3843
1 2484
2 2423
3 4548 4592
3 1239 3931
1 889
1 2772
2 3311
2 2017
1 1516
2 435
3 946 2136
1 1704
2 161
3 2514 4727
2 740
3 2807 4251
2 1068
2 1801
2 2252
2 3773
3 1918 4893
3 4903 4947
2 461
1 2567
2 2022
1 1271
3 4187 4214
1 3278
2 2558
1 1328
2 4509
2 61
3 283 3580
3 4467 4685
2 2823
2 76
1 3460
3 3242 3790
3 3492 4676
3 4053 4370
3 2922 3285
1 2405
3 4340 4395
2 2512
1 392
1 1395
1 4944
3 3937 4695
3 4010 4615
3 809 4969
3 1497 2876
1 2471
2 4251
2 3344
1 4225
3 4076 4382
2 4214
3 3346 4005
2 3347
3 4789 4828
3 1999 2622
2 2122
1 4895
2 3170
1 35
2 1036
2 4430
1 2913
2 4861
3 1330 4015
1 3033
3 3903 4547
2 1793
1 4190
1 3498
2 4768
3 1221 3371
3 3627 3731
2 884
1 2214
1 1844
1 1558
2 1609
1 1835
3 1931 2346
2 7
2 3785
1 49
2 4220
2 2474
2 1907
2 908
1 3146
2 175
3 3463 4360
3 1167 4830
2 847
3 960 3526
1 4064
2 4657
2 4029
3 476 1447
1 2484
3 2360 3267
1 3566
1 3162
1 3960
2 4024
1 336
1 1206
2 164
3 1897 2841
1 1094
2 1115
1 1932
3 1725 3610
1 2031
3 3365 4887
1 2878
3 2389 4800
2 3186
3 973 2860
2 3305
2 3388
1 101
3 17 1367
3 3867 4665
3 4083 4408
3 2903 3651
2 4790
3 4378 4920
2 638
1 2061
3 3822 4028
2 763
2 1004
2 2480
1 681
2 1191
2 2925
1 2545
2 4734
1 559
1 4394
1 1520
2 4985
1 1635
1 1416
2 2666
2 4134
3 4492 4724
1 1621
2 895
1 2371
2 1738
1 123
1 4901
3 308 3343
3 4623 4846
2 243
1 648
1 3909
2 284
1 2991
1 2199
3 3549 4574
2 2986
2 1321
3 3260 3807
1 4788
1 2503
2 1895
1 3071
3 2072 3215
2 1558
2 3246
2 2763
3 4214 4745
1 962
1 1727
2 979
3 1478 2471
3 1927 4599
3 4311 4962
1 1078
2 3524
3 3954 4700
3 2470 3355
2 4608
1 3101
1 4798
2 4300
1 1779
3 1179 3039
1 4858
2 4446
3 2623 4823
2 410
2 4200
2 4451
2 1967
2 599
3 4367 4850
1 2106
3 1165 1363
3 1277 4440
3 1552 3964
3 618 4909
2 1949
3 3232 4413
3 706 2487
3 3909 4188
3 1955 4742
2 2043
1 3782
2 1432
1 3003
3 1925 3237
3 3390 3737
3 2470 3961
3 696 1383
3 2138 3497
2 969
1 216
3 2393 4778
2 226
2 1773
3 621 715
2 4178
3 1833 3832
1 1017
3 2670 4190
2 1004
3 1444 4536
3 1953 3993
2 3003
2 705
3 498 4470
1 2808
1 760
2 2372
2 1600
3 4220 4645
1 445
2 1612
3 601 2368
1 397
1 3518
1 3514
3 3519 4773
3 1499 4889
2 1119
2 1649
2 867
2 2951
2 845
2 1969
2 1785
1 2167
3 3948 4373
3 295 1975
2 1723
3 969 1348
1 1099
2 3373
2 4807
3 4411 4703
1 4231
2 1709
3 717 3516
3 1685 3405
2 2457
2 4650
1 3178
3 1454 2437
3 1063 2219
3 3751 4070
3 2234 2244
3 2961 3178
2 4661
3 3530 4441
3 2302 3999
1 300
3 2580 4970
3 4540 4755
3 3592 3599
2 1891
1 1994
2 1197
2 1203
1 3695
2 4092
1 203
1 4636
3 14 2300
3 296 3157
2 1856
3 2758 3165
1 4354
2 360
3 2108 4887
2 4338
3 1213 2181
3 4646 4806
2 2429
1 2499
2 10
1 4656
1 123
2 2469
2 1870
1 2344
3 868 2938
3 2540 3085
3 27 950
1 2765
2 560
1 3705
3 4608 4660
1 824
1 2334
3 1007 4450
1 2205
1 1373
1 472
2 3441
2 112
1 3477
2 2554
2 2465
2 3842
3 1070 2842
2 4793
3 310 4444
3 1987 4160
3 668 2434
1 4306
1 1862
2 2962
3 3560 3746
3 1667 2145
3 1239 2877
1 3109
1 2872
3 3451 3827
2 2251
1 405
1 766
1 430
1 3369
3 2261 4707
1 3286
2 351
3 2576 4149
3 513 3762
3 4150 4849
1 1796
3 272 4227
2 201
3 1273 4343
2 2541
2 636
3 2252 4757
3 2572 4540
3 4183 4414
3 1671 3439
2 1014
2 2323
1 2173
1 4394
3 4764 4822
1 4533
2 567
2 1014
3 2600 3547
3 2013 2171
3 2316 4071
3 2881 3550
1 4230
1 2789
3 3137 3747
1 3662
3 3297 4460
2 1207
1 4298
3 4193 4304
3 2588 4924
3 1694 2081
2 447
2 1153
2 931
3 1552 4346
3 3978 4193
1 3325
2 354
3 1759 2851
3 347 1268
1 2873
3 1722 2739
1 1900
2 4812
3 4941 4958
1 586
3 3552 4181
3 3835 4868
3 4817 4961
1 3820
1 2378
2 5000
3 3096 4939
3 542 3537
1 2855
3 2942 3129
2 2084
2 1414
1 4394
1 3465
1 3762
3 583 3477
2 1000
3 1091 3571
3 4693 4781
1 1638
2 4288
3 3988 4398
3 337 998
2 3467
3 2189 4056
2 215
2 1895
3 127 3527
1 2736
1 618
1 469
1 894
3 967 2859
2 4046
1 2999
1 3225
2 1701
1 4536
2 389
2 4414
3 3759 3853
3 4962 4987
2 361
3 845 1072
1 4303
3 1445 2279
1 2921
2 263
1 4014
3 1025 1209
2 3948
1 4249
3 2013 3517
3 4987 4993
2 3976
2 123
2 496
2 755
1 3700
3 3877 4982
3 785 4530
1 757
2 3159
3 2474 4217
3 1917 3941
2 2557
2 3201
1 743
1 2081
3 4887 4891
1 1147
3 4943 4977
2 2737
1 4551
3 381 2252
2 4640
3 899 2758
3 4033 4168
2 262
1 575
3 1306 1558
1 1545
3 1742 4823
1 4487
1 3263
2 1700
2 1877
3 7 3970
1 1197
3 787 2593
1 4132
1 406
2 1722
2 2697
3 4428 4984
2 4063
3 3533 4330
2 1225
1 4843
2 2426
3 696 2896
2 977
2 4337
1 2318
3 1097 1863
2 744
2 4554
2 2742
3 4449 4963
2 1366
1 2126
3 1188 4707
2 2824
2 3428
2 280
1 4120
2 4452
1 4435
3 1867 4058
2 45
3 3263 3897
2 3900
2 1983
3 2282 4939
3 4817 4975
3 2572 4807
2 4490
3 4556 4734
3 4732 4907
2 4755
3 2609 4605
3 651 4013
1 3579
1 3127
2 916
3 2247 4558
1 716
3 281 2638
2 1160
2 3738
3 377 1217
3 3920 4339
1 4464
1 4152
2 1925
1 2773
3 872 4508
3 4405 4469
1 3243
2 4056
1 186
1 323
1 1542
2 2245
2 4360
3 1731 3862
1 2244
3 1691 2362
1 1547
3 2144 2318
1 989
1 2872
2 1644
3 628 4708
1 245
3 3361 3697
3 28 4825
3 3573 4347
2 3263
2 243
1 1626
2 2336
2 4634
1 266
3 1218 2912
1 3389
3 209 3467
3 4725 4820
3 4088 4437
1 242
3 4272 4823
3 439 4576
3 690 1437
3 3957 4682
3 1828 2755
3 3580 3767
3 3138 4707
1 2070
2 1591
3 2278 4981
3 3250 4614
2 529
1 3407
2 3622
1 4338
1 1410
1 57
2 3781
2 4355
2 4459
3 4150 4637
1 3782
1 1236
1 1442
1 3233
3 3064 4540
2 1084
3 28 4346
3 2282 4809
2 97
1 2587
2 3947
2 1674
3 1252 2383
2 4858
3 4809 4958
1 2318
1 2211
2 4132
2 1182
1 1459
2 3028
3 2651 2751
2 4261
2 117
3 1392 3235
2 3967
3 130 2785
3 3194 4650
3 4933 4955
2 2676
1 2848
1 1018
2 1620
1 1259
3 2418 3716
1 2867
2 1095
1 488
2 4573
3 4941 4995
3 1819 2861
1 1954
3 1152 2863
2 985
2 4890
1 592
1 706
2 722
3 4078 4222
2 1748
2 1289
2 1141
1 4828
2 1028
1 1771
3 4864 4954
2 3429
2 1365
3 1770 2456
2 1374
2 4761
1 3528
3 1806 3257
3 2659 4480
2 4878
1 2524
3 1103 1507
3 650 2204
3 3294 3588
2 3373
2 4147
1 715
1 3074
3 3685 3854
3 2897 3836
1 2055
1 3943
1 1002
3 3998 4432
2 2432
3 2345 3949
1 1097
2 683
3 79 3468
2 2701
3 1529 3123
3 1875 4287
1 3757
2 1636
3 4249 4879
1 3481
1 3380
2 3214
1 892
3 298 1389
1 657
2 2244
3 1308 2167
2 2474
1 4587
2 4838
2 3448
2 1943
3 1938 2209
3 4821 4925
1 2473
1 867
3 2932 3217
2 3501
2 4611
2 2896
2 2329
3 2518 3803
2 3673
3 3673 3978
3 2541 4123
3 3120 4210
2 2960
3 2310 2956
2 3281
3 246 3146
1 2668
2 4707
1 4761
1 1386
2 1887
1 289
2 3403
3 806 1094
3 4795 4797
2 1354
1 102
2 4288
3 4345 4588
2 348
2 2260
3 2424 2586
2 4166
1 1092
3 189 1076
1 4427
3 1683 4746
3 3110 3236
3 224 3035
3 4899 4950
1 161
1 914
1 4181
2 74
1 3008
1 3252
3 3727 4685
1 4543
2 4232
1 3947
1 728
1 3735
3 2193 2280
3 1103 4884
2 191
3 2341 2866
2 2641
2 255
2 4673
3 4034 4848
1 1862
1 4085
2 3804
3 909 3126
1 4316
3 2866 3928
2 4653
2 548
3 2243 2491
3 2679 3690
3 1433 4279
2 4830
1 4871
2 4214
1 1137
2 4723
1 834
2 1065
3 2063 2661
3 3364 3526
2 820
3 2380 3667
1 2741
1 1354
1 1878
1 1907
2 2434
1 1606
3 1635 4100
1 2670
2 853
2 4668
2 1078
3 2562 3463
3 776 2776
3 4451 4696
3 3673 4577
3 1841 4415
2 4933
3 3539 4361
3 3276 3571
2 4416
2 2207
3 1556 2232
2 4109
1 1483
2 2856
3 2269 4725
2 2464
2 1380
1 2484
2 3463
3 1104 4375
3 1333 2463
3 2195 3133
1 1363
1 3556
1 427
1 280
3 3932 4677
2 332
3 2332 3495
3 2083 3933
1 492
1 3820
2 476
1 2705
1 4495
1 3815
3 3571 4928
2 4707
3 4227 4683
2 1620
1 1186
3 2418 2479
3 3185 4849
3 4658 4902
2 3606
2 590
2 319
1 2077
1 3974
3 4732 4986
1 2664
2 367
2 412
1 2541
1 857
3 2497 4599
3 1036 2098
1 3928
1 4907
1 3021
3 2884 3497
3 30 1691
2 2685
2 4968
3 3849 4632
3 3026 3362
1 55
2 1927
3 1103 4059
1 4942
3 1826 3298
2 800
3 926 1133
2 2280
2 1854
2 3307
2 4361
3 3066 4829
1 1165
1 2112
3 960 4195
2 4175
3 1393 3865
3 892 2600
3 735 1888
2 4428
2 4292
1 1511
2 71
3 4386 4401
1 3234
1 3120
1 3680
1 3400
1 4347
2 3191
3 1309 4804
1 2285
3 4210 4554
3 814 3792
1 2061
2 758
2 4738
3 4408 4685
2 3938
3 1755 3602
1 4954
2 4621
2 2526
1 2675
1 702
2 934
2 4983
1 4381
2 4190
3 1719 2066
3 98 2086
2 1327
1 876
1 3161
3 654 721
2 4361
2 555
3 1527 3217
2 2006
1 1539
2 2128
1 2498
2 1733
3 3181 4129
1 4644
2 1989
2 3882
1 1981
3 1425 3812
1 3679
1 1891
3 1877 1971
1 2602
2 1758
2 3695
1 4191
1 163
3 229 618
3 760 2038
3 488 1722
2 1616
1 2376
3 4505 4868
1 4101
2 1891
1 3380
3 508 1179
2 2603
1 3597
3 2507 2555
1 2270
3 600 3122
3 4909 5000
2 4560
3 747 2538
3 4408 4432
2 2924
2 3953
3 3712 3958
1 1826
3 592 4589
3 2261 4559
2 3750
2 1699
2 131
1 581
1 4617
2 1732
3 3387 3562
3 3486 4975
3 709 2436
1 1489
3 693 872
2 4954
2 1616
3 1366 2248
2 1451
3 3665 4228
2 3918
1 1588
3 2463 3314
1 552
3 2223 3694
1 3403
3 4333 4769
2 52
2 3339
1 502
1 1172
1 4709
3 1027 4631
1 322
2 4929
3 135 594
1 3295
3 205 4653
3 213 3648
3 2142 2355
3 3020 3632
1 181
3 2244 3389
1 4064
1 1692
3 781 3178
2 1829
2 4178
1 4287
2 4534
3 496 3554
1 845
3 857 4879
1 1053
3 225 684
3 3179 4701
2 3941
1 3729
3 3298 3457
3 1354 2442
2 2193
1 1980
3 671 3181
2 2708
3 3247 4977
2 3561
1 4792
3 4159 4254
2 4475
1 4794
3 458 2195
2 1163
3 4665 4712
3 4501 4769
2 2145
2 1779
3 1905 3572
1 2549
3 2075 4630
3 4925 4981
1 4137
2 1799
3 2297 2447
2 1577
1 4747
2 630
2 3914
1 4814
3 2672 4728
3 2613 3547
2 3211
3 1426 1880
2 736
3 1548 2263
2 2322
2 3398
2 3818
3 2148 4747
1 4891
2 4430
3 726 3086
1 4545
3 296 875
2 3904
1 4138
2 3709
1 1076
3 1519 3530
2 4999
3 110 2364
1 1274
2 2842
3 2941 4128
3 4412 4728
3 4704 4984
2 167
1 2020
3 3479 4008
1 4947
3 2922 4817
1 3346
3 2353 4726
3 1261 2030
1 1471
2 1136
2 710
1 2110
2 1849
3 1252 4409
1 3757
2 1513
2 4637
2 4572
2 1045
2 2033
2 4478
2 4860
1 3841
3 1893 4403
2 1284
1 1326
3 3937 4287
2 4919
2 635
3 1948 3404
2 1198
2 4498
1 2328
2 961
1 1327
2 3009
1 1495
1 2319
1 3086
3 4888 4951
3 2626 4207
2 214
3 3496 3687
1 137
2 947
2 4105
3 4867 4948
2 2894
2 2732
2 3031
3 2827 4608
2 4675
3 2382 3417
1 630
3 707 1129
3 656 2984
1 3839
3 1133 1192
1 3958
3 3964 4787
3 4988 4990
3 2094 3059
3 4747 4854
1 1672
3 3 1813
3 3922 4534
2 1185
2 898
1 2186
3 3533 4308
2 86
1 789
1 1175
1 2413
3 3227 3924
1 4357
1 337
2 2719
2 2082
1 2830
1 2087
3 1703 4826
2 2190
1 2745
1 4233
3 4979 4997
1 1740
2 1555
3 2424 2941
2 3371
2 4032
3 1482 2617
2 4665
1 661
1 4812
3 568 2305
1 1616
3 2819 4122
2 4289
3 3400 4202
2 1473
2 3652
2 592
3 406 828
2 1377
1 2638
1 2132
3 4323 4543
3 543 4240
2 3782
3 2836 3392
1 2320
3 2985 4436
1 3847
2 2853
1 675
3 4946 4994
2 1287
3 397 1057
2 890
1 2272
1 3597
2 4199
1 3067
1 4390
2 527
1 2093
3 4033 4980
3 3115 4463
2 3978
1 3020
1 4578
2 4842
1 4926
1 674
2 632
3 572 3434
2 4378
1 3992
2 1232
2 1408
1 2009
3 2770 3211
2 4271
1 2850
3 2339 4334
3 1620 2776
1 4274
1 590
1 4584
1 1395
3 2916 3193
3 4795 4832
3 2770 4231
3 94 1646
2 4578
2 69
1 4824
1 3772
1 4492
3 229 3075
3 2945 3020
2 4765
3 2700 2967
3 2853 3017
1 2719
2 858
1 1259
3 925 4957
3 2529 4962
1 2437
1 2819
1 856
1 3080
2 4916
2 2967
3 3942 4010
2 4687
2 170
2 2221
1 4284
3 1471 1807
2 4741
3 2262 3410
1 2864
1 3391
2 3235
3 3333 4079
3 1870 3540
3 966 1696
2 3238
3 2536 3213
3 828 1273
2 2819
1 4506
2 2883
2 2336
2 4398
1 4368
2 3495
1 2324
1 3448
1 4107
2 1843
1 3719
3 1863 2691
2 3812
3 2165 4940
3 1160 1668
2 4018
1 4499
2 2301
1 2524
1 574
2 1750
3 4776 4843
2 863
1 4061
1 1620
1 881
1 1663
3 242 680
3 4470 4915
1 1098
3 48 2620
3 1062 4618
1 2146
2 3133
3 2863 3465
2 3021
3 3646 4582
2 1174
2 842
3 2381 2741
2 3842
2 3759
1 2360
2 1704
1 2617
1 2608
3 2770 4495
2 1333
1 3558
1 3573
2 4442
3 3727 4925
1 3001
2 610
3 4231 4399
3 2488 2561
2 1125
1 3346
2 59
2 1779
1 1566
1 1473
1 1226
3 2621 3361
2 2703
2 2749
1 130
2 4734
2 1108
2 3897
2 2692
2 4563
1 2528
1 1843
1 2357
1 2958
2 3018
1 1159
1 739
3 3860 4423
2 2191
1 2016
1 3142
2 1467
3 938 2983
1 597
3 3572 3882
1 4751
3 3277 3778
2 1249
2 2081
1 4186
1 2729
2 814
2 3423
3 2322 4660
3 3414 4246
3 2949 4211
3 2676 3675
