5000 5000
1 317
1 1085
1 2970
2 106
3 3544 4178
1 3849
3 831 4172
2 2053
3 414 3153
2 2310
2 4227
3 2567 4355
1 207
1 4906
3 722 1012
1 1595
2 4324
1 2858
1 1757
2 4578
1 3208
1 1592
1 3321
3 3567 4935
2 2326
3 1399 3698
1 3421
3 1869 2302
3 4757 4765
3 4765 4848
2 3869
1 532
2 15
1 4897
2 16
1 1298
2 2501
3 680 1806
1 4760
1 2913
1 991
1 2300
1 2345
3 4818 4999
3 698 4517
2 2411
3 1222 4702
3 2714 3215
2 3231
2 2006
2 1809
2 1343
2 1874
2 507
2 2614
2 4793
1 4022
3 1002 4928
1 1671
3 1440 4764
1 3635
2 964
3 3188 4158
2 4450
3 650 3033
2 2972
2 1146
1 1293
2 2672
1 4795
3 3904 4943
3 3628 4380
2 640
1 142
1 1482
1 3450
2 3301
3 2022 2097
3 4179 4424
1 3007
3 3909 4185
1 3656
1 1346
1 3423
1 3619
3 2250 4162
2 3029
3 4051 4459
3 4237 4583
1 2715
3 1181 3499
3 49 2126
2 3982
1 4673
2 1639
2 1463
1 1397
1 2474
2 740
3 2688 3592
3 285 4411
2 1691
2 1960
2 4245
3 4009 4782
3 4032 4898
2 4596
3 4272 4529
3 2409 2513
2 2937
3 3500 3637
3 3564 4958
1 1622
3 2274 2765
2 2654
1 1537
3 3087 3921
3 1350 4808
1 34
1 2264
2 4482
2 1014
3 3033 3463
2 987
1 4575
3 4912 4965
3 3941 4529
1 1221
3 3103 4951
3 2956 4116
1 878
3 4247 4894
3 4120 4827
1 1491
2 1386
3 3473 4799
3 3429 4879
3 4569 4846
1 9
2 4465
3 4628 4701
1 3142
1 4193
3 715 1946
3 3232 3714
1 1896
1 3658
2 4166
3 1243 1848
3 54 3439
3 4856 4928
1 802
2 1460
1 3322
3 3829 4470
1 2309
2 2269
1 2102
1 2303
3 728 1715
3 3342 3408
2 1806
2 2553
2 4179
2 3421
3 2477 3170
2 3313
3 1737 4658
3 3000 4861
3 912 1518
2 4574
1 4111
3 1315 1452
1 4097
3 437 774
2 2681
2 606
1 2824
1 74
2 428
1 3309
1 2132
3 1394 2074
3 2474 2873
2 2396
1 4855
3 638 703
1 2824
1 2093
1 10
3 380 3192
1 582
1 2024
3 256 2199
2 1418
1 2090
1 3455
2 3788
2 1520
1 3075
1 3955
2 575
3 4275 4541
1 1010
3 472 1055
3 3465 4408
1 3869
1 1933
3 1346 2877
3 4900 4924
1 2574
2 2374
3 2990 4834
2 2400
3 3432 3476
3 346 2312
2 1744
2 3915
3 4153 4289
2 2332
1 3301
2 4102
2 4931
2 18
2 2965
2 1548
1 4038
2 3613
2 2288
3 1211 1747
1 4891
1 3576
2 1663
2 2151
3 1185 2097
1 3668
3 2811 2920
1 1875
1 2258
1 1739
3 3058 3493
2 3132
1 4111
3 2504 4086
3 141 3931
3 2633 4983
3 4216 4491
2 2569
2 340
2 1175
3 2039 4701
1 1406
2 247
3 4093 4606
2 446
1 433
1 1531
3 4843 4894
3 2902 3983
2 909
1 321
2 913
2 2874
1 711
2 604
3 1200 4585
2 983
2 2335
3 3861 4539
2 3403
1 240
2 3230
2 2130
1 2499
3 62 4131
3 3618 3702
2 1631
2 4805
3 419 4254
2 1809
2 432
1 1024
3 2370 2969
2 431
3 3110 3731
2 1293
1 2246
2 1055
3 3363 4290
1 2927
2 1227
1 1037
2 4198
3 3036 4546
2 1219
1 1886
1 2899
3 3751 4393
1 3061
3 1384 4640
1 1236
2 3227
3 3241 3585
3 3534 3777
3 1751 2018
2 4942
1 303
2 1105
1 2941
3 1708 1798
3 4812 4990
3 3288 3485
2 565
2 4568
3 3551 3568
3 1573 3847
3 3430 4708
3 733 3179
2 3047
3 2808 4481
2 812
1 1019
3 2394 4102
2 4840
3 714 2762
2 274
1 4954
1 1099
1 2330
2 591
2 612
2 4944
3 596 1845
2 2060
1 2908
2 1985
1 2502
1 2058
2 4333
1 3613
2 4874
2 4442
1 3538
1 2337
1 1190
2 4298
1 3510
3 4523 4853
2 831
1 452
2 3673
2 3832
1 2516
1 2209
2 2315
1 3231
1 279
3 1906 2912
3 2673 4700
3 31 3544
3 1170 4158
3 3127 3783
3 639 1716
1 864
1 4392
3 2909 3511
3 2244 4101
1 384
3 1620 3280
3 3409 3591
3 4852 4875
1 1313
1 3182
1 4336
2 4617
1 3553
3 4568 4914
3 978 4437
2 3444
3 3330 4342
1 3827
3 1261 3603
1 3884
3 3298 3654
1 1625
3 604 3226
1 4011
2 4680
3 3887 4505
1 3366
3 4544 4791
1 2794
3 3985 4775
3 4888 4892
1 3415
3 2879 3561
2 2944
1 1198
2 4395
3 4675 4718
2 585
3 3053 3958
1 2858
2 935
2 4753
2 312
3 282 1880
1 3633
2 2194
1 3930
3 372 1775
2 4802
3 1145 4934
2 3686
3 4805 4936
3 1014 1776
2 3841
3 3166 4963
1 1733
1 2468
2 4300
2 65
1 951
1 3009
1 1164
3 3065 4881
2 1693
2 3287
2 1215
1 3775
2 4849
2 3273
1 4628
1 503
2 3167
3 3341 4351
3 3384 4669
1 4267
1 728
2 2084
1 4748
3 2103 3998
2 764
1 1282
2 3333
2 493
2 4034
1 3036
3 2458 2986
2 1371
3 3559 3744
1 3432
3 1199 1959
1 337
1 3047
3 4705 4773
2 444
2 2715
2 3478
1 3959
2 4761
3 1376 3325
1 3257
2 4865
3 4952 4994
2 3246
1 4998
1 2127
2 1991
2 1911
2 2732
1 3654
2 4612
3 4024 4805
1 3573
3 2190 4303
2 1770
2 4772
1 314
2 2040
3 1415 1639
1 2145
1 3191
3 2633 4351
1 1295
2 2985
1 1172
1 4959
3 3511 4496
2 3005
2 4567
1 2214
1 2169
3 1959 3681
3 3305 3803
3 2492 3868
3 3854 4930
3 3586 3736
3 796 3254
1 2391
2 1326
1 4040
2 1171
3 3127 4816
3 1938 3047
2 4546
2 2788
2 3767
3 3259 4060
2 4763
2 2050
3 1800 3567
1 3804
2 4073
1 2634
2 2173
1 1188
2 1983
1 2839
3 353 2425
1 4122
2 2914
1 4519
1 4755
2 3192
2 2402
1 4501
2 3311
2 2880
3 4810 4826
1 2096
2 3051
1 3804
1 3717
3 4645 4830
3 638 4193
2 4359
2 3134
2 4877
1 80
1 3551
2 2071
1 3291
3 4203 4415
3 61 1496
2 277
2 1707
1 1956
3 4685 4750
2 4123
2 2163
3 230 2818
3 3133 3226
3 1124 4803
3 4696 4765
1 4896
3 4883 4904
1 2552
1 4853
1 3281
3 127 722
2 2715
3 3003 3951
2 3779
1 4966
3 152 2819
2 524
1 3443
2 327
3 3247 4307
3 4545 4551
3 513 1987
1 262
1 2488
3 1847 2031
1 1455
1 1881
3 1926 3574
2 2699
3 1746 3038
3 266 4746
3 3711 4037
3 4235 4896
3 52 3607
1 3755
1 4648
1 4594
2 2477
2 2283
3 61 843
3 4535 4707
1 2626
2 2764
3 4796 4833
2 4984
3 1575 2201
1 364
1 2932
1 2826
2 4748
1 974
1 2917
2 375
2 405
1 1741
2 2022
3 2615 4364
2 579
2 1602
3 4435 4649
1 578
2 56
2 4202
2 354
2 455
3 2422 4100
3 4330 4676
2 1437
2 620
3 4282 4555
1 1986
3 608 1917
2 894
2 2054
3 3810 4338
1 3754
1 1986
3 2286 3154
3 4618 4820
3 1645 1976
1 3481
1 3654
3 3008 4051
1 784
3 1025 1050
2 388
1 4500
1 4032
2 1405
1 1426
2 3841
3 1721 4161
1 3632
2 677
3 595 2898
1 564
1 379
2 1522
3 2566 3878
3 2638 2999
2 697
1 115
3 4230 4774
3 2351 3809
2 4442
3 1624 3341
2 2481
1 2123
1 2333
3 3254 3479
3 1939 2600
3 4117 4315
1 1920
1 797
2 2829
3 3064 4927
3 501 4756
1 3134
3 1044 1905
2 4014
3 3309 3327
2 1961
2 2301
2 1408
1 1715
1 1644
2 3561
2 4337
3 375 1991
3 494 4382
1 1251
1 1604
3 2317 4059
1 1713
2 3946
1 790
2 2822
2 766
1 4991
1 3873
1 3926
3 4887 4982
3 5 1160
2 1720
2 633
2 267
3 4437 4783
3 2592 4629
3 2437 2837
1 3817
2 802
3 625 4038
3 4882 4947
3 4729 4902
1 1062
2 2027
2 3081
1 992
2 3079
2 2760
2 1998
1 2323
3 3527 3970
1 3678
3 3298 3502
3 953 2787
3 3953 4616
1 1659
1 4061
3 917 1278
2 1402
1 4643
1 3533
1 3337
3 556 1968
2 3181
1 126
1 2459
1 2159
3 1321 2830
1 1064
2 785
2 4401
2 703
1 4571
3 564 4507
3 3593 3948
1 2376
1 200
3 2124 4737
2 3466
3 630 2517
2 4134
3 1671 2417
3 1906 4079
3 2228 4121
1 3507
2 1987
1 2540
3 2268 2420
3 4515 4796
1 1469
1 3682
2 4991
2 4825
2 79
2 4065
3 4064 4475
1 561
2 3736
3 1981 4821
2 3600
1 1433
3 176 1723
3 598 4716
3 1958 3165
3 2458 4920
2 17
2 3793
3 2939 4928
2 537
1 3007
1 3183
1 2097
2 3679
2 3695
3 2153 2949
2 1786
3 2326 3718
3 3225 4982
3 4567 4704
2 4473
2 3589
3 172 3473
3 1682 4250
3 3569 4352
1 2863
3 3166 4119
1 4989
1 4861
3 4030 4288
3 2859 4603
1 4429
2 4484
1 1659
1 3631
1 2706
2 2214
1 2326
1 1546
1 1426
1 2221
3 3760 4225
2 1485
1 3097
2 3429
1 4151
3 894 1879
2 4236
2 995
1 1496
3 1230 1733
1 2552
3 2025 2128
1 3564
2 4020
2 1558
3 3370 3819
1 1486
3 70 1800
3 3015 4045
3 4950 4992
2 4842
3 248 787
3 2015 3796
1 1355
2 1691
3 3090 3321
3 4197 4829
2 290
2 4179
1 1800
3 2839 3625
3 2161 4042
3 2133 4005
3 2099 4407
1 2623
2 1806
3 2342 4906
1 4726
3 140 4306
1 4750
3 4565 4992
3 2032 3786
2 750
3 1801 4386
3 550 4900
1 3770
2 2509
3 302 1456
2 4495
3 4191 4442
1 3635
3 1522 2517
3 1507 1684
1 2003
3 1505 4278
2 4907
3 548 3054
2 3775
2 197
2 2907
3 1895 4445
1 3058
1 1150
1 4523
2 3332
3 1929 3558
2 1301
2 4211
1 2504
2 1592
2 551
3 962 3020
2 129
2 3552
3 198 531
3 292 2865
3 2886 4730
1 3131
3 4674 4868
2 828
2 1567
2 3212
2 4280
1 3044
1 1889
3 3047 3277
1 4552
3 113 1530
1 1090
3 2346 3287
2 960
2 2302
2 5
3 3528 4598
2 4516
3 350 4802
1 2972
2 843
2 4946
3 2151 4835
3 1310 4488
2 1013
3 497 3018
1 3989
3 2048 2230
3 834 4722
3 3397 3898
3 4938 4955
3 4899 4983
1 4878
1 2932
3 3400 3703
3 1354 4754
2 4271
1 4432
3 1520 2487
3 744 1910
2 26
3 835 1081
1 2381
1 1242
2 3440
3 4951 4993
2 1337
3 1370 4313
3 4295 4548
3 408 3377
2 3080
1 2447
1 105
1 1229
2 4616
2 1868
3 4174 4432
1 1952
1 4457
1 1020
2 344
1 1509
2 885
2 2990
3 4397 4739
1 4934
2 556
1 2562
3 3356 4525
2 2340
1 1796
1 2974
2 3987
2 3045
3 882 3801
3 1828 4017
3 1148 2636
3 440 4471
3 3946 4971
2 2608
3 3458 4288
2 699
2 776
1 2315
2 2317
3 91 4759
2 693
1 4359
3 2596 4845
2 4565
1 3508
1 2158
3 3153 3697
2 4349
2 4712
1 2301
1 3922
1 4328
3 199 1644
3 4909 4965
1 391
3 3549 3979
1 1695
2 1467
1 529
2 4268
1 4370
3 3548 3900
3 351 3641
3 3183 4942
1 1597
1 3813
2 2541
1 2869
1 2877
1 2808
1 3674
1 2934
1 3415
2 4427
1 2613
2 1604
3 1172 1751
1 589
3 4375 4473
1 480
1 2745
3 4693 4696
1 2475
3 3211 4841
2 4703
3 884 3803
3 3916 4417
3 328 2130
3 2728 4517
3 1090 3528
3 2467 4319
3 4348 4888
2 2306
3 2337 4233
2 645
1 1150
1 1432
1 3374
1 2479
2 2492
3 731 2900
1 4997
3 2406 3794
2 1506
3 391 3158
2 1555
3 1966 2419
1 1819
3 2866 3106
2 1416
2 895
2 383
2 1567
1 3119
1 1455
1 2354
2 1982
1 1271
2 1842
2 1359
1 2887
1 2979
2 3576
3 1671 2758
2 1742
2 2419
2 4021
1 927
1 466
2 4003
1 1546
2 2919
1 2898
1 3045
1 1895
2 4002
1 4839
1 677
3 4328 4589
1 2423
2 4817
1 4973
3 4403 4420
3 3956 4197
1 2487
1 889
2 3347
1 4821
3 1270 4681
3 921 3046
3 2000 3107
3 2847 2947
3 3297 3473
1 1813
1 2063
1 1821
3 103 1515
1 854
1 711
3 3586 4933
2 2830
1 1283
3 81 2366
3 3116 4232
1 3223
2 1972
1 3389
3 1078 2083
3 3882 4961
1 581
3 4654 4677
2 2040
1 3348
2 2549
1 1026
3 1336 2653
2 4363
1 4954
1 1454
2 4841
2 4228
1 4258
2 156
3 1287 1599
1 4963
2 3902
3 4771 4907
3 3983 4905
1 1753
1 1013
2 346
1 2542
1 975
3 2297 2934
3 2874 3616
2 3978
3 2293 4108
2 30
2 2061
3 3521 3549
2 1883
3 2808 4247
2 1243
2 4978
1 4256
3 4572 4826
2 4709
2 4814
2 3036
3 3827 4526
2 4375
3 2919 3076
3 3048 4949
3 2233 2743
1 3449
1 2238
2 3005
1 882
2 1822
3 2199 4346
1 2231
3 2937 3989
1 750
1 4326
1 4399
2 2986
2 4814
3 2776 4716
1 2546
2 2816
2 378
2 1973
3 3268 4755
2 2991
2 760
3 1462 2794
3 3416 4008
1 2830
3 1368 3317
3 3708 4262
2 2547
1 4447
2 1719
2 3554
3 763 1692
1 4785
3 1579 4137
3 3200 3718
2 466
1 2671
1 250
2 795
2 458
3 2509 2797
3 4108 4867
3 2873 4916
2 1716
3 1507 4887
3 2065 2204
3 1231 3360
1 2698
3 1050 3434
2 4940
2 773
2 3638
2 757
1 4615
3 2208 4765
1 3758
1 4851
1 1388
1 3305
1 4640
3 1372 2506
3 522 4475
2 569
2 1108
3 2153 2825
3 2368 2716
1 1919
3 4435 4627
1 2529
2 712
2 3553
3 83 2371
2 1009
3 1269 2294
2 2125
3 2427 3116
3 955 2758
3 4922 4960
3 2542 3714
1 3553
3 134 4609
2 4673
2 921
2 3622
3 4713 4808
3 4862 5000
3 2588 4714
2 708
3 4005 4083
2 3416
3 2898 3886
3 4969 4999
1 175
3 1025 1099
3 3807 4726
3 650 1202
2 1168
1 5
3 724 789
3 1843 4592
3 556 4529
1 1027
1 2275
3 570 4697
1 4893
3 1949 2889
2 1797
1 3689
1 1793
3 1503 1701
1 3065
3 2266 3635
1 1769
3 745 4496
2 1502
2 571
2 3973
2 1088
2 856
2 2491
1 3569
3 1088 1695
1 3074
2 4433
1 3742
1 2496
2 4762
3 2147 2344
2 4851
1 949
3 287 3928
3 1563 2051
2 4670
2 342
2 3065
3 1863 4906
2 563
1 1029
1 3884
2 4834
2 1291
3 600 4010
2 3590
2 2352
1 2995
3 1978 4523
1 2742
2 1759
2 897
1 2981
2 4513
3 4258 4928
3 4395 4561
3 428 2069
2 4874
2 3852
1 2367
3 2958 3557
3 3911 4990
3 3157 4457
2 560
2 3308
1 2514
3 286 337
3 4358 4476
3 3519 4698
2 3791
2 135
3 2070 3650
2 1510
1 623
2 4925
1 4373
1 2290
2 3029
3 4034 4451
1 2470
1 2995
2 4099
2 4371
3 3861 4724
1 3749
1 422
1 3442
1 1260
1 65
3 347 3266
2 824
2 1510
2 929
2 3357
3 1477 2721
2 4709
2 3271
2 4924
2 474
2 2874
2 49
3 4073 4435
3 1154 4786
1 498
2 2903
1 1871
2 2512
3 4037 4370
1 4463
3 501 2349
3 4586 4592
2 2981
2 4716
3 1932 3553
3 1698 4368
1 4797
2 4611
3 4494 4675
2 4024
1 2549
1 3957
1 3905
1 4307
3 1975 2921
2 2021
3 2574 4475
2 3156
2 250
3 1557 2078
1 2978
1 4449
3 4125 4494
1 3686
3 335 1718
1 4895
2 1676
1 4302
2 3877
1 954
2 631
3 975 4337
2 16
1 2567
1 2179
2 3242
2 4518
3 721 1035
1 3354
2 3945
2 877
3 1540 4285
3 2303 4401
1 2193
1 3983
3 3555 4780
1 4149
1 3833
3 2384 2519
1 1972
3 4410 4526
1 3431
2 4693
2 1151
1 4045
2 4508
2 3942
2 589
3 4987 4998
1 3544
2 1667
1 683
3 3108 3399
1 2178
2 2398
2 2226
1 781
3 67 4115
2 68
3 4903 4961
1 2508
1 1070
2 3330
1 361
1 3956
2 394
2 2454
3 1877 4503
2 84
1 2083
2 3442
2 2293
3 896 1683
1 4417
3 4444 4686
2 3618
1 1
2 3571
1 2263
1 1999
3 4565 4872
1 2732
3 2612 4250
1 1328
3 3288 4188
1 3080
2 1962
2 2308
2 4203
1 499
2 4925
3 3867 4252
2 4069
2 2542
3 175 302
2 3919
3 4894 4899
3 1369 1896
3 4354 4838
1 500
3 2223 3156
3 4489 4532
2 2388
1 1214
2 3948
1 2981
3 4586 4628
1 2296
2 3229
2 1243
2 375
1 4314
2 986
1 2272
2 2998
1 1954
1 3869
2 1515
1 3653
2 2594
2 484
2 2073
3 1745 3610
2 1500
1 1840
3 2187 4055
3 1773 2640
3 3990 4366
3 4181 4920
3 4337 4433
2 2751
1 4293
2 4017
2 1778
1 2193
2 4199
3 3798 4054
2 881
3 4141 4921
3 3581 3705
1 1215
3 862 1650
1 2327
2 4574
1 1245
2 1707
2 2853
1 2240
1 2270
3 1773 4543
2 1700
3 3309 4151
2 1013
2 4121
3 3965 3987
3 3256 4940
1 1596
1 3683
1 3869
2 693
1 295
1 4404
2 2167
3 4184 4776
3 1743 3503
3 3482 4918
1 3867
1 2789
2 1219
3 3060 3376
2 1631
1 2911
3 1459 3884
1 2392
3 3879 4803
1 1315
3 3134 4321
3 1514 2418
3 200 766
3 3861 4010
2 3847
2 313
3 3489 4982
1 197
3 2875 3870
2 2389
2 1754
2 3021
3 4049 4790
3 1000 2990
3 2069 4897
3 3726 4421
3 2545 4270
2 4534
3 389 2342
1 4891
3 433 2420
2 3285
3 2678 3679
3 1780 4958
1 3450
1 4116
2 2860
3 193 2613
2 4432
3 2948 3309
1 809
1 4615
1 1747
3 3339 4731
1 2031
1 2802
1 3808
2 566
2 874
1 1581
1 442
1 3951
1 2296
3 1499 4858
3 1499 3428
1 259
2 3934
1 3139
3 4894 4986
1 1098
3 79 1427
2 3828
2 1814
3 4968 4981
1 3593
3 1837 4256
3 1039 3201
2 3040
3 2916 4704
3 2663 3846
1 795
1 650
3 4636 4782
1 3860
3 2515 3699
2 567
3 2294 4284
3 4292 4590
3 2711 4005
1 4147
1 1170
1 2566
2 2018
3 179 1986
2 4692
2 3419
1 4512
3 1829 4617
3 2453 4402
1 479
3 3909 4839
3 837 1488
3 3027 3279
2 3245
2 249
1 957
2 4760
2 2906
3 4138 4387
1 3242
2 539
1 746
1 4105
2 1635
3 422 1371
3 2764 4166
3 535 3082
2 664
1 3565
1 4995
2 2960
1 3628
2 3405
1 3721
1 3820
2 4794
1 4078
2 2868
1 3376
2 1572
3 1412 2248
1 4523
1 2476
1 3684
2 180
1 2027
1 2956
2 3211
2 1505
3 910 4954
3 4746 4837
3 4650 4691
1 3843
1 926
3 930 4716
3 212 3584
3 4524 4834
2 1321
1 2426
1 551
2 4183
1 2641
1 3355
3 113 1189
3 1720 3645
1 1552
2 1383
1 4711
1 2380
1 4927
1 4470
3 1530 3859
3 1701 3383
3 3045 3588
2 2758
1 3541
1 4471
3 3212 4985
3 2502 4957
2 3645
3 2967 4846
1 2157
3 2516 4653
2 4167
2 3014
1 1537
3 3463 4306
2 2208
2 4007
1 4846
3 97 2063
2 924
2 3936
3 1992 2818
2 1781
2 3380
3 4266 4648
1 4759
1 3323
1 816
1 2585
2 227
3 667 2703
3 3778 4507
1 3252
2 4839
1 2017
2 4168
1 1658
1 2308
2 2689
2 3587
1 551
1 3064
2 542
2 2723
1 977
3 4710 4775
2 4566
2 4029
1 4032
1 3900
3 2686 4582
1 4034
1 4214
3 3064 3891
3 552 2262
1 2982
2 1296
3 30 4636
1 4998
2 4078
1 40
2 3794
1 1330
1 3922
3 2727 2831
2 2943
2 4459
3 1731 3257
3 3675 3847
2 4720
1 3545
3 2974 3208
1 2961
2 623
2 2395
3 1457 4174
2 1816
3 4450 4790
1 1303
3 2285 4273
2 4898
1 4654
3 4120 4947
1 1231
3 4628 4752
2 4140
1 342
2 4446
3 2048 3322
2 3236
1 4104
3 4922 4968
1 994
3 598 4981
2 4472
3 2127 3131
2 585
3 4583 4823
1 4496
1 4182
3 803 927
3 2521 4648
1 2450
1 2397
1 2088
3 3483 4337
2 4994
2 3599
2 2131
2 240
3 2544 4243
3 3496 4317
1 3779
2 2166
1 4502
3 4741 4844
3 2238 4389
3 916 1928
2 321
2 1474
3 1100 3435
3 2104 3826
3 1699 3721
3 3898 4045
3 1836 4353
2 1659
1 3095
1 1426
1 2146
2 2713
3 4286 4494
2 305
1 3165
1 3144
2 2051
1 4781
3 4364 4941
3 4709 4911
3 4228 4626
2 4069
1 3028
3 3730 3787
3 2776 4926
3 4797 4968
1 4014
2 3049
3 4013 4218
2 3046
2 1745
3 3305 3681
2 1626
3 3488 3952
1 4463
1 1755
2 1821
3 3197 4072
2 3763
1 3205
3 2728 4798
3 1747 2307
1 1540
1 2928
1 594
3 1965 2493
2 4679
2 1680
1 1261
2 3438
3 1217 3077
3 3737 3863
2 2507
3 3619 3908
1 1253
2 318
3 1200 1421
2 3709
2 2320
1 784
3 1504 2620
2 2816
3 1901 3299
2 3402
2 1657
3 290 843
2 262
2 390
3 2620 4377
3 3122 4578
1 2349
1 4738
2 3077
3 4879 4961
3 568 796
2 3967
1 5
1 2094
2 2699
3 1606 2700
2 623
1 4486
3 3413 4418
3 1194 4026
2 422
2 2997
2 2537
3 2568 4499
2 2908
1 4521
3 1281 2929
1 4434
2 2575
2 1165
2 3299
2 3967
3 1089 1334
1 2474
3 1419 3272
1 2176
3 3836 4824
3 817 4397
1 973
1 3791
3 2791 3292
3 2136 2252
3 2583 4221
3 4737 4866
2 1866
1 2972
2 1411
3 1017 4489
3 3449 3996
2 3981
1 3163
2 4638
3 3730 4494
3 4305 4527
2 2694
3 1405 4285
2 344
2 836
2 3608
3 3750 4907
2 2337
2 2987
2 1936
3 110 4402
2 2775
3 4803 4966
3 3570 3936
2 4961
3 676 790
2 1545
2 2947
1 2180
2 4588
3 3623 4772
3 2949 4853
1 4936
3 3379 3824
3 1110 1743
1 2371
2 4173
1 3847
1 2626
1 1387
3 2046 4398
2 1245
1 1890
2 4065
2 972
2 4083
2 612
1 4243
2 1359
1 2211
1 686
1 4074
2 1767
2 1803
1 2959
1 209
3 1615 3010
2 4511
2 4848
2 3164
2 815
2 2160
2 843
3 360 3942
1 1176
3 3488 4889
2 4125
1 3116
3 346 4695
1 4171
1 2649
3 2227 4780
2 4905
1 1546
1 2748
3 3853 4126
3 2251 3612
2 4450
1 4949
3 992 4874
2 1823
3 3996 4839
3 468 2234
3 1780 3387
2 3304
3 2357 3028
2 1716
1 4795
1 306
2 601
3 811 1420
3 9 4866
2 536
3 4341 4721
2 800
3 119 3056
2 647
2 3527
1 947
2 3910
3 4227 4387
3 4890 4990
2 4686
2 4437
1 4355
3 1573 3057
1 4206
3 250 1088
2 1395
3 2886 3532
3 3399 3546
1 1341
2 4565
1 4016
3 4969 4980
3 2400 3358
1 1932
2 1196
3 1148 3225
1 3941
2 1450
1 513
3 255 2334
3 2225 4978
2 4083
2 830
1 3955
3 650 4488
2 3000
2 2858
1 2019
1 3209
2 4992
2 3792
1 4009
3 3047 4586
2 4440
1 238
3 4990 4998
2 3399
1 3023
3 4603 4896
3 2475 4746
2 1184
3 4019 4194
1 1914
2 3602
3 2431 3777
3 1486 1777
1 3350
3 2942 3893
1 2113
2 4867
3 1194 2635
2 959
1 3782
3 4150 4930
2 2271
1 1639
1 1772
2 4386
3 516 1984
1 815
3 1913 2986
3 2436 4771
3 2399 4906
2 692
3 751 2233
1 285
2 2282
1 4735
3 586 4635
2 4655
2 4684
3 1937 2194
2 3703
3 4636 4803
2 676
3 3310 4317
1 401
2 3107
3 1927 4698
3 2141 4810
3 3295 4616
2 3854
3 3708 3983
3 1428 4197
3 3677 4102
3 4344 4501
2 4219
2 2561
1 3930
3 4663 4992
2 75
1 429
3 3592 4372
2 1199
2 3305
2 4931
3 290 4969
2 4306
3 1439 4543
1 3548
2 4802
2 3454
2 2436
3 4643 4868
2 4601
2 1203
2 4878
1 32
1 204
3 1560 2103
2 510
2 3250
2 2649
2 4796
3 4577 4859
3 212 4427
1 2479
2 2822
1 4901
3 1580 4362
3 4731 4969
3 3738 4756
3 3318 3743
3 3395 3567
1 2650
3 3714 4348
2 4915
3 4446 4747
1 3606
2 2054
2 2589
3 4972 4992
3 3896 4596
3 4573 4679
3 4761 4790
3 1402 2856
3 2698 3241
3 4139 4775
1 4926
2 3394
3 477 4425
1 3844
2 647
1 1668
2 4021
2 3533
1 2735
3 1463 3950
2 1721
3 4395 4833
2 3054
3 3372 4086
1 2436
3 4301 4590
1 2054
1 4446
3 980 2827
1 4740
1 348
2 2032
3 2213 2861
1 359
1 1752
2 4794
3 3987 4301
1 3371
2 2934
3 421 3203
2 2410
3 984 2229
3 2239 4987
3 4938 4971
2 1327
3 1842 1996
2 666
3 1815 4486
3 1401 2011
3 2096 2516
3 999 4714
3 3079 4473
3 3843 4637
3 4779 4933
3 870 984
1 2452
3 2486 4444
1 1289
2 652
3 2204 4597
2 3086
2 4461
3 713 2771
3 3374 4183
2 4340
2 861
2 2970
2 3161
1 1345
2 1317
2 705
1 2760
3 4545 4806
1 1148
3 3594 4027
2 4866
2 1119
1 3945
2 4225
1 2862
3 1721 3343
3 1820 2122
3 1101 4420
1 1963
1 3822
1 2862
1 4405
3 3768 4605
2 2055
2 2357
2 683
3 4206 4901
3 2826 3189
1 2385
3 4965 4982
3 1357 1457
3 4617 4923
3 3677 4738
3 4450 4857
3 1813 2518
3 4606 4701
2 1824
2 487
2 2796
3 1543 3155
2 805
1 1016
3 4786 4858
2 2769
2 172
1 4804
3 1684 4100
3 4211 4212
3 1961 2563
2 1402
1 4386
1 4364
1 4802
2 3150
1 3530
2 4698
3 4959 4998
3 4313 4628
1 1136
2 4
2 647
1 347
1 3046
2 3641
1 2760
1 664
1 1113
1 426
1 3994
3 4170 4425
2 560
1 651
3 4019 4866
3 1770 4815
1 2458
1 4977
3 4385 4506
1 2787
1 4548
3 620 2236
3 3042 4992
1 2190
3 2869 4374
3 3829 4652
1 1032
2 690
3 2016 2956
2 194
2 4529
2 1480
3 1860 4479
1 4751
1 3903
2 153
2 2560
2 2380
3 1184 2593
2 1453
2 325
3 3181 3371
3 739 1904
1 294
3 1411 1875
3 969 2731
1 3375
3 4439 4533
2 136
3 957 2168
3 111 3267
2 3957
3 4227 4795
1 814
3 3077 4359
3 4437 4728
3 933 3419
3 1329 3580
3 520 4755
2 4840
3 3047 4897
1 2409
1 1623
2 4170
1 2556
2 2266
3 2475 3534
3 129 849
3 2713 2814
3 1165 4614
3 2574 2916
3 4139 4843
1 3474
2 3138
1 4084
3 1192 3977
3 3755 4183
1 2780
3 2919 4729
1 2872
3 464 1343
3 448 651
1 111
3 2232 2756
2 971
1 4674
3 786 4961
3 3726 4603
2 3057
2 1774
2 3500
2 1570
3 1621 3775
3 3194 3499
1 475
2 1959
2 3941
1 600
3 3979 4839
1 1205
3 312 3629
2 2755
2 3573
2 728
1 4414
2 4537
1 198
1 1829
3 4726 4953
2 4716
1 1692
1 3078
2 198
3 2017 2297
2 1931
3 2634 2722
2 1798
2 183
3 1367 3382
3 1097 2106
1 1383
2 207
2 3492
1 2642
3 2554 2670
3 100 804
3 1277 2399
1 3612
3 2500 4581
3 2864 3846
1 4691
3 2347 2945
3 2312 4678
3 1175 4925
1 270
2 4274
1 1772
3 4103 4140
3 585 4622
2 2143
2 2274
2 2963
2 62
3 4908 4931
1 2056
1 2897
3 4741 4804
2 1886
1 513
2 375
3 1862 4600
1 1379
1 1484
1 4413
2 3230
3 1003 3980
1 2192
2 2488
1 4850
1 1405
2 3644
3 495 3496
3 3343 4090
3 3746 3810
3 3926 4354
1 3447
1 4248
3 1135 4387
3 4119 4120
1 4688
1 3522
1 3144
3 123 1531
1 4448
3 1171 1950
3 1506 2589
3 2723 4285
2 1001
3 1194 1807
2 3218
3 2560 4132
1 4253
3 464 2489
3 2080 2800
2 2295
1 249
2 3004
3 3509 4324
3 1092 3861
1 4426
2 2624
2 4887
2 801
2 2284
2 573
1 513
3 1161 3358
3 4605 4984
2 3189
2 2193
2 4564
3 1863 3810
3 2587 2809
1 1761
3 3859 4638
2 2020
3 159 1157
1 571
3 2873 4189
3 3564 3571
2 2448
2 2361
3 4216 4630
2 4934
1 1267
2 3437
1 1286
2 2572
2 2329
3 719 3860
2 3630
2 58
3 3080 3932
2 4019
3 910 1027
3 2690 2891
2 3544
1 3472
3 495 1585
3 4989 4994
1 1533
2 42
3 3572 4063
2 2711
2 1030
2 1427
2 3555
2 543
2 1236
1 3715
3 4257 4454
3 3798 4593
1 1356
1 926
2 4841
2 3966
1 3454
1 2024
3 3183 3244
3 1491 4595
2 4549
1 4635
1 1961
3 2342 3289
3 2393 3582
3 4888 4992
2 1410
2 1705
2 2115
2 1005
2 2081
3 1815 2238
2 4443
2 2640
2 4272
1 770
2 4741
2 4269
1 418
2 498
3 3165 4178
3 1652 3044
3 1976 4428
3 3059 4070
3 4379 4593
1 4725
3 4278 4429
3 248 4256
2 122
3 2368 3467
1 4710
2 2537
1 1624
2 443
1 1769
2 3011
3 4717 4850
1 1774
1 3882
2 4852
1 911
1 3902
1 3407
3 4471 4828
1 96
1 421
2 4189
1 1779
3 2569 3309
3 2752 4033
2 4879
3 587 4653
3 4279 4787
1 878
2 1049
2 1795
1 2654
1 2205
2 3263
3 617 2587
2 1687
2 3746
3 535 3912
3 3089 4916
1 2603
3 4254 4810
1 1373
2 4619
1 3419
3 3578 4270
1 1230
3 1897 4723
1 1524
3 2418 2490
3 1073 1947
1 4469
1 4732
3 2462 3774
2 4608
3 3780 4477
1 2138
1 2105
2 3157
3 2654 3403
1 2530
2 2360
3 2924 3090
2 1613
3 1721 4199
3 2276 2562
2 3688
3 3574 4500
3 3539 4319
1 3511
1 2490
3 3392 4984
1 1741
3 2872 3857
3 3768 3876
3 2514 3178
2 3965
1 4911
2 1636
1 4112
3 1999 4288
3 1166 1452
3 117 4453
1 2436
3 1856 2199
3 4977 4994
1 5
3 2723 4042
3 362 2524
1 3397
3 3541 3846
2 60
1 3341
2 4399
1 474
2 2991
2 4954
2 4538
3 543 1539
1 3749
1 2829
2 2516
2 308
2 2390
3 1549 2742
1 2068
2 4907
2 759
3 3509 3717
2 1961
2 876
1 3441
1 3343
1 4779
2 4708
2 2744
3 429 2885
3 3192 4567
1 4873
3 4097 4768
3 327 2071
3 1850 2214
3 1660 2465
3 4061 4880
3 2855 4468
3 4475 4671
3 1505 1875
1 3874
1 3467
3 4409 4897
2 2586
3 2579 3185
2 2516
2 4582
1 3947
1 164
2 2756
2 519
3 586 1929
2 4144
1 461
1 385
1 2057
2 4186
1 4743
2 3472
2 898
1 3207
2 1503
3 2631 4234
3 3502 4367
2 4493
2 2844
3 1221 2869
3 3636 3785
2 2551
1 913
3 4774 4947
3 924 2491
1 4644
1 839
2 465
3 3689 4040
3 1831 2931
3 2700 4500
2 4264
1 384
3 2357 3685
2 3491
3 901 2904
1 4845
3 2810 2901
2 3587
1 3329
3 1545 1650
2 1905
1 3727
3 137 3088
1 4317
1 4664
3 4807 4912
3 4267 4742
1 2173
2 2217
2 2535
2 777
2 152
3 2680 3208
3 1922 3833
2 1714
1 324
1 2220
2 3163
3 1754 4865
1 1917
2 4834
2 2488
1 2786
1 4518
3 1415 1577
2 210
3 4026 4157
1 2244
3 3961 4053
2 91
2 1500
3 4961 4973
3 1730 3390
2 3549
2 4015
2 820
3 1013 2986
1 2767
1 3121
2 2597
3 1173 3746
2 4355
2 2942
2 2399
2 4115
3 1050 4217
3 2137 4339
1 3069
1 662
3 4158 4257
3 3411 4405
3 4249 4789
1 2603
1 1257
1 125
2 2097
1 4697
2 4400
3 3163 3554
2 2346
2 4976
2 4775
2 2723
2 480
1 3709
2 3227
3 2777 3841
3 1909 3996
3 2597 3411
3 791 2792
3 1813 3271
2 1761
1 3942
3 2257 3092
2 2436
2 2702
3 124 3339
2 3491
1 4893
2 2502
1 4749
1 749
3 3604 3935
2 4636
2 1107
2 2759
1 2296
3 1354 4552
2 4022
2 3571
2 4511
2 3607
1 1541
2 1984
1 2287
1 278
1 1772
3 1731 3977
3 4590 4965
3 2092 4374
1 900
1 3487
2 4338
3 3030 4661
3 359 3237
3 1904 4192
1 963
1 3107
3 4489 4605
1 2632
1 1035
3 1211 2007
1 3139
2 1504
2 3313
1 2844
2 1348
3 3003 4355
1 3600
2 1942
1 3537
2 4395
1 2421
2 1636
2 427
2 3168
2 1288
2 1490
3 1983 4227
3 1794 2281
1 2221
3 2645 3275
3 2922 3352
3 4940 4977
1 2386
2 2536
3 652 2731
1 2624
2 2813
1 2873
3 3997 4862
1 236
1 3989
1 612
1 2771
3 4797 4911
2 1882
3 13 273
2 75
3 2408 2738
3 3677 3938
3 4344 4795
3 537 3725
2 3163
1 2815
2 1356
2 3286
2 1768
3 4974 4992
1 1627
3 4316 4692
1 3989
2 1193
2 31
3 1182 2848
1 4096
2 4388
3 3715 4628
3 1306 3731
1 790
3 3296 3510
1 462
1 3872
2 2600
1 3223
3 4157 4632
3 1089 3851
3 1830 2732
1 908
2 3590
1 4952
1 1533
1 2322
3 2874 3327
3 3798 4288
1 1895
2 153
3 3138 3642
2 3185
1 1731
1 4571
3 539 884
1 2686
1 664
3 3269 3752
2 1840
1 514
3 3637 4049
1 2237
2 1783
2 4590
3 4275 4454
1 3680
3 2638 4712
2 2854
3 3086 4345
3 215 3528
3 2985 3033
3 3499 4440
1 3596
1 3929
3 3370 4718
3 2178 3203
1 2424
1 1776
1 2992
2 2575
1 2120
2 2615
2 1806
1 1440
1 625
1 3942
1 4119
3 669 3842
3 3888 4993
1 4871
3 1037 4105
1 4750
2 472
2 2795
1 690
2 2714
3 1231 3645
1 3083
1 4634
2 1969
3 1796 4538
1 4139
2 2761
1 2514
1 4400
3 3975 4642
3 4804 4894
2 1488
2 4100
3 2792 3951
3 233 2362
3 1470 2265
1 3915
2 3301
2 126
2 2623
2 1214
3 4739 4875
3 3191 3380
2 8
2 4125
2 1449
3 502 4986
3 594 3774
3 4809 4928
1 1926
2 3781
3 2557 2774
3 265 1629
1 1701
1 986
2 4205
3 868 1993
3 938 2812
1 3025
1 3147
2 1938
3 365 1791
3 3808 4531
2 3758
1 4108
3 4044 4417
3 4876 4939
2 3712
1 2376
2 2127
1 2928
2 3947
1 4454
1 1890
2 1993
3 2544 3524
1 833
2 695
1 2997
2 2836
2 4822
2 568
3 641 4989
2 4935
1 868
1 168
1 2930
1 3439
3 4100 4852
3 2248 4480
3 472 4355
3 4421 4950
1 4892
1 1211
1 1638
3 4492 4903
2 2052
1 4753
3 3473 4345
2 195
2 2898
3 1203 2745
1 1893
2 2314
2 1168
2 4114
2 386
2 1197
3 4039 4517
1 2975
1 2487
1 884
1 708
2 4116
1 1175
3 4117 4479
2 3482
2 2841
1 1763
3 4297 4920
1 2685
1 978
1 129
3 1935 2755
2 2336
3 3478 4477
2 2040
2 789
2 4096
2 163
1 1116
2 4601
2 4901
3 1304 2382
2 3593
1 610
3 671 3116
2 4275
2 4660
2 2716
3 3738 4788
3 103 1579
3 169 2918
1 715
1 1214
1 1487
3 1843 2102
2 1891
1 2765
1 896
3 3577 4528
2 626
1 4258
2 1300
1 577
1 527
1 4913
3 722 4678
2 237
3 2695 3582
2 4557
3 1843 3976
2 3580
2 3314
2 1969
2 3556
3 3400 4145
2 238
1 883
1 263
2 990
1 2134
3 4371 4482
3 2548 3836
1 4805
3 3980 4893
2 4342
2 3037
2 4595
2 3214
2 4401
3 1709 4799
3 127 3109
2 50
3 1470 2300
1 3846
1 926
1 3611
3 2430 3474
1 1400
1 2417
2 2188
3 3390 3400
2 4770
1 1293
3 4113 4969
1 4304
1 3850
1 406
1 4672
3 4096 4355
2 516
3 1175 3265
2 2412
3 2883 4581
2 208
2 614
1 1643
1 924
3 3840 3905
1 3918
2 2404
3 3890 4817
1 4169
2 4262
2 2915
3 948 2776
2 3744
1 4941
2 4395
2 1580
1 2102
2 743
2 1407
3 4140 4852
2 4800
1 1212
1 3767
3 4695 4982
2 1774
1 4618
1 2544
2 4423
2 360
1 1216
3 4394 4973
1 687
1 543
2 2419
1 2014
1 3749
3 4058 4514
2 4700
2 4532
1 3340
1 3639
1 1017
1 1582
1 2481
2 3487
3 973 2416
3 396 1413
3 321 1698
2 4647
3 4415 4721
1 750
1 396
1 1983
1 1125
1 4600
1 2836
1 2775
1 1521
1 1947
2 150
3 4278 4754
2 414
2 4426
2 3907
3 2211 2303
1 3816
1 4067
3 562 4164
3 4727 4927
3 3883 4419
3 3579 4093
1 142
2 138
1 597
2 1240
1 4019
3 4253 4991
1 4377
3 3329 4966
2 3130
1 2952
1 4749
1 2523
2 4201
2 1382
3 127 1848
2 4965
2 4282
2 4919
3 4854 4864
2 582
3 2577 4256
3 1426 2815
1 3724
3 584 3419
1 4620
1 1943
3 3445 3646
2 2154
3 3459 4570
1 546
1 1800
2 405
2 4323
3 2375 2545
3 1547 2929
2 2807
2 410
1 306
2 1914
3 3871 4030
2 3977
2 2845
2 251
2 4444
2 3518
2 3990
1 1040
3 3612 4633
3 2388 3437
1 1985
1 3492
2 409
1 809
1 4998
3 1909 4729
1 386
2 3536
1 3598
1 2958
3 2702 4840
1 4464
1 4154
3 4475 4522
2 2633
2 853
2 3329
2 1449
1 554
3 220 818
3 4281 4284
3 727 980
1 2086
2 4908
3 91 3852
3 2908 4517
3 2345 4910
2 3988
3 1894 4458
3 223 236
1 31
1 2680
3 4419 4727
3 655 1505
3 139 1518
3 3210 3727
3 3572 3798
3 4446 4666
3 1674 3724
1 2988
2 1916
1 1304
1 990
2 2306
2 4678
3 167 1281
1 3718
1 1161
1 1489
1 2919
1 4094
1 855
2 1756
3 4178 4523
2 4974
2 4339
1 4787
2 2104
3 2817 3992
2 3557
1 758
1 4127
1 4954
3 1625 2601
3 4116 4121
2 1748
3 2987 3506
3 2152 4631
1 1073
1 1708
1 2927
3 504 2276
2 822
2 4272
1 313
1 4880
2 3658
2 1126
2 319
3 4245 4640
3 3469 4111
3 4417 4636
2 3364
2 4236
3 3005 3057
3 4242 4413
1 3196
2 1462
3 2116 3582
3 1124 4311
3 3239 4499
3 2874 4089
2 660
1 4128
3 3180 4449
1 599
3 3250 3757
3 2032 4187
1 4811
3 1915 4158
1 3582
3 1651 1854
2 218
2 3641
2 848
3 1720 4270
1 2508
2 2940
3 4323 4568
2 2690
3 4897 4912
2 1625
2 4970
3 4724 4845
1 3206
2 2231
1 3549
2 4913
3 1864 3854
1 1365
3 2213 3060
1 1278
2 3010
3 4033 4154
2 2209
2 1626
2 1894
1 146
2 716
1 4485
1 1267
1 4557
2 1847
3 774 3495
2 2292
2 1837
2 442
1 4535
2 4734
2 4652
1 2905
3 2690 4224
2 2152
3 3805 4317
2 2019
2 4618
1 846
1 3141
2 4079
3 113 778
3 1990 4787
1 4710
3 71 3687
3 332 3580
3 3921 4877
3 4064 4621
1 1411
3 1136 3617
2 3382
2 1718
3 3980 4166
3 2698 2776
1 2929
3 3707 4027
1 264
1 815
2 4370
1 1391
2 3577
1 4611
3 4211 4737
1 3906
1 441
3 2624 4915
1 3128
1 3885
3 591 4661
2 1578
2 355
2 591
1 2597
3 4619 4836
1 2653
1 915
1 330
3 3324 3615
2 1472
1 971
3 189 2193
2 1177
3 1296 2602
1 2244
1 317
2 4413
3 1471 1719
3 4902 4929
2 318
3 85 2780
2 652
2 3057
3 574 1133
1 1525
2 3491
2 2530
3 4247 4567
3 238 1159
2 2152
2 2296
2 4734
1 734
2 4512
3 1311 1430
2 1714
1 4394
2 3875
3 4042 4213
2 1487
2 4527
1 2710
3 3483 4914
3 2677 4962
1 1116
2 515
3 4249 4714
1 4772
1 1274
1 419
3 106 1873
2 3276
2 1789
3 339 751
3 2783 3363
2 4112
1 4497
2 4199
3 104 4465
3 4710 4816
2 2677
2 3522
1 537
1 1657
1 3498
3 4782 4946
3 849 2059
3 3011 3022
1 4195
1 1849
1 1700
2 3560
2 3582
1 2475
2 2917
1 380
3 3173 4625
3 1946 3588
3 1188 2823
1 2122
3 2178 3767
3 2739 3272
1 2958
1 3044
2 2586
2 1693
1 1802
3 487 2730
3 4306 4337
3 275 3809
2 3999
1 2227
1 2929
3 2742 3436
3 2121 2505
1 3651
3 4009 4118
2 4952
2 3920
1 2483
1 2397
1 1465
2 1586
1 3982
1 3438
2 3546
2 2536
3 33 3086
2 1795
2 1257
3 1323 4623
2 2928
1 1569
2 1139
2 655
3 1785 3061
1 1391
3 1033 1842
1 1916
1 674
3 2250 2716
1 3318
1 2696
2 4927
3 2461 4706
3 568 1988
3 4546 4702
2 3588
3 4878 4955
1 3319
3 4459 4655
1 4200
3 3704 4177
1 4742
1 2734
1 1027
1 1827
2 421
1 1522
3 4695 4862
2 903
3 1946 3244
1 2303
2 2281
1 4824
2 2994
1 2011
3 1919 2214
1 4604
1 1057
2 958
2 4817
3 1224 3648
3 230 1034
3 1949 3885
3 3 1986
1 3268
1 962
1 110
2 2470
3 4902 4912
3 303 331
1 2178
3 4034 4328
1 4805
2 2583
2 2600
2 1013
1 3302
1 3884
1 3836
1 3899
1 4125
1 4916
3 4492 4610
3 3632 3982
3 2241 4389
3 135 4450
2 2957
2 1605
3 645 3830
2 153
1 4925
3 925 1138
2 1663
3 4598 4651
3 449 4131
2 1832
1 538
2 2343
2 1877
3 4342 4668
2 89
1 1874
1 4181
2 2844
3 1941 4078
1 4184
3 3232 3389
1 4230
2 1110
3 2939 3456
2 770
3 2594 4899
3 2763 3895
2 739
3 2132 3947
2 2457
2 3072
1 4521
3 1305 2136
2 2018
2 3140
1 3935
2 1971
2 2442
1 51
3 2201 2506
2 753
2 743
1 2635
3 4544 4556
3 534 3940
1 505
1 2260
1 1498
1 4056
1 4293
1 1434
2 600
1 2263
1 1640
2 713
1 1843
1 4900
3 2456 4479
1 3257
2 1575
2 4783
3 1134 2833
3 3425 4407
3 2553 4392
3 4444 4877
1 3422
2 4717
2 1423
1 2049
1 1899
3 3938 4846
2 1512
1 2307
1 4270
3 126 1131
2 855
3 101 2902
2 335
2 1191
3 3754 4181
1 1960
3 1537 2751
2 2341
2 1631
2 4515
2 558
2 4267
2 1127
2 3848
1 784
2 2255
2 3093
1 2719
2 854
1 4792
2 2543
3 2233 4903
2 436
1 1465
1 3481
2 1309
2 155
3 1670 4299
2 2423
1 3478
3 2587 3683
1 1405
1 4077
1 2876
1 3265
1 3733
1 1809
1 2601
1 4064
2 3587
1 2590
3 734 3282
1 1567
2 3475
1 569
2 3959
1 3927
3 4584 4876
3 3543 3633
1 4471
1 4578
2 2778
1 4500
3 4724 4754
3 4239 4360
3 791 3170
1 1137
2 4377
1 1510
2 1481
1 1688
1 4644
3 3928 4794
3 2939 4142
1 1092
1 3364
3 2809 4873
1 4027
2 4894
1 1744
3 3821 4360
3 2795 3537
3 2319 2864
2 2467
2 1625
2 3489
2 3087
2 3946
2 3468
2 1036
2 4999
1 2665
2 3650
1 2341
1 835
2 2493
2 4394
1 2265
1 2613
1 2490
1 3442
2 3686
1 4684
1 309
2 3616
3 1149 4140
1 2720
3 2073 4096
2 1262
3 106 4198
3 1239 4619
1 590
1 2544
2 3381
3 3233 4580
1 3822
1 3
1 2079
2 4888
1 3320
1 4051
1 1243
3 2378 3998
1 535
1 4395
2 4464
2 4845
1 533
1 2129
1 3801
3 2862 4108
2 3637
3 1144 1149
2 487
2 3579
3 3389 4345
1 1502
2 52
1 4156
1 1385
1 487
1 911
3 2401 3171
2 1124
1 4421
3 4416 4885
3 868 4074
2 305
3 4900 4990
3 1480 2876
2 3455
2 3776
2 40
2 1202
2 3321
1 436
2 3120
3 3017 3452
3 3972 4655
1 3570
2 639
2 3166
3 3385 4441
3 3917 4444
2 2107
2 1235
2 1475
3 798 4484
1 3429
3 3810 4628
1 3651
1 2022
1 4898
1 4454
2 4478
3 1889 2396
2 366
2 3917
3 1908 4182
3 4212 4393
1 282
1 358
1 122
3 2875 3892
1 3476
3 2514 2782
1 3301
2 2986
3 393 4566
3 3859 4313
2 2656
1 4651
3 4971 4984
3 3825 4437
3 1298 3225
2 4767
3 943 2330
1 4078
3 2985 3649
1 4
2 2932
2 2433
3 1607 3753
1 1691
3 3133 4632
2 423
1 605
3 4161 4404
1 4087
1 2708
2 702
1 614
2 3728
2 832
3 3902 4782
3 2973 4011
2 938
3 1599 4428
3 1589 1853
1 2093
2 1431
3 742 3401
3 4963 4988
1 886
1 2720
3 667 1716
2 2928
3 657 2228
3 3358 4399
1 1715
3 845 3386
3 1238 4504
2 306
2 1769
2 4322
2 1614
2 2056
1 3908
2 1263
1 1700
3 569 3964
1 2714
3 2142 3356
3 1401 3406
1 2732
1 250
1 2122
3 3212 3544
1 3222
2 2940
1 2152
3 816 4815
2 402
2 3250
1 4321
2 4753
1 896
1 1872
3 1797 2212
3 3326 4853
2 463
3 1925 3328
2 410
2 2361
1 2835
3 3564 4868
1 2657
2 358
1 1891
3 399 2767
3 4509 4510
3 3084 4835
1 3827
2 719
2 3479
3 1668 4938
1 3432
3 1 321
2 2814
3 4407 4564
1 4718
1 1826
1 4134
2 4841
3 4572 4918
1 631
1 471
1 2957
2 3320
1 980
2 4335
3 1415 2940
1 1067
2 1881
3 4954 4969
3 2536 4799
2 4794
2 2859
3 3039 4364
3 4542 4839
3 1879 3297
2 3747
3 1845 2848
1 4023
1 3635
1 1681
2 73
2 691
1 2047
1 2193
1 3218
3 4396 4397
3 4090 4591
3 901 3795
3 3876 4102
1 4087
3 527 3672
3 1745 3468
3 2460 4354
1 3233
2 3295
2 3313
1 3038
2 1722
3 4205 4945
2 2019
3 3565 4439
2 274
3 73 536
1 1159
2 1940
1 612
1 4980
1 1960
3 4286 4512
2 561
1 641
1 4766
3 1902 4585
3 2042 3273
2 3374
2 3467
3 1143 3165
1 799
3 2003 2092
1 1416
3 1016 3898
1 4940
2 2708
3 2839 3830
3 45 1941
2 4850
2 3330
3 2158 3136
1 2517
3 1918 4317
3 3279 4475
2 2306
2 2690
1 3895
1 822
1 4456
3 1870 4978
3 2295 4327
2 3073
3 299 759
3 3389 4604
2 3955
1 2635
2 3572
3 3313 4731
2 3724
3 4260 4958
3 1126 2620
1 278
3 2603 3435
2 4723
3 2986 4976
2 4983
2 2134
2 1147
2 180
2 1246
1 2843
3 2712 3992
2 422
3 4811 4949
3 2677 4244
1 247
2 3206
3 406 4673
3 3763 4762
2 2525
2 2184
2 3216
3 96 2726
2 1035
3 1576 4398
3 4637 4875
2 3599
3 1352 1356
3 3862 4628
1 4361
3 133 947
1 2787
2 3754
1 4276
2 38
2 2115
1 3130
1 2026
1 4938
3 3854 3867
2 1682
1 1240
1 535
2 4840
1 4041
3 4401 4547
3 2330 3087
3 351 2085
3 2740 4973
3 433 4719
1 3800
1 2328
3 1567 3706
1 1000
2 4680
2 2239
1 2774
1 164
3 4007 4290
3 4012 4658
1 2021
3 811 2940
2 3152
2 3946
3 1041 2019
1 1769
1 889
2 563
1 3079
1 518
2 4638
1 139
2 3414
1 4772
3 1091 1332
3 3178 4817
3 4170 4317
3 140 1887
3 1046 1550
1 2163
1 2453
1 4611
1 4073
3 1934 4913
3 4480 4910
3 4360 4624
3 296 1718
3 799 1787
1 1195
1 982
1 3867
2 4550
2 1746
1 2042
2 4896
3 1045 4717
3 4593 4759
3 4940 4970
3 2955 3062
1 3062
1 3079
2 329
2 1268
2 4745
1 4987
1 925
2 241
3 1746 3835
1 355
1 3932
3 1513 1711
1 24
1 2666
2 3838
3 998 1469
1 2947
3 2893 2939
2 2589
1 3083
1 1748
1 4677
1 3134
3 2689 3077
3 1417 4610
2 802
2 4422
3 660 1509
1 2860
1 3937
2 1199
3 560 1126
2 4862
1 794
2 865
1 4014
1 539
2 2070
1 895
1 4483
1 1270
3 4427 4984
2 1921
1 4876
3 4764 4944
2 4382
3 2821 4237
3 4299 4566
2 225
3 3473 4790
1 4022
3 440 3351
1 4933
3 865 1304
3 3426 4674
3 4408 4926
3 3911 4288
1 4329
1 3653
1 4337
3 1475 3476
2 4736
2 2213
2 4149
3 3191 4353
3 48 2128
2 1543
1 2471
1 4874
1 2123
2 802
3 572 605
3 2401 3631
2 1145
1 4685
3 834 3775
3 3319 4555
3 639 932
2 1525
3 714 3758
2 2306
2 3431
2 2532
3 4801 4904
3 4839 4993
2 821
2 299
1 804
3 3773 3793
3 2194 2672
2 2115
2 4614
3 421 2389
1 997
2 4894
2 1606
1 2778
2 2040
3 2922 4417
2 826
3 458 968
2 577
3 540 2687
2 586
3 1945 3890
1 783
3 2715 2940
3 3160 3830
3 2081 2184
2 3029
3 4597 4601
1 1478
3 3882 4398
2 415
3 2299 2408
2 1372
1 1063
1 4642
3 2624 4297
3 4112 4679
1 895
3 4164 4904
3 2518 3197
2 3133
2 445
2 4291
2 3652
3 4827 4869
2 1355
2 1647
1 2741
2 4188
1 1563
1 3408
1 1641
2 372
2 3509
2 4353
2 4118
3 4002 4330
1 490
1 3708
1 2394
3 2757 4326
2 3824
2 4379
2 3633
2 2222
2 4117
1 1628
1 1990
1 3728
2 4178
1 198
3 1086 1867
3 316 3148
2 357
1 4643
2 4189
3 3088 3851
2 4341
1 3404
1 2196
3 3865 4024
1 2600
3 891 4096
3 2790 4386
3 4403 4662
2 1869
2 2844
3 1194 3814
3 3005 3162
3 1576 2246
2 731
1 4928
2 1457
1 3540
3 3482 4085
3 1849 3506
2 4727
3 1198 4269
2 4496
3 3241 4601
2 263
1 1193
1 1931
3 1106 3351
1 537
1 2156
1 2108
2 15
3 1689 4288
1 4684
2 2411
2 1956
1 1526
1 1821
3 4039 4756
1 1589
2 200
2 758
3 1950 2123
2 2829
3 3550 3981
3 465 3381
1 3770
1 4629
3 3149 3608
2 2979
3 2413 3472
1 425
2 3429
3 263 4091
1 1159
1 4819
1 2733
1 713
2 1053
1 550
1 4528
1 599
1 2627
1 1673
1 697
3 1210 1343
3 4967 4985
2 2763
1 4074
2 2910
3 4074 4850
1 4872
2 2768
3 3965 4909
1 2366
2 2210
2 4877
2 955
1 1623
2 673
2 3342
1 2435
1 2060
3 4785 4805
2 4596
3 2394 4963
3 1891 3052
1 485
1 3928
1 336
1 381
3 1077 3042
2 4123
2 3759
3 608 1221
3 1694 2961
2 627
1 1201
3 2193 4473
1 2295
2 4859
1 4016
1 802
2 4552
3 2233 2640
2 3320
2 1957
2 3385
2 2185
2 281
3 221 4927
1 528
2 285
2 3243
1 4339
1 4509
1 4977
1 4219
3 2191 2356
2 2596
2 4363
3 4646 4799
3 221 1446
2 2675
1 4321
3 2136 3428
1 4052
2 3817
1 3746
1 2901
1 2883
3 1043 1655
2 1626
3 1286 4382
3 1198 2034
2 1863
3 3305 3671
1 1491
1 949
1 3163
1 3336
2 3567
2 4918
1 574
3 4009 4425
1 4088
1 555
1 711
3 3197 3501
3 4663 4789
3 915 4364
2 1331
1 915
2 4149
1 4082
1 3907
1 1730
3 3731 3824
1 3935
2 507
3 3302 4511
2 2444
1 178
3 4125 4853
3 3262 4898
2 1411
1 4572
2 1677
1 4781
2 767
1 231
2 3749
2 4620
3 2951 4470
3 2225 2890
3 1477 4437
3 2362 3372
1 4911
1 3866
1 1538
2 4941
3 3675 4995
1 3958
1 3658
3 4095 4535
2 2749
3 2460 3877
2 950
1 625
3 616 1553
2 4717
3 62 3436
2 1516
2 767
1 2041
3 4507 4563
3 1738 2221
2 4996
3 1303 4949
3 502 886
2 3216
1 2793
3 783 3816
2 647
3 2749 3637
3 534 839
3 519 2337
1 1154
2 4751
3 3388 3696
1 241
1 4180
1 1286
2 1970
2 2859
3 4069 4835
1 2537
1 4402
1 3565
1 4348
1 3340
1 3440
3 3926 4635
1 1862
2 2991
1 325
1 3979
2 2589
3 1161 3756
1 3257
2 2470
2 196
1 4580
2 1596
2 656
1 3741
1 3562
1 3383
2 3545
3 2160 4638
1 4654
2 2738
3 174 1344
1 96
3 886 1889
2 1101
2 2873
3 3919 4841
2 962
3 3325 3586
3 2420 4104
1 3978
1 489
1 2186
1 2475
2 1640
3 4217 4368
2 4509
2 4474
3 249 4282
1 2646
2 2842
1 3703
3 4078 4334
3 3293 3993
1 681
1 4599
1 4462
1 1395
2 1761
1 2139
2 2209
1 1476
1 2152
3 1699 4466
3 4908 4960
2 1764
2 791
2 448
1 2687
3 1738 3206
3 3486 4387
2 4243
2 4184
1 826
2 3179
1 2730
1 3464
2 1359
2 4226
1 4330
2 621
2 1758
3 1875 2729
1 4001
3 653 3703
1 4390
1 4311
3 4796 4918
1 1311
1 773
3 921 3877
3 144 2297
3 2798 4598
1 312
2 2238
2 1286
1 4066
1 1296
3 1420 3566
1 3515
1 4686
3 90 3636
2 3654
3 2570 3171
2 3437
2 3349
3 1081 2441
3 263 3472
3 2157 3317
1 3949
2 963
3 3065 3398
1 914
1 4054
3 2572 3094
1 4446
2 322
3 2177 4698
2 1781
3 654 4723
3 4870 4924
3 4739 4941
3 4455 4566
1 3212
3 3303 4941
3 1219 4570
1 1956
1 2005
1 2115
3 3665 4719
1 2108
1 325
2 2012
2 670
1 3287
1 4361
3 3939 4742
2 2871
3 515 4190
3 754 4029
2 586
2 1346
3 4539 4913
2 1141
1 3826
1 3138
2 1669
1 1844
2 692
1 2096
1 847
2 575
1 609
2 3663
1 277
2 3213
1 3010
1 1987
1 1990
3 2164 2541
2 831
1 3361
3 819 3959
2 2154
2 704
1 1275
2 1531
3 858 1097
2 3628
2 1499
3 2472 2559
3 2054 3988
1 1687
3 4854 4989
2 4381
3 4813 4857
3 1192 2722
1 2289
3 3613 4243
2 2537
2 3001
2 4301
3 1303 1656
1 4333
2 2661
2 2712
2 1737
1 4212
1 3000
2 2422
2 203
2 4627
2 3344
2 557
2 4667
2 3124
1 1087
2 1651
1 1038
3 4241 4750
3 3596 4459
2 3114
2 2056
1 2869
1 3119
3 4760 4885
3 32 3455
3 3745 4831
3 473 584
2 4418
2 577
1 786
3 650 1933
1 2300
3 4366 4668
1 4451
3 3466 4415
1 542
2 343
2 2385
1 1721
3 1315 4661
2 1338
1 2210
1 265
1 3834
2 2128
2 719
2 1661
1 1705
1 3621
1 1900
1 682
2 923
2 3566
1 437
1 3622
1 3561
1 766
3 4133 4980
3 4837 4930
1 460
1 1672
3 75 3171
1 4178
1 862
3 2176 4756
2 4171
1 960
1 1454
1 3596
3 1020 3401
1 1877
1 193
1 1686
2 4151
3 1536 4342
3 4072 4371
3 3825 4441
2 1794
1 2459
3 2882 3188
3 724 3901
2 4061
3 4399 4860
1 513
1 3912
1 3591
2 3915
1 4222
2 1282
1 57
3 3640 3993
2 1986
1 1916
3 4318 4413
1 63
3 2143 2424
1 773
2 646
2 1337
2 3699
2 3383
3 1544 4352
1 1496
2 783
3 1310 4650
2 4560
2 4816
2 851
3 4534 4917
2 4265
2 4808
1 360
2 4343
2 3989
1 2181
1 1929
3 3317 4819
2 4789
3 1087 2013
2 2229
2 399
3 1702 1932
3 2892 3720
2 1086
3 4009 4326
2 2484
3 877 4803
3 694 737
1 2821
3 3502 3702
2 2088
3 4099 4815
3 4914 4959
3 1469 2522
2 437
1 4816
1 3000
2 1344
2 3224
1 4883
3 660 3403
1 2462
2 3836
3 3926 3971
2 1487
3 2438 3638
2 1354
1 1638
2 3651
2 4702
2 4861
2 3751
3 645 793
3 3014 3471
1 4458
3 1591 2980
1 2091
3 1362 1438
2 2779
1 1113
2 3939
2 3315
1 4069
2 150
3 2611 4683
3 4098 4652
3 4719 4738
2 3852
3 680 3135
3 1776 4338
2 762
3 1876 2690
1 3440
2 1051
1 371
3 4734 4981
2 1940
3 771 1046
1 1203
1 1840
1 467
2 678
1 3938
1 4423
2 1908
2 1224
1 3243
2 782
3 3551 3590
3 399 2486
2 3833
2 3082
2 4939
2 3673
1 4571
1 4865
2 4645
2 394
1 3616
2 4581
3 1170 4611
3 2470 2553
2 2689
1 3069
1 3519
2 3147
1 1437
3 1437 4774
2 1082
1 1969
1 3569
2 1013
2 2516
2 2193
2 3549
1 4687
2 167
1 4816
3 4588 4649
2 2707
3 3627 3744
2 3796
3 190 230
1 2908
3 2347 4438
3 3933 4649
3 2028 3037
1 584
1 883
2 407
3 186 3277
3 1067 2098
3 4676 4988
1 4187
2 4445
1 2114
3 479 719
2 2877
1 1485
3 2011 2832
2 3706
2 3069
2 520
1 1469
1 4062
2 563
1 3057
2 12
2 3503
3 2655 3175
1 1697
2 2937
3 2329 4706
1 1928
1 2000
3 855 1281
1 412
1 2642
1 1816
1 4127
3 594 1149
3 2067 4998
1 3322
2 3751
3 4893 4900
2 2657
1 4549
1 1615
1 105
2 813
3 4249 4262
1 3592
2 3765
1 1664
3 3578 3710
3 4168 4639
1 4699
1 134
3 2311 3518
3 3924 4811
3 2172 3490
1 225
2 2697
1 4388
2 3792
3 4924 4963
1 879
3 2012 4205
2 1619
1 2829
3 2815 4725
1 158
2 4499
2 1357
3 3840 4298
2 2396
3 3051 3382
3 4637 4672
3 3365 4688
2 299
2 3296
3 1258 3107
3 1806 2828
2 4814
1 2036
3 2179 3882
2 4694
1 2862
3 4840 4860
2 1953
2 3644
1 1756
3 4408 4730
3 3649 4484
3 4311 4859
2 1362
1 3061
2 3865
