5000 5000
3 884 1301
2 278
1 4164
1 447
2 1994
1 3692
2 4635
3 1991 3485
1 15
3 2566 3273
2 788
2 2905
1 1701
1 2922
1 4125
2 3293
2 4718
1 1098
3 4504 4602
3 1626 3522
3 112 2074
2 4097
2 4073
3 198 3110
2 45
2 1351
3 4839 4886
2 1257
1 3239
2 2508
1 4869
1 3627
3 3660 4303
3 3291 4058
3 2045 3023
1 211
2 2802
1 4577
2 1302
2 3698
3 4 4533
3 2299 4286
2 4048
3 2606 2611
3 404 2926
1 870
2 4027
1 504
2 603
3 3013 4601
3 707 995
3 2938 3413
2 4717
1 4183
2 1632
3 4186 4214
2 1199
2 3764
2 59
1 2085
1 1880
3 194 3929
1 3526
3 1820 4156
3 2613 2779
3 2204 4476
1 2813
1 1110
3 186 1356
2 4723
3 4908 4973
2 913
1 3733
2 2857
2 3909
2 4518
1 2743
2 3685
1 4886
3 1409 1844
3 1179 1831
2 3908
3 3730 4046
2 4652
1 3003
1 4889
3 3918 4061
1 2180
2 3616
1 3613
3 651 2516
3 4561 4633
2 4236
3 3292 3962
1 2944
2 3753
1 405
3 1584 4259
1 2735
2 789
3 4051 4204
2 838
1 308
3 4307 4547
1 4817
2 3746
1 577
1 2359
3 2334 2349
2 433
3 968 4270
2 4549
1 2222
1 3319
3 270 1796
3 2311 4371
3 2278 2922
3 359 3800
3 2507 3542
2 4804
1 193
2 2526
1 3901
1 4861
2 3246
1 4042
3 1098 1172
3 4848 4948
3 2182 4104
2 3823
3 1611 3174
1 3571
1 2245
3 3730 3935
1 4350
2 3988
2 1209
3 1518 2752
1 1100
2 4814
1 3100
3 3051 3165
3 1289 1467
3 1385 2124
2 4879
1 1435
1 1516
3 3603 4812
1 1646
1 346
1 3893
1 2481
1 2376
3 3159 4781
1 1302
2 3529
1 4239
2 3573
1 2974
2 1210
3 4841 4947
3 1204 3497
3 2957 4935
1 1324
1 1710
1 4056
2 1608
3 2921 4325
2 230
1 4534
3 1327 3991
3 1539 2554
3 4718 4736
1 3267
1 1699
3 2595 4467
3 1795 3782
1 4851
3 1764 4342
2 2339
3 1591 3432
3 4939 4942
3 3119 4600
1 324
3 281 508
3 601 3830
1 260
2 658
1 948
1 2567
2 1492
2 3200
2 1975
3 787 4949
2 3240
2 1913
2 3918
2 4832
2 11
2 3747
3 3342 4255
2 2261
1 1026
3 773 2760
1 3715
3 3682 3946
3 3975 4866
2 1567
1 4653
2 2527
3 4017 4753
3 1873 2091
3 719 730
2 519
1 1909
2 4740
1 3943
1 3071
3 3882 4928
1 1702
1 4067
2 1615
1 1485
2 2420
1 2984
2 2033
1 3
2 4867
2 3559
3 4030 4055
1 4630
1 3954
1 1331
1 1431
3 43 1804
2 4807
3 3661 4778
1 4098
2 2267
2 4412
3 2914 3262
1 4757
3 2803 3499
3 2325 4347
1 1761
3 533 2413
1 1527
3 3380 3741
3 596 3496
1 2199
1 214
1 3818
1 580
2 4487
1 1547
3 478 3140
3 1603 1632
3 1400 3742
2 3345
3 3000 3216
1 4682
1 4666
2 2750
1 4101
1 3645
3 1885 2752
2 3720
2 2161
1 2005
2 3847
2 893
3 8 1620
1 561
2 1163
2 3655
1 1137
2 796
3 1224 1483
1 1717
1 1534
1 3765
1 2482
3 2536 3088
1 867
1 1973
1 4893
1 3915
3 4327 4441
1 3524
1 4260
1 4299
3 4567 4600
2 479
1 4057
2 1306
3 4857 4887
1 137
1 4652
2 1328
2 3328
1 3964
1 4199
2 1597
2 4359
2 2313
2 1641
3 2246 3007
1 3144
2 68
3 2493 4843
3 4115 4539
2 4299
1 1573
3 1948 3082
3 4855 4957
3 1757 1793
2 1185
2 822
3 2978 4180
3 4167 4868
2 4803
3 4524 4563
1 4352
1 4352
2 1794
1 2367
3 2290 3425
3 2785 3454
1 2103
1 1357
3 1861 4110
1 1069
3 863 4331
1 3574
1 1699
2 2311
1 2480
3 1334 2364
3 2084 2587
1 2283
2 3754
3 1575 2252
1 4559
1 2675
3 3955 4586
1 4267
1 2366
1 2999
1 2829
3 3875 4525
3 1460 2063
3 4855 4912
1 3670
1 4196
3 2455 3179
3 3708 3809
3 4527 4816
3 1114 2891
3 3078 3394
3 98 2972
2 4557
2 3964
1 3570
3 2027 2943
1 4218
1 1550
1 660
2 1184
3 1439 4504
2 3947
2 2923
1 2796
3 3778 4294
1 2267
3 3368 3398
2 2384
1 2273
2 4129
2 4255
1 3353
2 2496
3 4482 4705
1 300
3 3792 4495
1 317
2 4814
2 3279
2 1751
3 1216 1277
3 1075 3836
1 2942
2 4937
2 2470
1 1299
3 1251 1861
3 3401 4102
1 3523
1 1911
2 3300
1 2070
2 1001
2 3170
1 1314
1 2789
1 2573
2 921
1 3590
2 1981
3 1118 3908
2 4869
2 2472
1 3764
3 632 2142
2 766
3 896 2151
2 1551
3 2520 4754
2 2649
1 1363
3 3263 4126
2 3400
3 3383 3938
3 693 1415
2 834
3 3861 4375
2 4154
3 284 3137
1 2769
1 3359
2 4247
1 2088
3 2858 4138
1 659
2 1483
3 3289 4723
2 1914
1 409
2 3755
2 439
1 873
3 2742 4502
3 1775 3126
2 295
2 3032
1 3956
3 2786 3696
1 4088
1 3222
3 2749 3391
1 4974
2 2925
3 2977 3056
3 530 614
3 2147 3502
3 3168 4743
1 1981
3 4923 4939
3 853 1918
2 1429
3 2522 4257
2 301
2 48
3 3342 4854
1 3659
3 4904 4969
1 4220
1 4454
3 4901 4999
3 3043 4053
3 4054 4831
3 147 539
1 3354
3 4556 4876
2 3124
1 181
2 1305
1 4641
1 2012
3 3042 3307
1 3962
3 2278 4061
2 382
1 4111
2 3685
2 1639
2 3606
2 4087
2 3178
3 3108 4963
3 4043 4846
3 2356 3435
2 695
1 4570
3 4178 4287
1 1494
3 1017 3583
3 979 1820
1 4388
3 3017 4500
1 4615
3 2467 3338
2 2003
2 4437
1 2990
1 704
3 4121 4315
2 1830
2 287
3 3777 4283
3 1296 1314
2 962
2 578
1 2114
1 210
2 3488
1 4590
1 3940
2 4283
3 4256 4347
3 4332 4621
2 3019
2 3505
3 4961 4971
2 3934
2 3029
3 3830 4872
2 249
1 1391
3 833 2361
3 4115 4473
1 170
3 4993 4995
3 3647 4448
2 2675
3 2136 4388
3 3732 4868
2 993
3 2338 2838
3 4522 4888
3 1189 3216
1 4832
1 2056
1 1109
1 3617
2 2743
1 1984
3 4305 4774
1 2018
2 3154
1 4015
2 1527
2 581
3 921 3476
1 2032
3 4597 4601
1 3298
3 625 2322
1 2200
1 3987
1 3578
3 4570 4817
1 3710
2 2903
2 585
3 3081 4391
2 2794
2 2966
2 1821
3 3666 4007
1 3973
1 2158
2 4691
3 4282 4657
3 4395 4546
3 2537 3511
1 430
1 3393
3 2572 4960
3 2473 3022
3 1870 3960
1 2958
2 306
3 791 1311
1 4622
2 4458
1 248
1 217
1 1651
1 1850
2 1703
3 3695 4976
3 3974 4317
1 3132
2 1234
1 4274
1 3308
1 1955
3 3681 4969
3 2027 2245
1 2478
2 3484
1 3234
1 307
3 2631 2755
2 3647
1 2068
1 45
3 4987 4997
1 3042
1 37
2 2702
1 2460
1 665
3 4339 4485
3 3540 4515
2 4096
1 4903
2 1154
1 4710
3 4794 4931
2 1516
2 4269
1 4853
3 3693 3836
1 2145
3 3358 4995
1 2544
3 4393 4897
3 2264 4253
2 3991
2 1236
1 2790
3 4037 4447
1 538
2 1511
2 1268
3 4495 4527
1 3685
3 4257 4349
2 90
1 4882
1 3858
1 4943
2 3167
1 1747
3 3309 3823
1 2964
1 3249
3 1509 2305
1 248
2 292
3 1285 2235
1 3441
3 4520 4910
1 3878
2 1894
2 3053
2 5
2 1361
3 3721 3739
1 616
1 1770
2 1349
2 2371
2 3883
3 443 4908
2 2378
2 306
1 3186
2 3652
3 618 1501
1 4888
2 3868
2 4888
1 2756
2 1295
2 1821
2 4835
3 3871 4266
2 4286
3 4348 4810
3 4413 4715
2 2636
2 3397
3 2290 4546
2 4951
1 1343
1 1937
1 3394
2 1760
1 3956
1 185
1 4904
3 2832 3826
2 4738
1 2922
2 201
2 1887
3 4840 4995
1 4378
2 4496
3 1853 2457
2 3329
2 2342
1 3464
3 3211 4396
3 1604 3039
3 917 2343
3 1458 3303
3 3379 4087
3 366 3423
3 2845 3502
1 4211
1 817
3 2386 3132
2 4846
2 1728
1 1347
3 2295 4690
3 1366 2675
3 1949 2277
1 842
2 4678
2 2304
2 49
1 3964
1 4
1 4155
1 694
1 1019
1 2498
1 4550
3 244 1260
3 603 3945
3 4843 4886
2 1548
2 4519
1 2269
3 274 2108
1 3874
2 4684
1 2958
3 3302 4385
3 2972 4086
3 4870 4956
2 3019
3 1003 1286
2 2102
1 3691
3 3588 4759
2 649
1 4360
1 1374
1 1170
3 1690 2520
2 1526
1 1672
3 2021 2722
2 3553
2 533
1 1973
1 4163
1 4340
1 2037
3 4419 4901
3 1444 4601
1 4512
1 1343
3 2279 3483
3 2572 3104
2 1221
1 3404
2 3042
3 4093 4702
1 1737
3 1974 2664
3 2356 3200
3 3627 3753
3 4571 4909
1 248
3 1410 4912
1 1839
1 902
2 2125
3 4369 4664
3 568 3255
2 1375
1 3359
1 1159
2 82
1 4974
1 1622
2 3524
1 4927
2 1325
2 2899
3 882 1012
1 546
3 1971 3910
1 2167
2 1272
1 1718
2 3045
2 151
2 4399
1 4122
3 1911 2400
3 3832 4368
3 3735 4311
3 383 2344
2 979
1 1754
1 2408
1 3123
2 1818
3 4472 4988
2 2431
3 4457 4506
1 292
3 510 4783
2 209
2 3768
2 1084
3 2590 4563
2 656
1 449
1 1964
2 2311
3 2016 3671
2 3827
1 4815
1 339
2 1727
2 3467
1 4701
3 4616 4618
2 3194
2 832
2 2744
3 2333 4411
1 334
2 1243
3 3599 4735
1 2289
1 1588
2 2289
2 4563
3 4498 4771
2 3919
2 3755
3 4481 4545
2 582
1 3217
2 1599
3 43 2189
1 3061
3 4488 4608
2 1801
3 2902 3830
3 1071 2505
3 3116 3323
1 4593
1 1379
2 470
3 776 1678
1 1804
2 4930
3 1932 3150
3 1105 2304
2 4540
3 743 3961
3 212 3440
1 2661
3 3788 3915
1 3621
2 471
1 2738
2 2700
3 1763 3177
3 1010 4268
3 3571 3621
2 2615
1 2723
1 2312
2 697
2 3171
3 3310 4866
2 2492
1 1551
2 1305
1 1577
3 4310 4824
2 3803
1 626
1 4136
3 1733 1757
1 4215
1 1429
3 3051 4074
1 1050
1 24
1 1647
1 3245
1 4133
1 2571
3 1053 1990
2 3293
2 3380
2 615
3 537 824
2 800
1 1177
1 775
3 1514 3127
1 2947
2 392
3 4667 4694
2 575
1 3833
2 4439
1 1057
3 4939 4949
3 4527 4771
1 1438
2 4422
2 2753
1 429
1 3373
1 4486
2 2457
3 4372 4583
3 4366 4928
2 3671
2 3341
1 2967
1 227
1 3897
2 235
3 3830 3899
2 2048
2 2840
1 1586
3 3627 4085
2 1005
2 3576
2 850
3 4593 5000
2 2157
1 647
2 3520
1 1105
3 2725 3435
3 4829 4926
3 1992 4657
3 3788 4937
1 3363
2 4819
2 3887
2 1506
2 2580
2 151
2 4815
2 2779
1 2593
1 2252
1 2984
2 2614
2 2228
1 861
3 108 1848
2 4607
3 3106 3690
1 441
2 1500
3 4371 4502
1 3446
2 3094
2 2754
1 4316
2 1516
2 2140
1 1994
2 342
1 1169
3 3428 4405
2 1968
3 2048 3061
3 1964 3174
3 3535 4627
2 3333
2 2998
1 3053
3 4460 4999
3 3904 4778
2 3731
1 2239
1 2845
3 866 4544
2 4804
1 3123
3 848 4724
1 308
1 3765
2 2634
2 4276
1 781
1 1392
2 1149
3 4322 4417
1 563
3 563 4666
2 2768
3 508 1483
3 4005 4635
1 118
3 3059 3351
3 3321 3943
1 1390
2 3831
2 495
1 2472
2 2711
3 3135 3419
2 3046
1 838
1 571
3 277 2748
1 4586
2 927
3 3579 4455
2 3715
2 1597
2 4580
1 1312
3 22 2673
3 581 4387
1 4637
3 1873 3707
1 119
3 2033 2158
3 262 3914
3 4693 4836
2 721
3 3327 3602
3 1539 4953
3 2694 4183
3 2024 2372
3 1337 1423
1 2200
2 176
3 3467 3581
1 3132
2 1106
2 4450
2 4125
1 3296
2 1732
3 2605 2938
3 3606 4495
1 277
1 712
1 3345
3 1805 4012
2 99
1 4680
2 1942
1 1108
2 665
3 3268 3413
1 165
3 1991 4716
2 1487
2 4378
1 2277
3 2397 4087
1 1382
2 2801
1 461
3 4498 4993
3 2826 4529
3 2206 2535
1 175
3 556 1573
1 3959
1 4241
1 2739
2 4172
1 1349
2 219
2 302
2 1565
2 2448
1 4017
3 1724 3911
2 2002
1 3879
1 1791
2 2027
1 4800
1 3914
1 4599
1 3363
1 1919
2 5000
1 2209
2 1470
1 3176
2 4763
2 1306
1 1580
2 1133
3 4024 4293
1 4484
3 2933 4536
3 1701 2994
3 4276 4713
3 2951 4097
3 4882 4989
1 188
2 1589
1 997
3 1260 4249
1 999
2 4773
3 464 3483
3 1486 4390
2 353
3 2129 2915
1 820
3 29 4621
3 2276 4373
3 215 2173
3 4720 4933
2 1086
2 3925
3 1740 2437
1 836
3 1034 2398
1 2240
2 3968
1 2389
2 3974
1 4871
2 1649
1 4079
3 2928 4414
3 3082 4430
1 3676
2 2763
3 1429 3405
3 3735 4008
1 1449
2 4615
3 3585 4647
1 2191
2 1985
3 2560 3324
2 1943
3 1404 4011
1 3954
3 4644 4939
1 1366
3 326 3153
3 3028 4786
3 953 1920
2 1606
2 4506
1 1378
1 2994
2 3625
3 1643 4159
3 1347 1521
2 1927
3 3381 3536
2 2535
2 3345
2 1920
2 3716
1 1055
1 816
2 3840
3 679 849
2 3774
2 3775
2 385
1 1684
2 4454
1 3094
3 1703 4105
1 1852
2 826
3 4469 4964
1 2386
3 37 2729
3 21 1079
1 2296
3 3802 4949
2 4616
3 4258 4318
2 3332
3 1891 3548
3 1826 2734
2 1368
3 3835 4349
2 2450
1 2630
3 1548 2492
1 4015
1 2607
1 3107
2 1946
1 98
1 2060
2 3054
1 3699
2 2513
2 721
1 2440
1 4431
1 4728
3 3405 4581
3 4683 4688
2 4937
3 1445 1941
2 1121
3 138 548
3 343 2755
3 3245 4599
3 284 3805
1 4528
1 611
2 2318
3 3448 4441
3 2589 3489
1 698
2 2411
2 1714
1 3566
1 3969
3 750 3836
1 882
3 2944 4402
1 4034
3 3597 4212
1 1502
1 1864
1 3239
2 500
1 745
2 1930
2 7
3 1051 1184
1 4357
2 2127
1 969
1 1175
2 4364
1 4173
3 3069 4883
2 4957
2 1486
1 716
2 1345
2 2894
3 4275 4512
2 2771
3 3168 4860
3 3060 3629
2 3331
1 4097
1 277
2 1874
1 3498
2 5000
2 492
3 382 3323
2 4922
1 318
3 3429 4570
3 1732 1784
2 2123
3 1582 3705
2 541
1 2711
1 2050
2 1900
1 730
2 1540
1 2542
3 1068 1815
1 1841
3 4077 4558
1 1842
1 4636
2 1463
1 297
1 2111
2 570
3 248 1339
3 2040 4868
3 2163 2591
1 408
3 3480 4815
1 3291
2 4805
1 3875
3 2213 3001
1 2245
1 502
1 360
3 1177 2802
1 3697
1 2119
2 3290
2 2128
2 2696
3 4386 4452
2 4887
1 250
3 2172 2315
3 1941 3477
2 3516
3 1886 3890
2 3176
1 1764
2 616
1 1505
1 57
3 4783 4904
3 3346 3752
3 2098 3504
2 4761
3 1115 4784
1 2389
2 533
2 3898
1 1829
3 3872 4939
3 2096 2170
3 786 2025
3 3295 4466
1 4250
2 1741
1 2092
1 1310
1 3333
3 1400 1980
3 357 2671
3 4868 4874
1 4989
2 864
2 3036
3 1219 1589
1 2820
1 4355
1 1096
1 4240
1 3579
3 2580 3166
2 2682
2 2696
1 3850
1 1441
1 2745
2 2470
2 1845
3 1494 3546
2 1363
3 588 2388
3 1158 4487
2 3173
2 1561
2 876
3 3901 4076
2 3841
1 3055
1 1058
3 859 4073
3 4773 4894
3 4760 4852
3 1237 4713
2 1417
3 1824 2881
2 4321
1 4726
2 4967
2 1885
2 2201
2 2833
1 113
2 817
3 3356 4218
1 1966
2 1139
2 2372
2 973
3 3327 3662
2 2167
2 2238
1 3500
2 3613
1 542
2 2495
1 3659
3 4083 4636
2 1862
2 4227
3 3594 4522
1 490
1 3845
3 2775 4186
1 4183
2 503
1 4485
2 240
3 137 4183
1 4696
3 3402 4835
3 2138 2700
2 3076
3 3007 3949
1 3759
3 441 1025
2 2031
1 894
3 4509 4828
3 2075 3810
1 671
2 4601
2 4387
2 1373
2 1606
2 1176
2 4980
3 2556 4590
1 3049
3 1152 1412
1 265
1 4098
1 4013
1 2148
3 363 4162
2 59
1 4671
1 821
2 4596
1 3012
1 604
2 2814
2 393
1 3572
3 3071 3726
1 2676
1 2157
2 2295
3 229 1007
1 1941
3 4986 4992
3 2433 4405
2 4043
2 2339
3 1399 4408
2 1615
2 4881
3 2350 4657
3 1505 1917
3 486 4825
3 1958 3009
3 1152 2746
2 1201
2 2423
2 2775
3 326 1353
3 3491 3804
2 269
2 4703
2 1955
1 3830
2 4306
2 2090
1 2208
2 4642
3 2446 4760
1 890
1 2526
3 3604 4814
2 1969
1 2945
3 1591 2107
2 69
3 1029 4030
1 1517
3 1570 2167
3 3272 3337
2 2701
2 2578
2 2273
2 815
1 3464
1 532
2 2121
2 1237
2 4687
1 1700
3 1365 2694
3 1191 3426
1 1101
3 711 3459
1 2027
1 2072
3 539 4820
2 40
3 1825 2707
3 284 1381
1 2566
1 3374
2 3120
3 3838 4222
3 4719 4727
1 405
2 430
2 13
2 1412
3 2160 3909
3 625 4307
3 4848 4909
1 2526
1 4294
3 2433 3474
2 110
3 3642 4333
2 4282
2 3051
2 2300
1 4178
2 3629
3 2753 4159
1 634
2 3807
3 3177 3929
2 4250
2 3780
2 2080
2 2624
2 4996
1 3077
1 4937
3 2303 4986
2 1566
1 4980
1 4012
1 1989
3 2776 3910
2 3831
1 2847
2 4850
3 4907 4959
3 3625 4480
3 1669 2432
2 2677
3 797 2872
3 2647 4380
2 4261
1 837
2 4742
1 2270
2 1136
2 2726
2 1980
1 267
1 2716
2 3994
1 59
1 2494
2 4334
1 4214
2 3990
3 3248 4216
1 1433
2 3454
3 3838 4233
3 3746 3765
1 1173
2 4924
2 2509
2 1869
1 1276
1 1779
3 1168 4578
2 2786
3 4700 4952
1 2074
2 3455
1 2349
2 2740
1 4058
1 3123
3 269 1843
3 4897 4930
3 1025 2198
1 1355
2 154
3 2793 4742
1 4663
3 3391 4234
2 4186
1 4643
2 3899
2 2494
3 4882 4924
1 3994
3 2575 2877
1 3484
3 2705 4777
1 271
1 3382
3 4997 4999
3 370 3434
1 2920
3 4102 4831
1 3006
1 4747
1 2841
3 603 2101
3 1806 2266
1 2420
2 4830
3 4602 4614
2 3789
3 2547 3580
3 4499 4739
2 3735
1 1946
1 4930
3 2115 2771
3 1590 4734
3 464 922
2 3698
2 1085
3 2753 4608
1 2400
1 265
3 602 2343
1 3812
2 3612
2 1774
1 1208
2 1967
3 3860 4861
3 143 3685
3 4656 4912
1 2419
3 3928 4601
2 490
1 379
1 1291
2 2183
3 4746 4905
1 155
1 4835
1 395
3 831 3601
1 4626
1 658
3 3703 4014
2 700
1 2531
3 3834 4943
3 4860 4934
3 1981 4404
1 2713
2 3577
3 1949 3420
2 1714
1 1008
3 1935 3830
2 17
3 2727 4642
3 4837 4962
1 57
3 159 4461
3 3943 3987
3 536 4124
2 1475
3 3165 4768
1 4886
1 1922
3 4940 4977
1 3367
1 4947
3 2158 2743
2 2906
3 1109 4576
3 4357 4720
1 1647
2 1176
3 984 3409
2 4035
2 2006
1 755
1 4973
3 1449 1571
2 739
1 3846
1 3560
2 940
2 395
2 209
3 164 256
3 3440 3569
1 4322
1 2184
1 2362
1 4979
1 242
1 98
3 2170 2547
3 2541 3392
3 4948 4982
3 2293 4367
1 484
3 1833 2550
3 3415 4099
2 255
1 2524
1 1422
3 2315 2730
3 3404 4779
3 815 3102
1 3856
3 3890 4671
3 2984 3870
3 2167 3957
1 2793
3 4682 4721
2 1852
1 548
2 4218
3 1897 4065
3 691 3751
3 4852 4890
3 679 1474
1 3576
1 3771
1 4582
1 54
3 850 3374
3 1204 1890
3 1095 4661
3 3903 4273
3 2065 2772
1 116
2 2843
3 3003 3749
3 336 4448
1 3544
2 1222
3 558 2096
2 1849
3 3292 4663
1 2142
2 4672
2 3351
1 699
2 1757
2 2976
1 2330
2 1346
2 1034
3 4057 4152
3 3617 4825
3 1356 4279
3 1587 2031
1 439
3 3374 4972
1 707
1 961
2 1759
3 4063 4245
2 1228
2 952
1 2329
3 2242 3279
3 1183 1861
3 63 3597
1 4533
2 1788
2 1507
2 2656
3 1115 4388
2 4845
2 4013
2 3055
2 837
1 2008
2 1983
3 2756 4964
3 1979 2542
1 1421
2 737
2 1541
2 4353
1 1459
3 2792 3917
2 1376
2 1165
3 860 3989
1 2308
1 3741
3 2514 3819
3 2505 2950
2 1621
3 3402 4476
3 1878 2666
2 1270
1 2365
1 2595
3 1340 2497
2 4141
3 301 729
3 4107 4294
3 1535 4995
1 4699
2 1745
1 4505
1 2420
1 318
3 4475 4510
1 4761
1 2511
1 1212
2 2204
3 1186 3960
1 2054
1 4009
1 1123
1 4362
3 3718 4008
2 2454
1 4599
3 3548 4218
1 2203
1 4894
1 1586
3 2533 4789
1 2937
2 407
3 4223 4855
3 3015 3546
3 2459 3623
1 1001
2 3853
1 3006
2 71
2 3411
2 3228
2 3638
3 4200 4294
2 2922
3 963 4979
2 875
3 738 1384
1 408
1 2016
3 1227 1569
1 4225
3 2989 3867
3 4436 4972
2 3634
3 4924 4942
2 4790
1 4413
1 2797
2 1707
1 4791
3 927 4186
1 2355
1 2902
2 3079
1 3671
1 4622
2 3890
2 2945
1 1373
2 3398
1 4309
1 146
3 4342 4522
1 4691
2 4376
2 2303
1 2063
1 2892
3 1118 4855
1 3826
3 1069 4782
1 3326
1 3177
1 1135
1 1012
1 1092
2 3616
3 2370 2511
2 1274
2 1333
3 3385 4057
3 480 3676
1 1880
3 2047 3296
2 4639
1 3022
2 3544
3 76 1688
2 21
1 962
2 2172
3 4598 4753
1 3255
3 870 3655
2 4930
2 4361
1 2544
2 3263
2 3605
1 2673
1 4415
2 878
3 3334 4038
1 2034
1 2434
3 4858 4983
2 1640
3 1750 2552
2 3311
3 2402 2742
1 1834
2 2390
1 4609
2 2581
1 21
2 606
2 1810
1 153
1 1573
2 3667
2 3879
3 2052 4289
1 2011
3 4959 4979
1 3149
3 4264 4532
3 2076 2238
2 4105
1 4362
2 2558
1 621
3 3353 4632
3 2082 3623
1 3194
1 3852
2 982
3 2915 4664
1 544
2 404
1 4792
3 3131 4893
2 4604
3 4529 4788
3 3328 4533
1 3108
1 3021
1 2307
1 3952
3 3626 4340
1 2112
3 459 2268
1 4852
2 4689
1 3509
3 498 1650
1 4584
1 4860
1 2588
1 1984
1 2487
3 956 1552
3 2254 2364
1 3315
3 4511 4869
1 1215
2 4861
1 2417
2 39
1 4099
3 2348 2431
3 3000 3879
3 1881 4901
2 4123
2 4318
3 3715 4273
2 4234
1 1632
1 3053
3 2154 3141
2 4785
2 3303
2 3351
3 1854 3847
1 3252
3 228 993
3 2079 4104
1 2749
2 2530
2 1401
1 4828
2 651
2 3719
1 219
1 751
2 958
3 2936 4572
3 385 3451
3 4387 4699
3 2110 4243
3 3525 4932
1 4969
2 217
1 2938
3 307 2672
2 4420
3 2251 2543
1 2434
2 2150
1 2922
2 4190
1 1180
1 903
1 4316
1 1836
1 345
1 3460
2 562
3 2412 4480
3 1176 2703
1 2648
2 4629
1 1509
1 4269
2 2725
1 4293
2 2720
1 465
1 123
2 3253
3 418 2110
2 2386
3 2511 2911
2 2408
1 4511
3 2613 3291
2 4478
2 74
2 1862
3 1460 1998
2 415
3 1699 2551
1 1757
1 279
1 1840
3 3070 3822
1 1268
2 2988
2 4633
2 3904
1 3360
1 725
3 257 2442
1 1180
1 1973
3 434 862
3 1676 4404
3 1341 1407
1 1903
3 394 4832
1 3542
2 46
2 2868
2 4448
1 3299
3 1743 1807
3 37 2100
1 749
3 4854 4987
2 2394
2 3775
2 2223
1 1659
2 4947
2 653
1 4507
1 3865
1 3577
3 438 3668
2 3627
1 2655
1 4467
3 3680 4761
3 3589 3892
1 4673
3 1932 3473
1 410
2 4175
1 2477
1 1610
3 4169 4901
1 2559
1 337
1 160
3 4429 4680
1 1000
1 789
1 574
1 149
3 483 2534
1 196
1 4497
3 1578 4203
1 3260
1 4042
1 1409
3 2674 3339
1 4201
2 4067
2 93
1 2587
1 2525
2 1595
1 759
3 3767 4304
1 2136
1 3332
3 75 3451
3 3249 4756
2 2277
2 1277
1 2867
3 4535 4711
1 1983
3 2555 3350
1 551
1 340
1 1322
3 176 1951
1 1186
1 3461
2 417
2 212
2 783
2 4675
3 4956 4976
1 3839
2 573
2 1647
2 4230
3 3325 4957
3 854 4568
3 2297 2758
3 2816 3950
3 2048 3968
1 3722
1 412
3 4356 4958
1 700
2 479
2 4747
3 1663 4351
2 909
2 3933
3 4063 4396
1 2521
2 4857
3 2420 3067
1 868
2 3417
2 2022
2 3458
1 4146
1 3858
2 937
1 2250
1 37
3 3100 4794
2 1875
3 2745 3653
1 763
1 1023
1 4350
3 3551 4597
3 4738 4769
3 2622 4613
1 479
1 825
3 3005 3608
1 1538
3 4015 4122
3 2326 4897
1 4865
3 406 3038
1 570
1 344
3 4405 4535
2 2799
1 216
2 3655
2 2846
3 4122 4455
3 442 4070
1 1632
2 907
1 3602
3 279 4555
3 2682 3059
3 3398 3741
3 4486 4661
2 2872
1 2709
2 2753
2 2190
2 4575
1 2730
1 1034
3 1390 1684
3 2538 3624
3 4649 4684
1 4015
1 3793
3 1067 1698
3 4747 4816
3 326 2123
3 3806 4759
2 890
3 1020 1079
1 2448
2 4741
2 3109
2 2765
2 111
2 2725
2 3076
1 4901
1 3612
3 876 4294
3 2523 3720
2 3959
2 1348
3 2754 4449
3 2715 3066
2 2397
2 922
2 1322
1 602
3 672 2781
2 1480
1 4153
1 458
1 2438
3 4657 4997
2 2602
3 2375 4384
1 1778
1 3136
2 2436
2 3815
3 2802 4433
3 4084 4691
3 1775 2127
3 4065 4123
3 4723 4737
1 4734
1 3796
1 1886
1 3498
3 4323 4739
2 2842
3 1216 4841
1 4789
2 2225
2 4145
2 643
1 4624
3 1372 4687
2 4358
3 2827 3994
2 4000
3 2526 4436
3 263 898
2 3748
3 1897 4248
1 532
1 4912
1 1168
2 1472
1 197
1 3782
1 302
1 1172
3 4400 4602
2 1712
1 848
1 2543
3 331 4517
2 3255
1 1701
3 1768 3562
2 40
3 1731 2649
1 1922
3 2495 4897
3 560 4973
3 2563 2825
3 3 4685
1 862
3 1217 4282
1 1176
1 2843
3 2887 4317
1 4689
2 3203
2 1946
2 4408
1 4336
3 1011 4825
2 2105
2 3191
3 242 1680
1 1903
1 3347
2 3916
1 516
2 2745
3 4442 4955
3 1921 3827
1 3476
3 1650 3993
3 859 4841
3 1809 1878
3 2737 2861
3 4857 4945
1 1495
3 1788 2687
1 3738
1 1291
3 2403 2980
3 2630 3613
3 4089 4718
1 1030
3 2384 3639
2 1080
2 59
3 4510 4718
3 2352 3329
1 1237
1 1954
3 3376 3545
3 2398 2698
2 1465
3 4226 4712
2 1881
2 2905
1 2516
1 3306
1 3305
2 4441
3 523 4061
3 4884 4895
3 4249 4425
2 4818
3 4500 4548
3 3708 4660
1 2094
1 2147
2 1842
1 405
3 1873 3797
1 1784
3 2524 3220
3 4945 4961
2 3119
1 1070
2 1768
2 87
2 942
2 61
3 3399 4226
2 1855
3 2113 2133
3 2308 3652
2 4455
1 145
1 4775
3 1955 2815
3 95 3939
3 3239 4270
1 4167
1 3626
1 4193
1 2777
3 786 1997
1 2273
3 2947 4444
1 1619
3 3113 3615
3 3431 4770
2 1043
3 4865 4981
2 4570
1 3333
3 4899 4918
2 1078
3 688 4012
2 25
2 1185
1 1387
1 786
2 986
1 3317
1 4597
3 1066 4087
3 3956 3999
3 664 1829
3 319 2751
1 4378
3 1633 3709
3 4458 4509
2 1664
2 922
1 613
1 1001
1 1997
2 3057
2 683
3 4545 4670
2 894
3 2306 3804
2 4697
3 2815 4590
2 1038
1 3822
3 3685 5000
1 929
1 845
2 942
2 2132
2 3811
3 2069 4535
2 368
1 2495
1 1229
2 4492
3 2617 4036
1 1736
3 455 1490
2 4083
3 2941 3898
2 814
1 2484
3 2924 3116
3 4032 4391
1 3978
2 3140
2 4098
2 3453
3 4636 4822
1 3165
1 4963
3 3937 4903
3 2118 4518
1 3690
3 3050 4129
1 1249
2 1040
3 4107 4605
3 1967 4672
2 1924
2 1316
1 2558
2 911
2 1452
1 3288
1 263
1 3906
2 1408
2 1084
1 949
1 3630
1 1222
1 3298
1 2142
2 4876
2 1360
3 343 3225
3 4584 4651
3 3981 4502
2 2593
2 4125
1 4256
2 2480
2 4126
3 2081 2620
2 3061
2 1421
1 2135
1 4777
1 476
1 2488
1 1277
2 3054
2 1548
1 4659
2 3429
2 1613
1 167
3 4239 4362
2 670
2 4872
3 1196 3319
3 271 3345
3 4433 4877
2 4311
2 3428
1 1932
2 27
3 2920 3305
1 1789
2 2150
2 490
1 259
3 2221 3906
2 4435
2 3264
1 656
2 199
1 3162
2 1255
2 3001
2 103
1 3290
2 1712
1 2082
1 3956
2 4594
3 1588 4548
1 3491
3 1132 4386
2 50
2 2690
3 229 1367
3 4033 4138
1 3690
2 3373
3 2922 3867
1 1623
1 3916
1 3824
2 4020
1 3536
3 4447 4893
2 123
2 2619
1 1358
1 1939
2 2127
2 1346
3 3291 3415
3 3067 3996
2 1378
1 2207
1 4147
1 777
2 4429
1 2017
3 928 971
1 3418
1 1923
2 2773
2 4724
1 4415
3 4006 4402
3 463 4554
2 2685
2 4587
2 1548
2 2234
1 220
1 2231
2 76
2 842
1 1548
3 39 4591
3 589 2556
1 390
2 2679
1 2656
1 948
3 4174 4707
1 1713
2 219
3 4125 4940
3 4088 4811
1 3564
2 3926
2 2580
3 1332 3687
1 1609
1 1298
1 2897
1 789
1 2190
3 258 1450
1 1329
1 4920
2 3232
2 185
2 657
2 2364
2 2132
1 4232
1 4332
1 3805
1 1400
1 194
3 4299 4319
1 3770
2 80
2 3375
1 1819
2 1074
1 1618
2 3506
1 385
1 2306
1 388
3 3247 3399
1 4529
2 4205
2 495
1 2189
3 2612 3422
2 244
3 4544 4794
3 3323 4142
2 4355
3 2459 3301
1 1685
3 1885 3972
3 1192 1744
3 467 3110
2 1650
2 4230
1 3855
2 3058
3 3531 4227
2 4338
3 3311 3906
2 1136
2 778
2 460
2 3372
2 417
2 4286
1 3464
2 4149
3 218 2883
3 466 980
1 2963
3 1925 2430
3 3454 4573
2 4244
3 3632 3674
3 225 4053
2 3701
3 2096 2485
1 2903
3 3734 4934
3 2592 4376
2 3789
3 4992 4996
2 4089
1 3167
2 2594
3 3925 3958
1 1749
3 3558 3953
3 2682 3981
2 1038
1 2868
1 188
3 2746 3013
3 9 289
1 4450
2 4880
3 1425 3275
3 2694 4768
3 3048 4114
3 3685 4876
1 4374
3 1817 3022
2 2446
1 687
3 4259 4356
1 40
2 4532
2 4911
1 1053
1 16
3 1376 4316
1 207
3 4363 4890
3 3398 4734
1 2405
3 301 3436
2 2834
2 3895
1 2830
3 1073 1670
1 3787
3 2622 4013
3 1131 2635
3 3859 4019
1 2005
2 3926
2 4314
1 4365
1 3431
1 218
2 4626
3 2008 2952
3 3050 3581
3 516 701
2 499
3 4648 4668
1 681
3 1282 3143
1 1700
3 3436 4093
2 2385
3 2325 2999
1 2401
1 3618
1 224
1 4213
2 3926
2 290
1 2002
2 1917
2 1905
3 2867 3942
1 2777
1 392
1 2561
1 3315
3 1653 3035
1 3741
2 4753
2 1893
2 2893
1 3019
3 4121 4942
2 4573
1 1558
3 2900 4996
3 3253 3255
2 3457
1 3303
2 4712
2 184
3 1580 1845
1 4405
1 780
2 1082
2 4954
2 4033
1 4014
1 488
2 4097
1 2377
3 3842 4872
2 2319
3 1733 3495
1 4653
1 4035
3 2081 3648
3 2909 3686
3 2003 2021
3 3554 4219
2 4910
3 4723 4732
2 3239
1 2815
1 799
2 3083
1 3331
2 1144
3 4365 4466
3 3542 4661
2 1221
3 4168 4202
3 3698 3782
2 4503
3 3732 3739
2 3355
3 1521 1951
2 2393
1 3967
2 3226
3 4370 4774
3 4393 4759
3 113 1899
3 3334 4754
3 3948 4823
3 2946 3005
2 3281
1 1005
3 2447 3882
1 1066
2 4372
1 2286
3 3786 4517
1 1185
2 2499
2 1309
3 3772 4906
3 3767 4468
1 703
2 2214
2 4754
3 4625 4788
1 1979
1 792
1 1312
3 2345 4868
3 3552 4668
2 3238
1 774
3 2469 4431
2 426
3 1341 2820
1 304
1 1568
3 1549 3089
3 4622 4989
1 4279
3 3783 4535
1 4221
3 4998 5000
1 4889
3 2401 3887
1 484
3 2178 3060
2 126
3 462 1136
1 2214
2 318
1 513
2 1332
2 571
1 2916
3 2256 4890
2 2333
3 4925 4995
1 2701
3 2948 4379
2 815
3 2382 2625
3 4172 4570
1 257
1 1208
1 1678
3 253 4096
1 4672
2 2663
3 4196 4410
1 3685
2 2732
3 503 1854
3 4704 4967
1 1439
1 2558
1 4852
3 4971 5000
2 2213
1 4667
3 1268 2585
2 2388
1 3127
3 4756 4796
2 3200
2 3960
2 2064
1 3480
2 4612
2 3561
2 1633
1 3103
1 1805
3 1693 3664
1 1808
1 975
3 1754 4745
3 4538 4926
1 1819
2 4634
2 566
2 2174
3 3905 4979
3 4285 4961
1 4514
1 290
2 2499
3 185 2846
2 8
1 4698
3 765 1145
1 2341
2 1857
3 1594 4004
1 3374
2 1499
3 3642 4465
1 467
1 2393
3 968 3120
2 278
3 1679 3712
1 2556
1 403
1 4021
3 4852 4906
1 3023
1 1985
3 3694 4215
3 2581 4018
2 2711
3 2053 2822
1 3303
2 3538
3 3804 4787
1 3905
2 2200
3 1048 3226
2 3693
3 2290 3910
3 1229 1547
2 4611
3 69 1333
3 589 3120
1 4228
3 1534 2119
1 1516
3 2246 4897
2 2113
3 2968 4091
2 916
1 2962
2 4624
3 2586 4738
3 2340 2366
1 771
3 2227 3486
1 590
3 3051 4679
2 4795
3 4526 4836
1 4431
3 4052 4743
3 335 2536
2 4016
1 143
2 1086
1 121
1 4197
2 4739
3 499 2828
3 1802 3873
3 352 1609
2 4915
1 4459
1 3697
3 1500 1703
3 3229 4383
3 445 3720
1 3745
3 1191 4545
3 1952 4754
2 1899
1 1515
3 4991 4992
1 4497
3 4332 4766
2 2491
1 1078
2 4639
2 4040
3 4528 4681
1 4797
3 4652 4774
3 4511 4562
1 83
3 1745 3974
2 366
3 4483 4692
3 1754 4883
2 3967
1 582
3 2340 2782
3 4383 4771
1 2005
1 1128
3 4395 4509
3 3039 3587
2 1218
2 3453
2 4833
1 883
2 3649
2 20
3 3852 4282
3 4666 4911
1 823
1 3041
2 3466
1 4439
1 1791
3 3358 3646
1 2501
2 4595
2 3329
3 1063 4377
3 4339 4663
3 2802 2899
1 2841
2 2423
3 3098 3171
3 3116 4295
3 2118 2302
3 2426 4798
1 4760
2 3259
1 4469
3 4600 4654
1 1916
3 1691 2424
2 2619
1 2551
1 1322
2 3294
2 3
3 4605 4861
2 707
2 4146
2 4803
3 4563 4723
2 2841
2 1452
3 726 3994
1 2521
3 1827 3029
3 3818 4400
1 715
3 2282 4800
2 4407
2 68
1 4820
2 29
1 2233
1 675
3 1010 3680
2 3614
2 1964
1 1203
2 2552
3 2248 2565
2 1334
3 1898 1972
3 2498 3581
1 4291
3 1421 1941
2 4689
3 1687 2870
1 3597
1 4965
1 1876
1 4967
3 4287 4966
1 3919
3 4851 4916
3 4169 4474
3 4380 4383
1 3720
1 3656
2 3560
3 2809 3346
2 3995
3 3734 3987
2 2494
1 2568
1 2261
2 1920
1 340
1 3589
2 3808
2 4724
3 4308 4355
3 4439 4777
3 730 4904
1 4495
3 1703 3450
2 4613
1 2461
1 4485
1 4718
3 3475 3867
1 1213
1 2501
2 4720
2 3452
2 2837
1 3704
3 156 3756
1 4601
1 2710
2 313
3 3735 3916
2 3474
1 1164
1 4107
2 3719
3 4298 4949
3 2808 3059
1 1086
3 3713 4821
2 2906
1 2152
1 1604
3 655 2894
1 2052
2 1125
3 4845 4904
1 949
2 3774
1 4006
2 4979
3 1279 1866
2 4169
1 835
2 4222
3 95 2661
2 3193
1 2899
1 1402
2 4945
2 626
1 1236
3 4650 4662
3 3548 4518
3 119 3594
2 3737
2 4189
1 1585
1 109
2 2853
2 1616
3 3252 3597
2 147
3 4645 4952
1 4369
2 4577
3 4867 4874
1 3438
1 3563
3 378 4771
3 3876 4254
1 846
2 221
3 2330 4518
3 3331 3454
2 3609
2 857
3 4696 4780
3 2578 4425
3 2857 4916
2 2645
2 2890
2 3055
3 1358 3714
1 2853
1 1792
2 4351
1 3392
2 4987
3 1387 1711
1 1788
1 389
3 885 3058
2 3090
2 4112
2 767
2 1318
3 1176 3367
1 3900
1 4416
2 4338
1 658
1 848
1 4262
1 4708
1 934
2 1035
1 3466
3 1172 3714
3 3201 4261
1 3116
1 4731
2 2668
3 2112 3844
1 525
2 4846
3 1436 2103
3 3398 4976
2 4037
1 3958
3 4945 4970
3 2377 2482
2 333
2 515
3 4509 4582
3 1658 2219
2 1927
2 664
3 1872 4252
1 4251
2 1927
2 1732
3 2881 4870
1 1564
1 180
3 464 2048
1 4503
3 14 3792
1 4169
2 4188
2 3430
1 2405
3 3476 4881
3 1864 2810
1 2274
2 2535
2 4361
2 885
1 3010
2 682
1 3999
2 4967
3 1103 3670
1 3277
3 4386 4625
1 3707
3 3672 4533
3 3987 4900
3 367 475
1 2453
3 4953 4999
2 1277
1 608
2 1631
2 1292
1 2712
3 3907 4440
3 1039 4442
2 1960
2 4127
3 1396 2626
1 860
2 2614
1 1838
3 3959 4175
3 1820 4166
2 2683
1 3513
1 2115
1 3087
1 1380
2 4586
3 1695 2295
2 2334
1 2203
3 596 1718
1 528
3 4525 4883
3 217 2655
1 3177
1 3580
3 3212 4638
1 4112
2 3751
3 3751 4714
3 1419 4143
3 2014 3738
2 4763
1 4215
2 2914
3 252 4972
3 741 1525
3 1615 4128
2 1275
3 3625 3795
2 1779
1 4633
1 3474
2 1122
2 3180
2 1321
2 497
3 1425 4584
2 2343
2 2454
1 2816
3 1122 2698
3 3569 4797
1 2089
2 826
2 3864
1 4736
3 4671 4880
1 1207
2 819
2 4921
2 4577
1 3679
2 451
3 787 1307
3 3512 4418
2 1781
2 3531
3 4940 4960
2 1339
2 3991
1 2938
2 3852
2 3141
2 3342
1 464
3 1727 1741
2 4059
3 576 2749
2 3545
3 3123 3826
1 2541
3 2940 4033
3 1062 2692
3 1051 2555
2 3485
1 4342
1 3220
2 3373
3 2863 2903
1 2943
1 4620
1 4595
1 3274
3 3125 4518
1 2865
3 2524 4495
1 1888
2 359
2 3425
3 3108 4609
3 3820 4475
3 3174 4975
1 4844
1 2055
2 2776
3 865 2338
1 1751
3 4945 4984
3 821 1098
1 1896
1 3721
3 4167 4839
3 246 4538
1 3014
2 3023
2 4278
2 906
2 2313
2 1978
1 793
1 4971
1 4858
1 422
3 2618 3683
2 236
3 473 1722
1 193
2 190
3 1126 3131
3 3926 4381
3 531 3621
2 332
3 2809 2946
3 52 3543
2 3
2 2142
3 3714 4951
3 4800 4919
1 1002
1 3494
2 4186
2 257
3 3268 4174
3 4838 4950
2 4936
3 4873 4982
3 733 2148
2 3711
2 1164
3 1075 3582
1 3677
1 1420
3 4868 4898
3 253 437
1 1825
3 1137 2566
1 4005
1 2236
2 4135
2 1025
1 3178
1 787
2 3915
1 4266
1 861
2 3104
2 140
2 3547
1 4335
3 2796 4509
2 2664
1 1949
1 1044
2 4411
3 1989 2834
3 358 3908
1 542
2 3372
2 2214
3 2945 4409
1 1602
2 4965
2 2374
2 1462
2 1125
1 1473
1 4447
1 3504
2 3910
3 2779 4376
3 2341 2984
1 1893
1 2003
3 3916 4530
2 2210
2 3818
1 4712
2 4054
1 3864
2 2394
3 640 4453
2 2516
1 4095
3 1042 4460
2 2340
3 238 616
2 937
1 1456
3 738 3623
3 2036 2178
2 92
2 2230
3 4995 4999
2 2975
2 564
3 3387 4174
3 2854 2937
3 804 4243
3 3121 3654
1 3752
2 3169
1 4440
2 2033
3 3662 4888
3 1300 3228
1 735
2 3100
2 2208
3 1012 4126
3 1322 1377
2 4106
2 249
1 1946
3 630 1693
2 85
1 1547
2 800
3 373 3000
1 4052
3 1915 2587
3 2277 2303
1 2817
2 2563
2 3968
1 1540
2 4228
3 1603 4778
1 2210
1 4962
1 2335
2 3111
1 3091
2 2523
3 1828 2155
2 3906
1 2922
3 2847 4338
1 3566
1 1836
3 1967 2044
2 2517
2 3013
3 1420 1766
3 3671 4770
2 4936
3 2732 3803
3 294 920
3 3212 3799
2 3094
2 1808
3 2727 4052
1 843
3 3323 4299
2 4988
2 818
3 4812 4826
1 4305
3 4437 4826
3 2029 2601
1 3317
1 3808
1 2802
1 4788
3 4457 4712
3 890 3565
3 1186 1524
3 3390 3743
2 3179
1 1342
3 4033 4370
3 492 1720
1 1086
2 3946
2 4460
3 3445 3835
3 1712 3393
2 4443
1 3788
2 4963
1 55
3 2153 4622
1 874
3 2120 4650
3 89 4516
3 2692 4800
1 2428
2 3239
3 654 1973
3 3698 4306
1 1833
3 2194 2290
3 2024 4494
2 1022
1 4932
2 116
2 1674
2 4344
3 617 4277
3 986 4423
2 4272
2 4817
2 3107
3 2741 4411
1 928
3 1035 1465
3 3015 3601
3 3562 4578
3 1472 1956
1 3724
1 817
1 474
3 4479 4597
1 1790
3 880 994
3 2534 2784
1 4806
3 303 2479
1 892
3 2261 4008
2 825
2 4485
2 2449
2 4454
2 2444
2 93
2 3833
3 1493 3424
3 1926 4922
1 2196
3 2737 4193
2 4303
1 4752
2 2005
3 1430 2728
2 187
3 1582 3729
1 807
2 4766
1 4897
2 2040
2 4143
2 343
2 3005
1 1772
2 1163
1 2564
2 10
3 2754 4438
3 3869 4927
1 1993
2 3647
1 2244
3 2746 3190
2 1399
3 2766 3649
1 4138
1 1720
3 3649 4037
3 4183 4956
1 3582
1 4111
1 2824
1 4832
2 2711
3 4041 4882
1 4200
2 3858
2 4176
1 337
3 705 1576
3 1267 2234
2 290
3 3432 4722
3 2257 2598
2 2620
2 2387
3 551 2655
3 1286 3710
1 4669
2 1440
1 1473
2 3920
3 4392 4657
1 1814
1 734
3 2987 3566
2 2966
1 3540
1 3724
2 337
3 778 4236
2 825
2 2040
2 2678
1 1128
3 1492 3453
2 2680
2 3738
2 3136
1 1028
2 4522
1 123
3 2554 4895
2 2038
3 359 424
2 220
3 1717 4911
3 4990 4999
1 4129
2 1648
3 2033 3700
2 3190
3 2646 3122
2 1316
3 1653 1659
2 407
3 2115 2167
3 4286 4897
1 3692
1 4948
3 609 3258
1 4988
3 2533 3144
2 1458
1 1778
1 2571
3 4873 4915
1 2298
1 850
2 24
2 208
3 781 3015
3 4075 4182
1 198
3 1484 2737
1 3446
2 4363
1 4465
2 2975
1 1561
2 3905
1 1813
1 982
2 4623
1 3531
1 3975
1 4423
1 602
1 959
2 4665
3 3441 4390
1 4928
2 1091
2 1808
3 1433 3030
2 2341
3 2476 2606
1 1000
2 4372
1 588
1 2246
2 4979
1 3390
1 3261
2 3128
1 160
3 2305 4197
2 3768
3 4976 4999
2 2099
1 3976
1 2037
1 1897
3 2516 3181
3 158 3521
2 3800
2 2891
3 2114 4874
2 2768
2 2296
2 3766
2 4779
1 3200
3 2128 2568
1 745
1 398
2 3503
3 1112 4787
2 2360
3 2141 4593
2 2244
1 948
1 2607
3 4659 4800
3 1970 4151
3 11 2962
2 1658
2 2828
1 3499
2 4489
1 4872
2 410
1 2024
2 4123
3 4063 4695
2 2408
3 1160 3835
3 3822 4904
3 1465 4636
1 2534
1 2522
2 825
2 4858
3 940 1416
2 469
1 3502
2 4520
2 558
3 3730 4993
1 3945
3 3054 3450
1 3017
3 4690 4907
2 2255
1 2307
3 1169 2252
1 3638
3 967 3777
2 457
2 4065
3 971 4992
2 308
1 4842
3 3795 4741
2 901
1 4048
1 4579
1 2840
1 3629
1 4703
1 1868
1 2754
3 879 1675
2 4512
2 4000
3 3453 4269
2 2947
1 3585
1 3233
2 1463
3 4284 4903
3 4093 4709
3 4707 4855
1 1655
2 3821
1 4601
3 599 4777
3 2903 2996
3 3607 4619
2 385
3 1779 4661
2 2279
1 4999
3 620 2273
3 1691 3685
3 2514 4758
2 3126
3 4892 4969
2 1283
1 2803
3 3441 3824
2 1320
1 4862
2 289
2 2615
1 4412
2 1771
1 1171
3 4577 4752
1 4200
3 4754 4794
1 191
2 758
2 898
1 2605
1 3673
2 470
1 895
1 2609
3 4956 4961
3 2557 4820
1 2277
1 1712
2 2539
3 2 2646
3 3570 3696
2 3331
3 978 4126
1 287
1 3131
1 2905
1 785
1 4330
2 2801
1 4344
3 2782 3458
1 4546
2 4147
2 4244
3 3331 3799
1 7
3 4039 4327
2 1356
2 4896
1 311
1 2014
3 2216 3965
3 4633 4796
3 2041 2462
3 1427 3638
2 2143
3 1222 4334
1 1119
2 678
3 3387 4938
1 1982
3 3421 3881
3 12 2891
2 4554
1 2983
1 4498
3 3925 4607
3 150 385
1 120
1 1561
1 2556
3 223 4082
1 253
2 1327
3 2586 3780
2 4839
2 2091
2 2180
1 1188
2 2276
1 4183
2 2256
1 1694
3 3668 4221
3 4492 4995
1 4675
1 3033
3 1432 3647
1 1896
3 736 3890
2 3699
3 1491 4610
3 4834 4957
1 4407
2 1770
1 4485
2 2814
1 3109
1 10
3 4381 4453
2 469
1 3949
2 3986
2 3367
3 36 1135
1 1943
1 775
3 4442 4575
3 3996 4601
3 3355 4965
1 2651
2 4837
2 3889
2 2130
3 3405 3871
1 2216
2 3998
3 1076 3888
2 713
1 4248
3 2668 3269
2 408
1 1758
3 2247 2629
2 2092
3 1980 2055
1 1080
1 354
1 3319
3 407 742
1 2339
3 1867 4216
3 948 3402
1 2836
3 4281 4988
1 1079
2 2987
1 2757
1 470
1 3072
2 473
3 940 2487
1 10
2 1779
2 2163
3 4509 4675
3 4419 4472
2 2971
2 2414
1 2398
3 2042 4842
3 4540 4854
3 1743 4833
2 179
3 4364 4854
1 1574
3 3728 4366
2 2816
3 1384 2180
3 330 2647
1 1389
2 3128
3 2966 4922
3 2957 3802
1 1911
3 1277 2087
3 2959 2966
1 175
3 3625 3938
3 1204 3525
1 2075
3 4632 4721
1 2142
1 1639
3 1792 3384
3 4383 4849
3 2875 4190
2 1996
2 375
3 2395 3850
2 828
3 4410 4502
1 3043
3 2011 4764
3 3824 4691
3 3248 4704
3 588 1856
1 2919
3 4326 4754
1 4655
1 1956
3 2212 3601
3 4115 4434
2 2220
2 2160
2 4845
3 1560 3500
2 2889
3 1647 2698
1 4248
2 3805
3 4782 4905
2 1179
1 1007
2 915
2 749
1 2446
2 701
2 4071
2 4956
2 2100
1 3897
3 1694 3286
3 2098 3207
2 2532
2 4303
3 2663 3591
1 3137
3 4572 4574
1 4208
2 4096
2 4440
3 1438 2958
1 1029
2 4937
1 1394
2 4872
2 643
2 1111
1 126
1 1309
3 476 2804
3 1317 1699
3 2952 4786
1 582
1 3653
2 2501
2 851
1 567
3 164 2926
1 1067
2 4404
1 1337
3 1461 3565
1 4024
2 1715
3 2806 3256
2 4523
1 2912
3 2697 3446
3 4730 4911
1 687
2 360
3 1540 4717
1 3271
3 3413 4747
2 4814
2 75
3 1589 1928
2 4389
1 4151
1 2129
2 878
2 3640
3 362 4971
2 232
2 4466
2 2893
1 3238
1 4676
3 3892 4544
1 4753
3 1961 3623
2 2238
3 1483 3396
2 2618
2 2731
3 1811 2599
2 1931
1 4753
2 2543
1 4607
1 1191
2 3250
3 1601 2346
2 1568
1 4316
3 128 1496
2 2608
1 2175
2 681
2 138
1 548
3 1753 3677
2 782
3 4134 4880
1 909
3 1914 4332
2 2407
3 1081 3712
1 2963
2 412
2 4696
1 161
3 122 1233
1 3574
2 1388
2 4395
3 3354 4830
1 1345
1 1151
3 2488 3971
3 2701 2832
1 4953
3 3303 3802
3 2701 2879
3 2157 3625
2 3821
2 1512
2 988
2 286
1 2111
1 3621
1 217
3 4094 4960
3 689 691
2 3869
1 623
1 1789
1 105
1 68
2 4770
2 1747
2 2220
1 811
2 4358
3 295 2041
1 4515
2 4734
2 2732
3 37 4322
3 3290 4544
2 3118
1 4901
2 2630
3 1182 1772
3 1163 2245
2 3764
1 4123
1 197
2 4713
2 3114
2 466
3 385 2658
1 4239
3 3914 4775
1 813
1 4749
3 772 3043
2 3339
1 2460
2 178
2 3871
1 2562
3 2504 3788
2 1563
3 758 1709
1 620
2 2176
1 3133
3 3676 3860
1 4124
1 1980
1 1354
1 825
3 2572 4267
1 3862
2 4605
2 1425
3 343 4385
2 464
2 1029
2 4396
3 2509 3084
2 98
3 2971 4819
3 2758 4852
3 4650 4793
1 1857
3 1843 2519
3 2257 4956
1 4594
3 4325 4928
2 4260
1 3917
2 1538
3 2747 4674
2 2851
2 2737
3 4230 4398
2 3349
1 4069
1 2176
3 729 2947
1 3855
1 1492
2 2824
1 4487
3 309 1384
1 2268
2 3519
2 1572
1 4949
3 203 4343
1 1893
3 1884 3710
3 4812 4827
1 142
1 1859
3 828 2814
3 1807 3144
1 3647
2 905
1 3384
3 4593 4665
2 869
2 3418
3 440 743
1 857
1 2538
1 4649
1 1603
1 2686
1 4107
2 3761
1 4797
1 93
3 603 4243
2 2516
2 1934
2 3659
2 2605
3 4386 4730
2 2176
3 513 902
3 758 4539
3 2241 4311
2 2733
1 1517
2 4172
1 4725
3 497 4777
3 4801 4928
2 3865
3 2372 2537
2 2807
1 3613
2 1688
1 1967
1 1254
2 720
1 2923
1 3846
1 1563
2 4248
1 1227
2 4664
2 3741
2 1859
3 1210 1723
2 858
2 3779
2 4695
3 4201 4694
3 1494 2622
1 4295
3 3560 4229
1 842
3 888 3902
3 3641 4780
3 4811 4874
3 4049 4117
2 1153
1 3639
3 57 3191
3 2191 3480
2 1976
2 1924
2 2454
2 1085
1 474
2 1155
1 1448
3 4225 4418
3 1522 4157
1 2222
3 2297 2697
1 910
3 3897 4893
2 3416
1 3175
1 4040
3 2818 4851
2 3132
1 899
1 1318
1 1659
2 1425
3 52 148
2 1498
1 476
3 2731 2916
3 3330 4125
2 2143
3 2690 3193
2 3274
1 3725
3 835 4902
1 2799
3 3420 3930
2 9
2 3811
2 21
2 3411
2 2434
3 3879 4778
1 1570
3 3686 4578
2 2220
3 1890 4302
1 4351
3 2870 3409
1 2438
1 2974
3 1422 3961
2 1039
2 2868
1 3802
2 4467
1 1428
2 2545
1 1132
1 1545
2 4895
3 4422 4814
3 2931 4377
1 1067
3 1380 4578
1 4632
1 455
3 1601 1823
1 695
2 4855
2 4672
1 669
1 4142
2 3189
2 1663
2 4937
2 989
3 1175 4985
2 1152
1 3237
1 1236
3 4865 4883
1 437
3 1678 4874
3 1001 2505
3 2706 3193
2 785
3 1769 4603
1 1899
3 2777 3123
2 4106
1 3975
1 2732
2 1564
2 3873
1 4951
1 2059
1 4448
2 2683
3 1307 1381
3 3951 4536
3 4825 4933
3 646 2669
2 4449
3 1583 1920
1 2171
3 2764 3038
3 3369 4872
2 4013
1 858
1 771
2 4716
3 1377 1892
1 997
3 2734 3946
1 381
2 1865
1 4898
2 4626
1 4408
3 4791 4904
3 3577 3743
2 3483
3 1813 3596
3 1757 4844
3 2336 4073
1 2607
1 3776
1 695
1 992
3 2295 2914
2 4659
3 3289 3929
1 3620
1 3181
1 3498
1 4147
1 1028
1 3523
1 3634
1 4664
1 2710
2 4288
3 40 2972
2 3785
3 3311 4212
3 566 2646
1 3646
1 909
2 1463
1 1582
1 4946
3 4505 4675
1 2787
2 2496
3 4379 4771
3 625 2003
3 2423 2505
2 1572
1 2375
2 4522
1 1530
3 2211 3621
3 946 4171
1 2284
1 2841
3 3014 4466
1 2845
1 4231
1 3611
2 3931
2 4117
3 4217 4624
3 1467 3410
2 1953
3 3151 4371
1 908
2 360
2 82
3 1836 4270
3 1536 3417
3 3726 4185
1 3354
2 4917
1 2837
2 894
3 1851 2554
3 2971 4406
3 115 589
3 511 2025
3 2692 4799
3 2028 4438
1 1452
1 2859
3 1872 3466
2 4628
1 4967
2 1611
3 2000 2793
3 1417 3815
1 555
3 4634 4860
1 1056
3 567 2342
3 4885 4953
3 2411 3111
2 1119
2 2536
2 4851
3 4920 4958
2 4149
3 4171 4851
1 3710
2 3897
1 3260
3 2145 2655
2 4276
3 2833 4601
2 2969
1 2349
2 2950
3 1774 4739
1 2314
2 1068
3 357 1472
3 961 4287
2 3885
2 4886
1 2336
3 3660 3938
3 3008 3887
2 2994
3 3145 3532
2 3027
1 638
3 616 897
3 4690 4696
2 3974
2 2707
3 531 3003
2 2298
1 1020
3 2224 4388
3 2989 3676
2 3064
3 2856 4984
3 2275 4859
2 3174
2 509
1 2168
2 3348
3 2469 3170
1 1682
2 1741
3 3917 4537
1 3544
2 2082
3 1417 4362
3 4012 4399
2 97
3 3558 4155
3 4448 4649
1 1289
3 3008 3974
1 4857
3 855 3001
1 1962
2 3447
2 4383
1 3608
2 2452
2 2912
1 3134
2 2233
2 4330
2 3416
2 2149
2 1728
1 1449
2 1611
1 1658
2 2645
1 1837
3 1548 3178
3 860 3185
3 456 2666
2 4863
1 3311
3 450 2445
3 3450 3641
2 2041
1 2962
1 799
2 2293
2 285
3 480 3292
3 2750 3456
2 1730
2 1754
3 264 2985
2 1390
2 2134
2 948
1 2617
3 3209 3842
1 1119
1 2875
2 935
2 4286
2 2246
1 2938
2 2792
1 1127
2 4467
2 994
1 1210
1 3006
1 3783
1 2126
1 3442
3 4044 4303
1 3130
2 4361
3 374 3075
3 3483 4623
2 3046
3 1328 1423
2 4771
2 4881
2 3486
1 2160
1 4140
1 1459
3 1940 2108
3 890 3757
1 578
3 3378 4464
2 624
3 4273 4973
2 2734
1 2139
2 568
3 1972 4834
1 2116
3 2236 2293
2 3060
3 700 3709
3 526 4874
3 4586 4864
3 1326 4108
1 656
2 4812
1 389
2 1685
1 1841
3 1852 4046
1 4563
3 974 1644
1 3400
1 3102
1 2174
2 1121
3 2615 3620
3 2883 4312
2 2266
2 692
3 2598 4784
2 786
3 3766 4364
1 1648
3 3792 4009
1 947
1 2101
1 3893
2 4833
3 3639 4709
2 3072
1 1768
2 3845
2 366
3 4872 4887
2 1
3 1419 2639
3 4092 4783
3 925 2460
2 2861
2 1605
1 4569
1 4151
2 129
2 1448
1 3672
3 4800 4854
1 1069
2 3574
2 2501
2 1256
3 3781 4685
3 749 1115
2 2226
2 4980
2 2885
3 85 1027
1 156
1 3987
3 1638 2342
2 3525
1 3144
2 3460
2 1180
1 2949
1 1629
2 2995
2 980
3 1051 2604
3 1546 4567
3 3506 3519
3 1475 2474
3 3169 4283
1 2014
3 2557 3501
3 2080 4082
2 1852
2 3419
3 3158 3978
2 4267
2 4249
3 4278 4325
2 3840
1 4552
2 2091
2 3684
3 826 3726
3 2166 4275
2 3756
1 1172
1 854
3 2425 2736
3 47 633
1 2249
2 3663
1 2111
2 1774
1 1654
3 2356 4534
1 1099
3 3065 3868
2 4040
2 3361
3 1014 4592
1 4567
2 2090
2 2934
2 4534
3 4119 4774
3 4335 4994
1 826
1 2408
3 3471 4309
2 1242
3 3720 4075
1 4435
3 588 4170
3 294 921
3 2757 2809
1 1182
3 442 898
2 2323
2 2440
2 4459
2 688
1 1697
1 1303
3 1884 4563
3 1401 1449
3 4959 4984
1 244
2 1861
2 4218
1 943
1 2895
2 3496
2 4989
2 4984
3 3397 4723
3 303 4691
1 3022
3 2507 3159
3 2805 4910
2 3512
1 3535
2 3368
3 4241 4723
3 1051 2447
1 606
2 2727
1 3238
3 2225 4400
3 4362 4890
2 2884
2 3430
2 3034
1 3774
2 1293
2 2890
1 906
1 4719
2 4316
3 4976 4986
2 2097
2 553
1 1367
3 2699 2984
2 4254
1 4418
1 4668
2 979
3 2003 4931
3 4604 4796
3 3175 4423
2 4368
2 4635
1 2638
3 2519 4679
2 3397
2 3243
1 2963
1 1381
3 3467 4177
3 2271 3484
3 1923 2056
3 4670 4846
2 2236
3 530 4151
2 4803
1 4417
3 2834 4658
1 4304
2 1055
2 2853
2 3537
2 4714
1 3146
1 563
1 101
1 1068
2 641
3 1880 1967
3 1607 3659
1 339
3 3273 4105
1 3192
2 1741
2 1734
3 181 4508
3 4941 4958
2 3265
1 1236
2 4748
2 4000
3 1380 4249
1 939
3 2963 3472
2 3783
1 92
3 1126 1271
2 2282
3 4178 4534
3 2503 4849
2 1515
1 3719
2 2696
1 3150
2 3298
3 3697 4376
1 4341
3 16 1441
1 1264
1 1966
2 4972
2 4089
1 272
2 1203
2 1940
1 3744
3 2232 2673
1 2115
2 4642
1 3127
1 4848
1 1537
1 1469
3 2140 3178
2 1404
2 4788
1 3657
1 3860
2 3313
3 2955 3310
3 553 3583
2 244
2 4141
1 1700
1 1606
1 3128
3 3552 4112
2 218
3 3397 4981
1 4480
1 3163
2 130
1 1659
3 111 4649
1 2895
3 692 3863
2 3572
1 1576
3 2837 4531
3 2303 2891
1 3810
1 785
1 167
2 257
3 2261 2704
1 1286
2 3125
2 4915
3 800 1437
1 1248
2 3221
2 1688
3 2949 4674
3 4358 4457
2 885
2 4297
3 383 3922
2 4111
3 1521 3341
2 3727
3 1938 2054
2 3705
1 780
1 995
2 4352
2 4948
1 132
1 21
2 428
3 4193 4685
2 4810
3 3518 4447
3 2716 4200
2 4741
3 60 1917
3 4847 4997
