500 500
2 52
3 324 489
1 245
2 219
2 494
1 149
1 247
1 327
2 341
2 313
2 435
2 417
2 444
3 292 455
2 10
3 62 400
3 29 39
1 134
1 339
1 135
1 306
2 414
2 38
3 222 401
1 336
1 225
1 399
3 53 79
2 487
1 171
2 9
2 93
3 487 488
3 55 176
1 207
1 185
1 164
1 51
1 320
1 433
3 143 289
3 381 494
1 172
2 343
2 8
2 360
1 437
3 374 491
1 36
1 155
2 272
2 282
2 113
3 308 490
3 41 365
2 175
2 354
2 128
2 389
1 76
1 135
1 340
1 286
1 475
3 54 141
2 426
1 448
1 113
1 374
1 246
2 192
3 448 485
3 22 299
1 106
2 194
2 224
3 192 273
3 69 436
2 81
2 275
1 10
1 54
2 173
3 425 482
1 442
3 3 44
3 142 426
1 389
1 94
1 166
2 377
2 111
2 465
3 426 459
1 370
1 185
1 214
2 145
3 282 312
2 203
3 113 382
1 61
1 33
2 379
1 363
3 457 458
1 148
3 239 468
1 313
3 137 295
3 81 404
2 471
2 221
2 245
2 363
2 37
3 111 168
2 324
1 69
1 369
1 419
1 107
1 127
1 431
3 96 180
3 266 479
1 462
3 15 185
1 224
1 63
1 198
2 336
2 30
2 284
2 146
1 217
2 176
2 130
2 11
3 433 480
1 304
1 404
1 46
1 105
3 220 385
3 38 231
2 194
3 468 482
2 417
1 408
2 391
1 421
1 234
1 307
3 43 183
3 368 388
2 187
1 482
2 486
1 222
2 293
1 248
1 237
1 382
1 492
3 349 460
2 140
1 157
3 301 340
1 196
2 59
2 22
2 47
1 70
3 253 272
3 426 447
2 350
2 474
1 137
1 222
1 462
3 314 388
1 56
1 163
3 253 402
3 277 458
3 90 288
3 87 96
2 272
2 64
2 347
1 453
3 388 497
1 267
1 4
3 197 270
3 317 474
2 477
3 494 500
3 221 493
1 459
3 38 223
1 110
2 35
3 118 333
2 397
2 241
2 23
3 59 425
1 282
2 199
3 125 156
3 483 485
1 120
3 277 393
1 136
3 444 448
1 120
1 496
1 341
3 438 493
3 372 413
1 468
2 79
1 337
1 166
1 143
3 131 299
1 160
2 379
2 84
2 68
3 488 497
1 357
1 484
1 310
3 150 418
3 30 300
3 61 210
2 199
1 356
2 478
3 336 462
2 470
1 197
2 374
3 332 346
2 357
3 81 159
1 376
1 348
3 344 368
3 181 306
1 78
1 293
1 479
3 437 491
2 170
2 36
3 391 460
2 47
3 406 459
2 50
3 156 236
3 475 498
2 344
3 457 499
2 150
1 14
3 83 379
3 408 493
3 316 387
1 152
3 408 470
1 22
3 314 413
1 446
1 302
3 263 411
1 484
3 421 467
2 104
2 147
2 82
3 221 384
3 270 331
2 11
1 139
2 12
2 151
3 78 79
3 459 490
1 229
2 218
2 228
2 169
2 264
1 319
1 82
3 380 454
2 305
1 151
3 80 423
3 131 362
3 454 498
1 221
3 284 320
1 321
3 7 144
3 224 308
1 419
3 87 434
3 456 500
3 495 499
3 169 205
1 455
3 209 337
3 393 464
3 40 317
3 418 426
3 255 422
3 326 342
1 369
3 149 276
1 367
1 342
3 415 425
2 275
3 358 453
2 108
3 467 497
3 349 492
3 16 27
2 307
2 304
2 402
2 463
1 77
3 227 329
1 263
3 195 204
3 155 183
1 282
1 157
2 125
1 192
2 268
3 53 440
2 436
1 134
1 177
2 89
2 242
3 414 479
2 22
2 41
2 203
1 430
1 23
2 154
2 335
2 499
1 99
3 17 86
2 376
1 19
3 24 394
3 71 402
2 369
3 483 498
1 290
1 156
1 102
3 216 319
3 218 351
2 427
3 242 361
1 278
1 414
2 247
3 131 421
1 58
2 300
2 344
3 177 189
2 95
1 209
3 411 462
2 428
3 287 321
2 446
2 410
3 210 279
3 179 358
3 236 253
2 471
1 163
2 75
1 192
2 72
2 268
1 200
3 233 464
1 173
3 168 213
2 334
3 245 395
3 499 500
3 12 423
2 271
3 472 494
1 467
3 348 408
2 198
2 199
3 438 462
2 270
1 456
1 327
1 314
3 368 451
1 161
3 63 192
3 147 397
3 391 465
1 271
1 448
2 350
2 262
3 420 470
1 139
3 190 433
1 457
3 137 352
3 103 182
3 51 426
3 313 318
2 74
2 190
3 47 445
2 122
2 374
2 262
3 480 492
2 206
2 213
2 34
3 399 467
3 375 408
1 3
3 14 413
1 282
1 324
3 459 488
1 369
1 339
3 376 416
3 219 227
3 229 475
1 455
1 342
2 142
2 480
2 480
1 327
2 118
3 365 459
2 270
2 463
3 34 161
3 82 410
2 260
1 87
1 122
3 358 396
3 393 401
3 258 432
2 442
2 92
3 233 282
3 6 223
3 244 403
1 30
1 200
1 459
2 188
1 398
3 199 245
2 92
1 228
2 236
3 244 354
1 41
1 287
3 56 440
3 222 326
1 402
3 378 449
2 296
3 162 453
