5000 5000
1 4070
1 2491
3 2133 3284
3 1422 4977
2 1675
3 1558 4811
1 3749
2 2714
1 3873
3 909 3771
3 1053 1563
1 771
3 2217 3672
1 1153
1 3146
2 2597
1 4554
1 770
2 178
2 2077
1 1085
3 1779 2270
1 454
2 1352
1 802
2 3061
2 88
2 2150
2 2080
1 1132
3 1055 2652
1 470
1 3481
3 2978 3569
1 4951
3 410 1172
1 1400
3 1506 4254
3 3291 4272
3 1294 2254
2 2559
1 2794
2 3828
3 2782 3903
1 743
3 2788 3481
2 2868
2 4337
2 1835
3 26 3262
2 2842
3 269 4872
1 3980
3 4397 4824
1 2253
1 2596
2 4083
3 2992 4985
2 336
2 3379
3 2104 3581
1 4895
1 1709
3 2675 4031
1 3409
1 2874
3 3433 3741
1 1523
3 2274 3359
1 2268
3 3401 4928
1 3338
1 1353
3 4742 4876
1 2376
3 4536 4621
2 3841
1 478
1 3382
2 4057
2 577
2 1994
2 299
3 4006 4913
1 3516
1 3772
2 171
2 1489
3 2970 4443
2 1346
3 2568 2883
1 108
3 1064 3067
1 2774
3 1005 4422
2 480
1 3071
3 2858 2944
2 837
2 1275
3 4123 4153
3 2913 4035
1 1976
1 786
2 1490
1 2224
1 1702
2 604
1 3749
3 3913 4139
1 842
1 3882
3 2373 4143
2 4987
3 3209 4970
1 2111
1 1327
2 4866
1 675
3 3196 3326
1 4358
3 3383 4232
2 1824
2 1382
1 1985
1 512
3 3452 3833
1 1820
3 2572 4285
2 313
3 69 2462
3 4061 4427
3 1407 4375
1 3467
1 4507
1 1595
2 4837
3 4640 4713
1 839
1 1448
2 1051
3 4206 4925
2 4863
2 2344
1 2989
2 3188
2 3874
3 1781 4602
2 3279
3 3545 3954
1 4671
2 1560
1 1547
3 4223 4706
2 1017
2 3873
2 2690
3 3948 4599
1 4867
2 1309
1 336
1 3859
3 3188 4198
3 1575 4615
2 2980
2 2980
3 1780 2343
2 1363
3 275 3301
1 3430
2 4266
3 1676 4377
2 4207
2 3029
2 2482
1 303
3 3801 4358
1 4614
3 2033 3969
1 1626
1 1602
1 1703
3 2781 3595
1 1421
1 847
3 957 4214
1 1348
1 4315
3 1752 4836
1 2107
3 4107 4462
1 1861
1 2808
3 4428 4526
3 4783 4998
2 2970
3 3696 3940
1 2902
2 2495
2 1411
3 2415 4942
2 1390
3 1406 3244
3 2096 2266
2 3863
1 1640
1 3741
1 4131
1 3465
1 1209
2 887
1 1322
2 2366
1 2758
1 4255
3 4431 4995
3 4212 4445
1 2781
3 718 1950
1 4267
1 1327
2 14
1 656
1 3479
1 3705
2 1095
2 141
1 3680
1 355
3 754 2293
1 1497
1 2433
1 137
1 1460
3 2208 2495
3 3301 3612
1 966
1 414
2 3274
3 3620 4871
1 4197
2 893
2 185
2 2799
1 910
1 3543
1 41
3 3393 3430
2 2380
1 1472
1 4396
1 4460
3 1768 4448
1 4824
1 3465
3 2737 3306
3 3770 4600
1 1806
3 4403 4598
2 3661
3 1865 4265
1 2404
2 665
1 2417
2 533
1 4788
3 3562 4736
3 2135 2699
2 335
2 2747
3 3126 3242
3 2308 4831
1 4048
3 4530 4686
1 3107
2 4044
3 657 2770
1 2719
3 1870 3802
2 2323
1 4557
1 671
1 4352
2 3630
3 56 1081
2 607
3 2217 2765
2 1833
2 1993
1 1176
2 4096
1 1410
1 664
3 1147 2642
2 1616
1 1413
3 2524 2929
2 2963
2 4153
3 3937 4247
2 3157
1 1808
3 3221 3650
3 4805 4901
3 4783 4906
3 2540 2741
3 2867 3100
3 2466 4572
1 3597
3 4123 4642
3 2012 3785
2 4040
3 751 1030
1 1717
1 886
3 3557 3865
1 2768
1 873
1 2860
2 4300
3 4206 4802
2 2772
3 3565 4567
3 364 2458
3 4486 4851
2 104
3 1344 3140
1 4996
2 133
2 2145
3 477 4682
3 2120 3337
2 1307
3 2390 4459
2 2398
3 1549 3563
1 4371
2 860
1 233
3 70 4627
1 4161
2 363
2 470
1 416
2 3062
3 1128 1183
3 2916 4225
1 2619
3 4467 4642
2 3562
1 2014
3 1154 1675
2 3867
3 2414 4155
1 2860
2 4791
2 1467
1 4798
2 110
2 4000
3 4173 4614
2 4741
1 215
3 1481 3354
2 323
3 1458 2231
1 4630
2 729
3 979 1478
3 878 2920
3 345 2917
3 1563 4199
3 2211 4564
2 1767
2 3876
1 1417
3 2502 3424
2 1006
2 3239
2 2464
1 1920
3 1679 4815
1 2649
1 2985
3 3116 4540
3 1463 2102
1 4825
2 1323
2 2520
3 1340 4387
2 838
3 3634 3756
3 4474 4936
1 3473
1 806
2 1138
1 2481
2 2188
1 1290
1 3932
1 2970
3 2863 3822
2 3882
2 3446
3 209 4339
2 2910
1 1767
1 4527
1 1255
1 3893
2 3949
2 2670
1 3070
3 732 4919
1 344
1 1777
1 1654
3 4310 4961
3 277 1150
2 3890
1 2536
1 3276
3 1220 3824
2 3165
3 649 3700
1 4344
2 3642
1 2780
1 2262
1 3247
2 3741
1 3753
2 2529
1 4854
1 2423
1 1857
3 3713 3958
2 2214
1 1621
2 4898
2 4998
1 3072
2 3377
1 4807
1 3559
2 4385
3 2846 3684
1 2800
3 3376 3998
1 1265
2 1435
1 1355
1 1211
1 3849
3 363 4156
2 4885
2 821
2 2585
2 740
1 14
3 3147 4096
3 2889 3681
1 2100
2 115
3 2795 3864
2 1644
1 2319
1 815
2 3865
2 80
1 500
2 2183
3 2595 2771
2 3086
2 1779
2 530
1 3063
1 926
3 4912 4995
3 2668 3867
2 529
1 3604
3 480 2956
3 3792 4304
2 1322
2 3166
3 2161 3250
1 12
2 195
3 3686 4253
3 689 696
2 3090
3 2932 4765
2 2752
1 4835
1 4033
1 1800
3 2285 2520
1 3419
1 1489
2 1440
2 4950
3 1250 4267
1 407
2 4345
3 2546 3400
3 4004 4650
2 2278
3 1652 3646
1 882
2 4891
3 525 1542
2 2101
2 957
1 2947
1 3306
3 1367 3888
1 3590
2 301
3 2756 3542
2 2920
1 402
3 1827 3910
2 113
2 4815
2 4140
1 2043
2 4958
3 3007 3519
2 4743
3 2072 3614
3 854 1022
2 4811
2 3513
1 735
1 92
2 3826
1 1949
1 907
3 1997 2279
3 2678 3465
2 670
2 3785
1 2772
3 4434 4747
3 1175 2960
3 297 3077
2 4024
3 1612 3524
1 1845
1 2848
2 3753
2 2385
2 527
1 3491
3 1680 3869
1 2080
2 2489
1 580
1 563
3 2741 2815
1 4657
3 2245 2356
2 2354
3 1626 2764
3 4072 4084
1 1181
3 1151 4324
3 3245 4958
3 3914 4266
1 3790
1 2287
2 4833
1 3035
1 2915
1 1751
1 4830
3 3019 3238
2 2693
1 4731
1 1965
2 2416
1 2613
1 1843
3 3149 4023
1 4736
3 4873 4988
2 2425
2 245
1 3557
3 341 993
3 3459 3815
3 221 1872
2 2127
2 2252
3 37 799
2 4635
1 4998
2 3519
1 1125
2 3552
3 2356 3113
2 674
3 1721 2219
1 1209
1 356
1 1108
3 1693 2931
1 2068
2 1793
3 4723 4960
3 848 4725
2 1694
1 2934
3 2785 4463
3 1460 1820
1 2234
3 3876 4483
3 4038 4122
3 4880 4882
1 1338
3 1764 1938
1 2989
3 2427 2780
2 952
2 576
2 4299
3 3808 4536
1 85
1 3627
2 2162
3 3619 4656
1 1924
2 2048
2 740
2 247
3 1272 1583
1 1013
3 3931 4278
3 4077 4703
3 1504 4568
1 2568
1 956
3 443 2082
3 2058 2705
2 2715
3 641 2048
2 3895
1 4974
1 3445
3 2137 3267
3 3476 4991
3 3186 3632
2 4516
3 1326 3021
1 4757
1 680
3 1398 4622
3 4655 4790
1 3005
3 4201 4531
3 732 3365
2 842
3 4412 4682
3 4904 4924
3 4135 4706
3 3531 3716
3 838 3937
1 3202
2 986
3 119 4451
2 4522
2 3258
3 644 4807
3 2775 4360
1 1401
2 691
2 1975
3 1750 2494
1 3649
3 595 3323
3 1356 2311
3 531 1604
2 3478
3 2146 4136
3 731 4093
3 541 2424
2 2056
2 546
1 3943
2 1746
1 77
2 2288
1 542
2 2479
1 2115
3 3220 3602
1 3048
2 4285
2 191
3 822 872
2 4207
1 1063
2 4699
2 2923
2 4236
3 4103 4149
3 2406 4875
3 4471 4472
1 3553
2 993
1 445
1 4912
2 828
3 4530 4742
2 3523
3 668 1370
2 590
1 3753
1 561
1 2408
2 3855
2 725
3 4672 4933
2 2027
1 2996
2 1617
1 3467
3 1954 4496
1 1677
1 15
1 2859
1 3039
1 4974
3 1465 4155
2 1935
2 981
2 647
3 1985 2428
2 2153
3 3296 4785
3 1014 3368
1 4642
2 430
1 4665
2 1873
2 4884
2 480
1 741
3 3020 3095
2 4454
3 3650 3754
1 2106
2 4158
3 1331 4493
2 1818
3 3476 4114
1 2221
2 4271
2 210
1 2096
1 2248
3 2779 3101
1 570
1 2872
2 954
1 830
1 715
3 855 991
3 2492 2973
1 2186
1 1923
1 3579
2 335
3 4443 4762
1 4193
2 3803
2 3795
1 1236
3 2625 4257
1 3390
1 3146
1 550
1 1219
1 4374
3 1919 2022
2 1994
2 2516
2 2034
1 251
3 824 4813
2 2205
3 1456 1534
3 2136 3325
1 797
3 4443 4450
3 3465 4132
2 1966
3 755 3943
2 1811
1 4400
3 1962 3896
3 699 3331
1 3459
3 2615 3456
3 3205 3869
2 39
2 1899
3 157 1600
1 4225
3 1522 4011
1 2348
3 4653 4967
3 4092 4511
2 4673
1 604
2 1173
3 956 1995
2 2972
3 2298 3798
1 1484
2 2831
2 4499
1 1020
1 2748
2 3334
1 3062
1 3181
2 2575
3 896 3120
1 4142
2 3563
2 921
1 4973
3 2322 4434
3 204 1066
1 1754
3 1603 4420
2 3282
1 4883
3 104 276
3 52 3882
1 2546
2 2059
1 226
1 4316
2 4982
1 4577
1 3862
3 1628 2163
3 2184 4999
2 4829
3 3730 4341
1 641
3 3745 4407
3 1723 2146
1 3310
2 4163
1 2272
1 345
3 2158 4656
3 2676 3426
1 2140
2 1551
1 1941
2 3516
2 1518
2 1082
2 3862
2 3182
1 4162
3 784 4966
3 2819 4096
2 3055
1 2981
1 2120
2 3397
2 2270
1 3861
1 201
1 3736
2 4062
2 849
3 1547 4992
1 2171
3 4300 4579
2 248
1 4112
1 1699
2 401
2 516
2 4859
3 1553 2329
3 1556 2485
2 3750
2 459
2 1288
2 2450
2 4699
3 2969 4564
1 110
2 1787
3 657 3073
3 1631 4221
1 911
2 483
1 1201
3 1965 3518
2 1086
1 2576
1 4483
2 2682
2 2738
3 3626 4427
3 2538 3041
2 3149
3 1149 2832
2 4446
1 3184
3 2611 2627
3 720 2420
3 3421 3947
1 835
3 4105 4727
2 1277
1 3833
2 1198
1 3686
2 2333
2 2927
3 1622 4714
3 1152 2848
1 3753
2 3677
3 4920 4983
1 1934
2 4291
1 3306
1 4560
1 2698
3 459 3753
3 1342 2116
2 2768
2 3495
2 3920
2 4277
3 98 4197
2 1082
3 2478 3073
3 2000 2377
3 2590 3143
2 2243
1 4011
3 4778 4856
1 4736
1 250
2 414
1 3780
1 3659
2 3001
1 3304
2 173
1 344
2 2665
2 3863
3 126 3023
3 3409 3618
3 1131 2677
1 3805
2 2342
2 2124
1 4502
1 4786
1 2725
1 3625
3 4194 4853
2 4749
2 4851
3 3538 3749
1 3808
3 4402 4647
3 3827 4937
3 908 1235
3 552 3182
2 3668
2 2485
3 911 1324
3 715 4234
1 1471
3 3635 3966
1 2931
1 2647
2 681
3 2760 3697
2 1488
3 4733 4852
2 853
2 2798
3 2681 3080
1 2061
1 1862
2 4766
1 585
2 3424
2 2980
2 2250
1 384
1 1254
3 1451 3949
1 2032
2 2083
3 3698 4955
1 1937
2 2024
2 4831
2 770
3 4842 4872
3 1501 4383
2 1999
2 597
2 1916
3 1940 4334
1 1991
1 4747
1 1889
2 1166
3 2245 4655
1 1776
3 3601 4036
1 1175
1 4934
3 1949 4259
1 2455
3 1889 2202
1 1341
3 2527 4409
3 4104 4859
3 4163 4496
2 17
2 2176
2 4907
3 2023 4617
1 3141
3 96 1416
1 367
3 1594 3554
1 321
2 2521
3 1950 2163
2 289
1 3621
1 923
1 3084
1 2515
2 2417
2 1060
1 3443
2 528
2 4902
1 1756
1 942
2 1664
3 1850 4112
2 960
2 476
3 3714 3810
1 4482
1 3220
1 3466
1 2481
1 3888
2 320
3 2073 3376
1 3067
3 593 2634
1 4731
1 346
3 1837 4164
1 1845
3 276 2055
3 2870 4699
2 4075
1 4293
2 1884
2 4021
1 2776
2 1891
3 3333 4511
3 3591 4079
3 795 2217
2 2341
2 2979
1 238
1 4654
1 4686
2 4041
1 2438
3 404 1353
1 1221
3 2670 3715
2 1506
1 1300
1 3428
1 803
2 3185
3 4460 4713
3 3474 3864
3 156 2829
2 3255
1 991
1 2616
3 559 4142
3 3909 4277
1 4785
2 2370
3 1351 2701
1 2701
1 4472
2 2593
2 3400
2 2774
3 2825 4800
3 2149 3641
2 1538
2 3579
3 1991 3551
3 4344 4607
2 4360
3 3254 4796
1 3213
3 2803 3392
3 4041 4070
3 4976 4986
1 3548
2 1355
2 1767
2 4001
1 4873
3 1563 4086
2 2653
1 256
2 3509
3 4605 4927
2 544
2 1468
3 1344 3547
2 801
3 3582 4001
2 4836
2 4493
1 3479
1 1252
1 4695
3 3102 3246
3 4117 4880
3 1319 3433
2 758
1 1661
2 676
1 2188
1 370
3 4078 4455
2 3074
1 2466
1 1585
3 679 2435
3 1903 2908
1 2223
3 67 3592
1 2778
2 2374
3 3860 4064
2 1338
3 1383 2368
2 3418
1 2101
3 2658 4690
2 240
3 3346 3613
3 1477 4286
3 1415 4691
3 1495 3391
3 220 2048
2 3977
3 1404 3496
3 4805 4849
2 2792
1 3167
3 4792 4846
2 2760
2 4340
2 1141
3 3550 4034
2 2231
2 1621
3 4877 4926
2 3920
1 4614
3 3842 4559
2 4758
3 1707 3652
3 3601 4094
1 4454
3 1371 1527
3 3571 4795
2 372
1 4973
3 1878 2090
2 561
2 214
2 2026
3 2941 3467
3 4210 4822
2 989
2 4443
3 4131 4196
1 4891
2 1148
2 4638
1 1173
1 1474
2 3923
2 1222
3 1837 4947
3 689 1241
3 3099 4293
1 359
2 3531
3 4818 4931
3 1741 2686
3 983 2694
1 2450
3 28 1572
1 615
3 153 3446
3 998 2344
3 4802 4924
3 1508 3260
2 1683
2 2968
3 2862 3541
2 1663
3 1932 2584
3 1784 3478
3 1171 2195
3 4684 4989
2 4805
1 725
2 2987
3 244 2857
3 800 3488
2 4725
2 3878
2 2555
3 1425 4707
2 4434
2 1148
2 844
1 4094
1 3796
3 789 3189
3 2098 2643
3 2263 2401
2 4775
1 106
2 97
1 2027
2 1715
2 1078
1 2404
2 1664
3 2571 4489
1 631
2 794
2 1844
3 3732 3840
3 4464 4822
1 2839
1 4269
2 1735
3 2473 4832
2 697
2 2893
3 4833 4865
3 4134 4721
1 4554
1 184
3 4774 4974
3 2550 2558
2 3928
1 667
2 954
3 249 3692
2 4985
2 3340
1 4719
2 3458
2 3625
2 4199
3 3730 4258
3 976 4887
1 4840
3 618 3434
1 793
2 4508
3 2420 2896
3 4356 4534
1 3837
1 1854
1 2314
3 4413 4847
3 1460 3672
2 3556
2 2121
1 901
3 379 4074
3 1426 2614
2 2570
3 3786 4439
3 3659 4441
3 4902 4903
2 48
1 3700
1 698
1 735
2 298
2 2659
1 1061
2 590
2 3566
1 4784
2 1041
1 4794
3 3497 4815
2 4018
1 4456
3 1124 4793
2 3674
1 539
1 2739
2 2617
2 2705
2 3408
2 4033
3 202 598
3 326 4349
1 3179
3 4708 4963
2 3907
1 2716
2 1318
2 785
3 128 4294
2 2198
1 171
3 3718 4641
3 1270 4870
2 1816
3 2743 4489
2 3490
1 2627
3 2467 3870
2 1573
1 3544
1 4566
1 4564
1 4892
1 857
3 1806 4436
3 2864 5000
2 1323
2 2690
1 2172
3 938 3153
3 2833 4801
2 1938
2 1309
1 1656
3 2062 3042
2 1837
1 2821
2 653
1 1888
1 4738
1 1463
3 1277 3638
3 979 3500
3 192 2090
1 858
3 909 4811
3 2817 3033
2 2758
3 3744 4323
1 1268
3 1158 3035
1 28
1 1628
1 4540
3 3284 4593
1 4578
3 2331 3437
2 563
3 3176 3559
3 4581 4997
2 1680
1 4756
3 4636 4727
3 2796 4003
1 4535
1 997
2 2991
2 3479
2 2822
1 3003
2 3216
2 3467
2 2142
2 4206
2 3484
1 1893
2 1845
1 2897
1 3142
3 773 1498
2 3831
2 3931
3 1170 4578
2 4113
2 1275
3 4721 4982
2 2491
3 3942 4493
2 3671
2 2901
3 1330 3607
2 1779
3 4671 4706
2 3394
3 2301 4918
2 4595
3 2037 4175
3 4738 4927
3 254 3976
3 116 3123
2 3328
3 1324 2716
3 888 4767
3 4857 4995
1 4159
1 614
3 3777 4558
1 109
3 1186 1779
3 1713 2195
1 2818
3 4785 4919
2 2610
2 1145
1 3860
1 992
2 395
1 1400
2 522
2 2878
1 3834
2 4315
2 3091
1 2225
3 4079 4367
1 2487
2 166
3 4275 4706
1 1271
1 2358
2 3361
2 2345
2 2990
3 306 1292
2 2484
1 3498
3 2292 3278
1 1270
2 1897
1 651
1 4910
3 258 3113
1 1299
3 3151 4244
2 4863
1 412
3 3535 4488
3 3122 3279
3 4574 4787
2 2642
1 2535
1 4577
2 2455
2 1475
3 2228 3087
3 3261 4618
3 4764 4894
3 3863 4902
2 524
2 4841
3 145 3459
1 2094
2 3944
2 710
1 68
1 3897
2 2372
2 964
3 4014 4276
1 821
3 3279 3773
3 2986 4428
1 4426
1 1603
1 55
1 4929
3 1690 3657
3 913 2870
3 2187 3790
1 1145
3 2576 4851
1 803
3 1929 2103
3 1163 4601
2 3722
3 2373 3979
3 501 1694
2 3333
3 4786 4961
3 3885 4422
3 2898 4441
2 359
2 736
2 701
2 3008
2 4269
1 185
1 3444
3 4018 4629
2 3808
1 2750
2 2581
2 1963
3 2380 3319
2 1151
2 3302
2 3199
3 4889 4969
2 2476
2 1209
2 863
2 1854
3 3212 4921
3 1054 2621
1 75
3 4271 4783
2 4779
1 1184
2 2860
2 3426
1 2608
2 4918
1 3713
1 2203
3 1413 2580
3 1553 3718
1 4594
2 2452
3 1845 2114
3 830 1610
1 3921
1 1912
2 4181
1 23
1 214
2 1609
1 3783
2 3515
2 1804
2 1625
1 4383
3 2967 4551
1 4409
1 243
3 3574 3790
2 1870
1 2504
3 1930 3771
3 4512 4640
1 2776
2 1806
1 4185
1 2202
2 3695
1 765
1 283
1 2631
1 2963
3 2639 3681
3 3009 4985
3 4756 4868
2 1003
3 1232 4465
3 2543 4133
2 3431
3 338 3598
2 4229
2 1985
3 3959 4810
2 2497
2 1467
1 1429
3 2770 3507
1 2286
2 2419
2 1482
1 2489
2 1852
3 3812 3929
2 930
3 186 1043
3 360 2350
1 242
1 923
1 610
1 4738
1 4994
1 418
2 4462
2 2363
2 3894
1 3251
2 4010
1 4198
3 2595 3783
2 1017
1 3386
2 3978
3 3649 4732
2 1556
3 952 3882
2 3742
3 842 3226
3 2686 4018
3 3483 3582
1 3262
2 2668
2 3893
1 159
1 1467
1 247
1 719
2 2982
2 652
3 4197 4275
3 4053 4438
3 1689 4639
1 145
3 1411 4562
2 4266
2 3157
1 4316
1 4774
1 571
2 1683
1 3919
1 4145
2 2695
3 831 1933
1 4611
2 3592
1 3714
1 3841
2 1533
2 2191
3 338 3090
2 1402
2 4678
3 1317 1577
1 2002
1 1180
1 3069
3 3885 4079
1 2829
3 3473 3942
1 2847
3 656 2140
1 3789
1 3629
2 2026
2 4267
3 3248 3869
3 2740 3003
1 1637
1 977
1 4351
1 480
2 973
3 3637 3896
2 1528
3 4878 4917
1 117
2 2920
3 4859 4923
1 3159
1 3412
2 436
3 4863 4914
2 1047
3 1245 3034
3 3482 4526
3 708 1710
2 916
2 80
3 4656 4945
3 4951 4962
2 4438
1 1881
2 2220
2 3937
1 53
3 3887 4040
3 2193 3686
2 4
1 1648
3 719 2307
2 3227
2 2827
3 4320 4597
1 461
1 3236
3 3372 4987
3 4262 4376
3 3520 3722
2 4593
1 2751
1 2421
3 2088 4809
1 2202
3 179 4618
2 647
1 4172
2 369
3 2849 3663
3 3295 3783
1 1827
2 2501
3 3722 4213
3 669 4728
2 289
3 4434 4875
1 771
3 749 1623
3 344 3346
3 3659 4636
2 2971
2 2285
2 3103
3 3782 4359
3 3077 4162
3 4750 4973
2 574
1 765
2 3810
3 4650 4928
3 1102 3871
2 4582
2 2328
1 4412
2 2665
1 497
3 3397 4062
1 2627
2 4944
2 4743
1 907
1 609
3 705 2356
2 3832
1 3851
1 1716
2 1006
1 4889
3 985 3512
1 1077
1 4141
1 3454
2 2963
3 1662 1845
1 4069
1 4198
3 2265 3813
1 1626
3 3113 3206
2 2242
3 3910 3977
3 4901 4909
3 2507 3091
1 1501
3 376 2150
2 3687
1 3466
2 4126
3 3648 4478
3 611 4507
2 3203
2 3685
3 2114 4904
3 556 3426
1 323
1 3993
3 3855 4225
2 3578
3 3068 3135
3 3383 4272
3 4437 4861
2 2660
2 3375
1 686
3 4873 4997
2 30
2 3720
2 2585
1 4520
2 4886
3 1667 3636
1 1600
3 3987 4580
3 4267 4277
3 1743 4335
2 4459
1 4691
2 2643
2 4121
2 2425
2 183
2 2251
2 1099
1 1417
2 912
2 1390
3 4937 4979
1 3984
1 118
1 2445
1 2791
2 3460
2 2992
3 4544 4548
3 762 3048
1 1018
3 4748 4928
1 3396
1 771
1 3585
3 1135 3899
1 2559
2 1718
3 1996 4355
1 1242
3 2901 2935
3 4128 4157
1 2220
1 3439
2 4591
2 66
3 3364 4239
3 183 4628
2 359
3 2733 3693
3 1818 3836
3 4703 4816
2 225
3 1668 2470
3 1421 3519
3 1788 3189
2 1056
1 2337
3 4123 4667
1 4273
2 3316
2 3907
3 3726 3886
1 2027
1 281
2 1230
1 4878
1 3851
2 3387
1 3479
3 3878 4602
1 2633
1 3709
1 601
2 3720
1 1954
1 4248
1 2679
3 1697 4281
2 36
2 235
2 859
2 306
2 3663
1 1268
3 3437 3832
1 1759
1 2975
1 1139
1 1586
3 4069 4677
2 2916
2 4523
1 748
2 4060
2 97
2 3572
2 3294
1 326
3 1428 2973
3 4724 4974
1 1396
1 1730
3 4845 4848
3 4849 4945
2 1574
3 872 3899
2 3534
3 2761 3318
2 3091
2 971
1 2972
2 2962
3 2592 4372
1 2939
2 3028
3 2449 2738
3 3099 4418
1 3172
2 3757
1 459
1 4287
3 2891 4712
3 754 4782
1 4390
1 844
2 2562
3 3910 4778
2 1158
1 4317
2 4222
2 2871
1 4517
1 1623
2 3900
2 1968
2 1324
3 3537 4199
1 426
2 4767
2 2138
3 1721 3937
1 3706
1 3422
1 2458
1 1384
2 4710
3 2454 4758
3 19 1457
1 1608
2 4101
3 2980 4357
2 4671
3 376 3184
1 3402
3 1999 3645
1 3675
2 3572
3 3839 4834
3 3206 3221
1 436
1 1475
2 4068
1 3329
3 3332 3848
3 3805 3869
1 1547
1 63
2 845
3 2892 4855
2 1321
1 3634
3 1813 1881
1 3016
3 2116 2660
1 3499
1 4016
3 1508 3048
3 326 1051
2 2073
2 1121
2 2446
1 446
3 2227 4462
1 2944
1 97
2 2689
2 2979
1 438
1 2753
3 1959 3368
1 2528
3 4750 4856
3 3108 4365
2 4095
2 2950
1 3714
3 632 3673
1 402
1 4293
3 1662 4890
3 2555 4984
2 4476
1 1290
1 2800
3 675 4111
2 189
2 4186
3 2418 3525
3 4416 4665
2 403
2 2579
1 1967
3 3548 4564
1 236
2 974
1 4888
2 1209
1 4774
2 2248
3 2581 2898
3 1081 4720
3 4177 4541
3 1568 2987
1 689
1 1249
3 4990 4991
3 3969 4563
2 2991
1 2629
3 2211 2775
3 4410 4996
3 702 2563
3 3038 3176
2 3588
1 951
2 39
1 815
2 4715
2 2906
1 2733
2 1843
3 4264 4562
3 1498 2515
1 3608
2 3265
1 3375
2 1973
2 4026
3 2485 3448
3 2216 4755
3 1120 3478
1 3634
2 3740
1 2666
1 1311
1 1497
3 2653 3144
1 3348
2 417
3 2007 4218
2 1262
2 1491
3 2204 2787
3 2287 3571
1 3277
3 965 3184
2 4060
2 4984
2 3705
2 1820
3 2304 2692
1 465
3 3113 3810
2 2698
1 4253
2 2547
1 3129
3 583 1388
1 4710
3 3590 3784
3 1243 2365
2 1393
2 1154
1 347
2 4775
2 254
1 1348
2 4385
3 225 508
2 3336
1 2380
3 4699 4813
2 1329
2 1871
3 2018 3794
3 3800 4554
2 4307
2 3445
1 3330
2 3492
1 134
3 1961 2962
2 4110
3 1097 4827
3 1016 1735
1 3910
2 3733
1 51
3 209 1222
3 1600 3158
1 1070
2 3729
2 2899
3 4197 4423
1 3747
2 1743
2 2006
1 2171
1 3910
3 2145 2333
2 3075
2 4912
1 3743
3 1631 4109
1 1230
1 3249
2 2147
1 1388
2 1547
3 2864 3815
3 2815 3631
2 1108
1 1531
2 3074
1 4731
1 1691
2 1972
3 1005 1228
3 1372 4451
1 914
3 4925 4967
1 3640
2 4575
3 2291 4759
3 1020 3648
1 711
3 3031 3925
1 2092
3 4091 4304
2 729
1 725
3 2734 4567
3 2944 3483
3 4521 4577
3 697 1725
3 3659 4609
1 2401
1 3164
1 1065
2 4125
3 457 4651
3 4078 4731
2 2205
2 60
1 4033
2 2807
2 3164
1 3197
3 23 207
3 871 984
2 2237
1 493
3 75 3104
2 3904
1 3515
1 2240
3 1812 4811
3 3875 4514
2 2387
2 3752
2 4689
3 3320 4229
2 2307
2 3102
1 4657
3 1798 3874
1 2299
1 2371
1 2146
3 252 4440
3 3727 4553
1 1021
3 749 1474
1 885
1 3970
2 1013
3 3577 4114
1 258
1 4330
3 620 2964
3 2411 2813
2 1509
3 2772 4013
1 1187
1 1825
3 4775 4804
2 2982
1 3221
3 2579 3388
2 2446
2 1274
3 4263 4508
3 4771 4955
1 3005
3 2349 4242
3 2236 3489
2 769
1 944
1 4010
1 2541
2 298
1 4973
3 4570 4766
2 659
2 1259
3 1056 1351
2 4131
2 629
2 1969
1 2894
3 1635 4965
3 3156 4102
3 2306 3782
2 4845
3 1446 2538
3 2534 2678
1 761
2 2489
1 2927
1 3467
3 1107 4690
3 654 3253
2 644
3 3080 3985
2 2968
1 4898
3 3143 3463
3 2138 3569
1 3284
3 4814 4995
3 252 3940
1 3841
1 3768
1 4777
1 827
3 4348 4530
1 4181
1 3583
1 4149
2 2198
3 2357 3092
2 4824
1 927
1 4644
2 1349
3 3515 4414
1 4931
2 4593
3 4998 5000
2 1674
1 2534
3 1335 3081
1 65
3 4260 4638
2 4244
1 1905
2 4269
3 1877 2553
1 3943
2 1902
2 4022
2 1081
3 932 2971
2 673
1 239
1 3192
2 198
3 3883 4694
3 2265 3480
2 1638
2 3941
2 4710
3 915 2020
3 4449 4513
1 2193
3 338 2444
2 1088
1 227
3 907 1959
1 2335
2 77
2 1494
1 4148
3 4713 5000
3 2872 3586
1 1773
2 397
3 4732 4826
2 2315
1 243
2 1418
3 16 1391
1 289
3 715 2854
1 1663
3 3901 4580
1 534
1 2694
1 2562
2 172
2 4217
1 3367
2 2619
1 1966
3 2947 3747
1 3491
3 1585 4655
3 1771 3367
1 4024
3 4036 4342
2 4845
2 1490
3 712 2368
1 936
3 601 912
1 3863
1 3623
3 34 4743
3 388 4153
1 2566
1 1558
3 4019 4609
2 2970
2 3490
1 1270
2 403
3 4229 4391
2 3812
3 669 869
3 3093 3176
3 3298 4784
3 2528 2667
1 3134
1 2667
1 157
3 3778 4722
1 4743
1 2133
1 2792
3 4591 4903
1 4704
2 3179
3 2481 4853
1 4670
3 1947 3189
2 2683
1 2444
2 3475
2 649
1 2307
3 1324 1992
3 4628 4804
1 2257
1 47
1 2013
3 1326 1706
1 1433
3 3540 4197
1 2401
1 4361
1 802
3 3343 4670
1 1826
1 2422
3 3599 4506
3 3402 4216
3 4269 4371
3 3963 4932
2 3500
3 1539 1730
1 1436
3 2136 3541
3 2511 4343
1 3345
1 4625
3 1056 2315
2 2079
2 4920
1 4995
1 1918
2 3546
1 2645
2 3675
3 2708 3599
1 3255
3 705 3626
2 625
1 2267
1 2161
1 4073
2 3022
1 2567
1 4291
3 190 4171
1 4832
1 2165
2 3113
2 1950
3 3775 4344
3 41 3321
3 723 4137
2 1181
1 958
1 4899
3 1519 4945
3 3988 4435
3 4527 4649
1 2955
1 588
1 1709
1 1549
1 2620
1 2665
2 3176
1 4222
2 4488
1 1256
3 560 4759
1 3457
1 1745
1 1433
2 1270
3 518 804
2 3950
1 1981
1 3433
2 2951
3 1739 4604
2 1611
3 4743 4965
1 1181
3 4028 4157
1 3763
2 2120
2 1719
1 1625
2 1161
2 2703
1 1040
3 3370 3719
2 3795
1 2264
3 3891 4186
1 896
1 1463
2 2892
1 653
1 614
2 4011
2 536
3 3799 3807
2 1046
3 1855 2327
1 1292
3 4260 4861
1 4162
2 1044
3 4538 4710
2 2308
1 2136
1 1273
1 1507
1 3629
2 4128
3 2594 4382
3 523 602
3 4902 4906
2 3485
3 1981 2865
3 3652 3797
1 1759
3 4311 4547
2 2030
2 2275
3 1198 3634
3 3100 3409
1 1711
3 2568 4584
2 773
2 136
1 2641
1 569
2 3989
3 1518 3318
1 3305
1 437
1 4652
2 4407
2 4217
3 2293 2566
1 3998
3 1398 4250
1 886
3 4929 4947
1 4882
2 1706
2 3974
1 2062
1 2092
3 3392 3966
3 2063 3311
2 2350
1 3017
3 3991 4834
2 2068
2 2777
1 225
2 2610
2 1097
2 4868
2 2577
3 2056 2564
1 3171
1 1752
3 1430 4728
3 2676 2805
3 3783 4738
1 4333
1 1187
2 1897
3 2052 4442
1 3818
2 4913
1 235
3 2626 4837
1 4293
3 4855 4976
3 2991 3074
3 2254 3416
1 2280
2 1545
2 3087
3 1734 4874
3 2988 4677
3 3825 4363
2 735
3 2375 2455
2 3065
2 2267
3 1040 2174
1 254
3 2233 3849
3 3874 3945
1 4782
1 4099
1 1149
2 1503
1 680
1 2966
3 3378 3462
2 4169
2 2135
1 3209
2 1047
1 1116
3 2795 3642
2 1467
1 1989
2 3852
1 3281
3 2073 3089
1 2017
2 393
2 3405
2 4774
2 889
3 2520 3309
1 4291
1 3313
1 1758
3 2356 4852
1 3534
3 3 2344
3 306 1971
2 620
2 2945
3 3379 4802
3 17 716
3 3445 3502
3 1688 4881
3 2341 3391
2 4605
2 2375
3 3416 3908
2 770
3 1604 3688
2 4784
3 3020 4352
2 1571
3 1985 2840
1 3286
3 2253 4450
3 1928 3926
2 1447
1 2615
2 2157
1 624
1 2443
3 4690 4998
3 1314 1983
3 3960 4453
1 3566
2 1545
3 1568 4163
1 2090
1 1180
2 3583
1 49
3 4286 4762
2 4654
3 1423 4206
1 663
1 2188
2 834
3 4349 4868
3 2105 4725
3 1704 2999
2 4233
1 2439
1 704
1 838
2 1824
3 87 3743
3 4530 4875
2 33
1 2653
1 4089
3 4177 4901
3 1544 4763
3 1207 1873
3 2152 3728
3 4384 4565
3 1626 2547
3 3504 4355
3 1895 2098
1 1419
1 323
3 4977 4978
1 4295
1 2893
3 546 3012
3 2585 2601
1 4150
2 4992
2 2359
3 2700 3178
2 2353
1 4417
3 3289 3484
2 2398
2 3571
1 3326
2 3046
2 3262
1 3176
1 4701
2 3755
3 4823 4886
3 2486 3609
3 1295 2243
1 3261
1 252
3 826 3307
3 4279 4395
2 2285
2 3287
2 1247
1 2487
1 2366
3 4254 4913
1 2727
3 3240 3531
3 3697 3976
3 292 406
1 1430
2 1466
2 4946
2 2785
3 4668 4780
3 4674 4871
1 3849
3 2711 4374
2 3091
3 72 541
3 1081 1701
1 88
2 2793
3 4901 4917
1 4419
3 3828 4244
3 1613 4952
3 1142 4204
3 3130 4926
1 3843
3 2240 2556
2 2077
1 4759
3 2099 3937
3 4418 4696
1 4785
3 2150 2633
1 2395
1 3703
1 3248
2 2407
2 4054
3 3284 4661
1 1249
2 909
3 87 2091
1 1170
2 1109
2 2152
1 3673
2 4932
3 4786 4947
3 1974 4726
2 1136
2 2772
1 2715
1 1856
2 61
1 3367
1 3386
3 3597 4885
1 1642
1 4691
3 1654 1970
3 2689 3234
3 1942 3569
3 2517 4298
2 1064
3 558 2788
2 1932
2 3956
2 759
1 4337
3 805 3562
2 1569
1 430
2 877
1 866
2 3460
3 4770 4840
1 1049
3 4950 4981
3 4350 4912
3 235 1086
3 2461 3157
3 4941 4952
2 3537
3 4041 4912
1 1365
1 1956
2 2132
1 1789
1 3664
1 3145
1 4048
1 1683
1 1171
1 4833
1 3510
1 2956
2 3636
2 2267
1 4257
3 3955 4158
1 942
2 4031
3 2800 4879
1 15
3 2646 2726
2 2925
1 3596
2 889
1 1827
1 283
1 4812
2 992
2 3822
2 2769
3 3735 4502
3 70 3763
3 1523 3648
1 4623
3 1219 3754
3 4705 4748
2 2665
2 1314
1 3926
1 3426
2 4447
1 1452
1 3933
3 1856 4716
2 3269
3 2422 3153
2 582
1 4601
2 2414
2 4933
1 3320
1 1786
1 4596
3 1709 4059
2 3057
2 2811
2 2308
1 402
1 1983
3 800 2496
3 542 928
2 3874
2 1082
3 2742 3167
3 2853 3474
2 3871
1 91
2 2530
1 3865
2 355
1 746
1 2546
2 4565
2 1495
3 3819 4863
2 1085
3 1371 3652
3 2645 3667
2 1024
3 1971 2897
3 3473 3674
1 1791
1 580
1 1135
1 1712
1 4527
3 1129 4860
1 1940
2 3250
1 1484
2 850
3 2353 3627
3 232 1055
1 4418
3 2656 3725
2 4913
2 937
3 3097 4099
3 3880 4937
1 1734
2 4165
1 1129
1 4362
3 1116 2633
1 2001
1 3045
2 4188
3 1628 2156
2 2712
1 141
2 531
1 4759
2 607
2 4079
3 618 909
3 1770 3320
3 2617 3887
1 2289
1 3067
1 4523
1 900
3 4332 4975
1 4468
2 1869
3 1340 3041
1 3671
2 2269
1 1650
1 1775
1 2184
1 2505
3 4419 4822
3 2545 3771
3 3405 3434
2 3888
1 2889
1 2191
1 319
2 4893
3 1238 1639
3 1142 3818
1 2912
3 1131 4650
2 4462
2 775
3 4106 4999
2 2897
3 2854 3582
2 4045
3 4176 4535
3 3505 4059
3 1873 2319
2 986
3 3989 4220
2 3282
2 2195
1 2683
2 483
2 2129
2 145
3 2283 3611
3 1679 1713
1 2090
3 986 3628
3 1386 1979
1 2786
2 2452
2 2894
3 3536 4020
2 3368
2 2420
2 2292
3 1836 1902
3 1304 2380
3 2423 4441
1 1345
3 1558 2800
1 2974
2 4995
1 1606
2 2283
3 4410 4993
2 766
3 746 1435
3 746 1633
2 611
1 3183
2 1666
2 1245
3 3610 4812
1 4875
1 3662
2 2706
2 2585
3 4982 4996
3 4418 4785
1 2783
1 3325
3 700 3657
3 4510 4831
1 3144
1 4418
1 709
1 1876
2 4476
3 2903 4751
2 997
1 2958
3 1950 2008
2 2646
1 1557
3 924 1155
1 1687
3 2309 4356
3 321 4448
3 87 1403
2 3355
2 4669
1 2862
3 4546 4611
2 2497
2 2106
1 2348
3 2580 3240
1 1050
2 1139
1 948
1 317
2 2963
3 2993 2997
1 745
1 2881
3 1967 3523
3 3969 4819
1 2460
1 2361
3 386 3455
3 2375 4600
3 1961 2918
3 1722 2911
1 3517
2 824
3 321 4135
2 3076
2 1896
1 4803
1 3902
1 717
3 821 1818
1 1557
1 1623
3 4349 4722
2 4996
2 669
3 589 3704
1 1433
1 4032
1 4722
3 1976 3916
2 4029
1 513
1 2263
3 4737 4948
1 2833
2 2779
3 2782 4706
3 2235 3499
3 2859 3286
1 2205
2 3519
2 2106
1 3948
1 3317
1 1371
2 3937
1 1809
2 4224
3 4028 4257
3 4408 4900
1 984
2 1222
3 1699 4967
2 3439
3 2595 3767
2 1072
1 1498
2 2125
2 2321
3 664 2117
3 781 1344
1 2821
3 2197 4089
3 3240 3253
1 4711
3 2356 4911
3 852 2877
1 4711
1 3226
3 4168 4617
2 4552
1 1249
2 3252
3 3845 4415
3 2500 4343
3 142 511
2 4166
2 3417
3 2866 2941
3 3038 4178
1 2078
3 2003 2050
1 1558
3 304 703
2 2005
2 24
2 3368
2 3421
1 3633
1 499
1 2478
1 4854
3 377 2274
2 2909
1 2687
3 519 4071
3 458 4192
2 4486
1 3213
1 2878
1 4368
1 293
2 2718
2 893
3 1239 1349
1 4105
3 4918 4953
2 724
2 4975
3 2822 4848
3 2559 3168
1 4535
2 44
2 3052
1 664
1 2114
3 1302 1313
3 3192 3508
1 3595
3 595 4355
3 3560 4040
3 3627 4305
3 4241 4581
3 1736 3057
2 4447
2 4441
2 3088
3 3364 3731
2 298
2 2334
1 638
1 3331
2 51
1 4942
3 4705 4760
1 4999
3 296 2673
2 1209
2 2214
1 4470
3 2795 2906
3 516 974
2 3954
2 698
1 2597
2 10
2 1067
3 950 4711
1 231
2 1755
1 4441
3 1723 3910
2 3887
3 14 4688
3 2179 3692
1 1402
1 1423
3 44 2492
1 3714
1 4854
2 3583
2 3839
2 3393
1 4756
3 4952 4955
2 4080
2 3063
2 2490
2 832
2 4559
2 3891
3 1809 2242
2 2923
3 741 3625
3 1622 2915
1 3878
3 238 2835
3 3946 3954
2 3160
3 4356 4984
1 4112
3 2005 3041
3 1366 1548
2 453
1 4145
3 3171 3786
3 3177 4868
2 1449
1 352
2 2446
3 1987 2706
1 489
1 919
3 950 2331
3 3191 3415
1 83
3 2582 3124
2 2056
1 3458
3 3899 4152
1 2674
3 2969 4711
2 3769
1 4812
1 3716
1 3255
2 859
1 294
1 1453
1 1990
3 913 1402
3 4896 4918
2 4063
2 4440
2 4088
3 849 2457
3 1055 4071
3 1869 4823
1 4551
2 2281
1 3172
3 1066 3993
2 13
2 4113
3 3263 3968
3 2617 4520
2 698
2 553
2 4883
3 4503 4577
1 3790
1 983
3 1490 3875
3 4111 4709
2 1596
1 2264
2 4350
1 2122
3 4896 4971
3 1259 2715
2 361
1 4004
2 2046
2 1033
2 1812
2 4740
1 1312
1 1905
1 4006
1 4721
2 2746
2 3077
3 950 1020
3 3722 4286
2 341
3 2033 3533
2 1073
1 923
1 1161
1 53
1 1388
1 170
2 2971
2 2770
1 4615
3 3862 4006
3 4266 4997
2 3977
2 4413
2 3809
2 4301
2 2512
2 4621
1 1162
3 4150 4791
2 2112
2 435
3 2668 3030
1 1352
3 3402 4812
2 1534
1 2911
3 4097 4563
1 3409
1 1613
2 3999
1 799
3 468 4760
1 859
1 2250
2 2701
1 2388
2 2531
3 641 650
1 3046
1 4668
3 502 4903
1 266
1 2737
2 1321
1 327
3 1561 3738
3 2728 3151
2 528
1 1670
1 4313
3 4803 4834
1 3489
1 1188
2 1419
1 3024
2 1091
1 4463
2 3784
2 3295
1 2707
3 3064 3408
1 4846
1 4201
1 3394
1 884
2 4305
2 2596
3 4156 4950
3 3130 4042
1 2840
2 1439
3 566 1823
1 846
3 524 3570
2 1568
2 3061
3 4521 4803
2 1019
1 4652
2 1874
1 3429
3 1871 3296
3 3675 4850
3 1251 4132
3 3108 3662
1 4268
2 3106
1 3568
1 3182
1 3698
3 4191 4964
3 4812 4813
1 4488
2 3155
2 230
1 2478
3 2312 4719
1 133
1 1881
2 377
2 4954
1 2437
1 3925
1 2666
3 4592 4792
1 3869
2 4674
3 1080 1415
1 3227
1 2112
3 973 2021
1 4980
1 4160
1 4724
2 1473
1 3505
3 2397 4410
1 4085
2 3974
2 2380
2 1765
3 3181 4336
2 3260
3 1982 2798
3 4234 4304
2 4947
3 4817 4824
1 3924
1 4563
1 1539
2 3485
2 3622
1 4843
3 2125 3233
3 3638 4799
3 2915 3822
1 1356
3 3776 3869
1 2404
2 2517
2 1615
1 2029
3 3143 4086
1 4037
3 1989 2255
1 2149
2 3534
1 734
1 4588
3 2951 3912
1 2355
3 4375 4434
2 1657
1 2600
3 1261 2726
1 2807
2 3810
2 2762
3 3898 4211
3 1820 2116
2 1663
2 3426
3 3167 4537
1 2798
3 2099 2662
2 4255
3 4683 4949
3 2354 2771
3 2483 2504
3 2312 3769
2 469
1 637
1 4159
3 2002 2128
1 2993
2 4147
3 2475 3646
3 954 3506
1 1127
1 1615
3 3126 4056
2 2073
3 4650 4651
1 2842
1 2677
3 1255 4717
1 1072
3 3136 4466
2 3321
2 3133
1 2991
3 4380 4591
1 1088
3 233 3219
1 439
1 225
2 1686
2 394
2 3237
1 508
2 1100
2 1222
3 601 4721
3 34 1597
3 1167 2002
1 4176
2 4435
1 1728
2 3828
1 619
2 3538
3 2370 2441
2 78
2 4363
1 716
1 3027
3 3795 4472
2 2578
3 4104 4719
1 4509
1 606
3 526 1505
3 1247 4592
2 90
1 427
3 1768 2806
1 1514
3 4101 4821
2 1334
3 4871 4928
3 3769 4092
3 3532 4502
2 676
3 555 647
2 1783
2 3751
2 2432
2 1144
1 3123
3 3445 4174
1 1451
2 3419
2 4850
3 4921 4951
3 1130 1905
2 4433
2 4159
2 3964
1 1438
2 3297
1 3292
2 1030
2 2243
2 1996
1 2700
2 3255
1 2176
1 499
2 488
1 1910
3 4378 4993
1 3698
1 1258
1 834
3 314 3685
2 2819
2 4149
3 207 3608
2 2696
2 2665
1 4609
2 3875
2 4113
2 4645
3 2271 3293
1 3429
3 1941 2204
3 790 2851
1 1563
2 3191
2 4633
2 2870
2 4299
3 4762 4966
2 4605
1 1871
1 3265
3 1834 2521
2 2052
1 2629
2 1778
2 291
2 2105
3 1707 3534
2 3294
1 1221
2 2277
3 3706 3944
3 1920 2166
3 1384 3188
2 488
3 4500 4952
3 2670 3851
1 3766
3 42 3989
2 3643
3 2552 3431
3 3821 4516
2 3227
2 4907
3 3745 3950
1 506
3 2938 3941
2 1525
2 343
3 3341 4764
2 2163
1 2547
3 1703 3335
1 963
2 139
1 4291
1 3919
1 605
1 1086
2 1042
1 656
3 4330 4431
3 3325 4389
2 1891
3 1257 3140
1 2969
2 913
3 999 3095
3 1514 2501
2 3390
2 363
3 1421 1729
3 3248 4353
1 3216
3 1927 3397
2 1254
2 1259
3 2226 3961
1 2618
2 4826
1 3399
1 2448
1 2517
3 3485 3813
2 1687
2 2126
3 4590 4888
1 3563
1 1126
3 2265 3995
2 4100
3 579 4940
3 2838 4331
3 2402 3934
3 1253 3560
3 4044 4411
2 4077
3 1534 3415
3 3855 4482
2 1588
2 2661
1 1631
1 562
2 654
3 4711 4863
1 260
3 4695 4740
2 3017
3 2525 3086
1 1672
3 531 2233
3 3001 4528
2 786
2 4294
1 1431
2 1517
1 2926
2 2624
3 1455 4401
2 3541
2 4591
2 3079
2 3518
1 3436
3 1225 3609
2 4883
1 1541
1 2922
1 4202
3 3979 4842
3 221 3519
3 3076 4912
1 2283
1 2130
1 509
2 3485
1 3899
1 3544
1 2894
3 3269 3425
1 2958
3 1539 1720
1 3162
3 4615 4915
2 178
2 4425
2 1455
3 724 1452
3 3883 4895
1 1274
2 3031
1 1210
3 1789 1921
3 1604 1606
1 2148
1 732
3 2807 3067
1 2055
3 4965 4982
3 3374 4172
3 4401 4679
2 4414
2 151
1 1000
1 567
3 977 4610
1 2530
3 3678 4907
1 18
3 1075 2791
2 3614
2 4376
1 3068
3 2523 2706
2 1996
1 3373
2 4839
2 3365
1 2304
1 783
3 1766 2005
1 256
2 4737
3 1050 4749
3 3445 3970
3 2291 2313
2 1130
3 1107 2333
2 4561
3 4079 4834
3 4653 4828
1 1086
1 2231
3 4838 4914
3 1034 3331
1 19
1 421
1 27
2 1529
1 338
2 1109
3 126 1241
3 3646 3669
1 555
2 756
1 967
2 3227
2 3730
1 3552
1 472
3 1344 1784
2 309
3 2608 3689
1 300
1 1431
3 3188 4482
2 2202
3 3913 4681
1 4113
3 4349 4447
1 3452
2 2032
2 1017
2 4107
2 1167
2 2204
3 2505 2960
1 3250
2 869
1 587
3 1537 4558
1 4449
2 1299
2 4282
3 434 1066
3 1616 2367
2 987
2 1453
2 4625
2 483
1 4889
2 877
3 692 720
3 2274 4002
1 681
3 3138 3185
2 628
1 1688
3 4401 4740
2 4844
1 769
2 2213
1 2876
2 127
1 3137
3 3779 4307
3 4931 4949
2 307
1 3984
1 668
3 1018 4178
2 893
2 3539
2 3157
1 2988
3 2078 3738
3 269 1185
2 2931
1 2775
2 4470
1 3981
3 2928 3519
2 4026
1 1694
1 2118
2 4632
2 4144
3 3720 4495
2 3862
1 2751
3 3000 4460
3 84 1045
3 1881 3975
3 290 314
3 1262 2572
2 2854
2 421
3 4352 4718
1 892
3 3229 3435
2 231
2 2777
3 3642 4754
1 592
2 2095
3 3491 3530
3 1138 4149
1 2364
2 2376
1 4629
1 983
1 1592
1 725
3 691 4663
1 1817
2 486
3 3170 4415
1 2360
1 1562
1 2933
2 841
1 4831
3 1660 1919
2 2504
3 917 2244
3 4120 4330
3 1554 1753
1 3761
2 2828
2 1023
2 2695
2 3454
2 3597
3 784 1780
3 3338 4410
3 3598 3750
3 401 2494
2 2439
3 1987 3366
1 4635
3 2826 4534
2 1818
1 1415
1 234
3 496 884
2 1446
2 1387
1 4144
3 4446 4580
1 4828
2 2943
2 824
1 3369
3 4373 4589
2 313
2 716
2 332
2 1156
1 4598
3 2621 3191
1 1189
1 1425
1 1393
1 2465
3 3183 3396
2 1599
1 203
3 3622 4200
2 4825
2 2392
3 2026 2296
3 1611 4651
3 2079 4437
1 922
2 3836
2 371
1 1566
1 523
2 3479
1 1078
1 1391
1 3513
2 2823
2 898
1 675
1 2265
3 4440 4479
2 3061
1 320
1 3487
3 3396 4353
2 2462
1 1663
3 1268 3458
2 1158
3 2472 3603
2 592
1 822
2 2147
3 4329 4538
3 3222 4231
2 322
2 1589
2 966
1 2693
2 3981
3 4138 4573
3 36 4251
3 4905 4927
3 686 2001
2 3676
3 322 691
3 646 4864
2 4102
2 3051
2 4787
3 4236 4954
2 4508
3 1363 1933
2 1208
3 2008 4295
3 1128 4030
3 1493 4767
1 540
1 2218
2 4073
1 1007
3 3961 4187
3 4444 4878
3 996 3444
2 988
3 3479 4087
2 991
1 427
3 460 1067
1 4517
1 3554
1 3297
1 4891
3 3373 4023
1 1884
1 3381
1 4489
1 1670
3 4997 4999
3 3147 4380
2 2155
2 1242
2 1045
3 936 2499
1 1485
2 2910
2 719
1 248
3 637 4275
2 4160
1 1406
3 384 4229
2 149
1 457
3 2627 2952
3 731 2488
2 67
2 4883
2 1371
3 1828 3644
3 1756 3648
2 2343
1 1368
3 1410 3230
2 4456
2 2325
1 2535
1 4404
1 3964
2 3005
3 2029 4541
2 1721
3 4021 4886
2 4068
1 3416
2 3660
2 3773
2 1571
2 3152
2 4605
3 4051 4313
3 4591 4922
2 1975
1 1026
3 2965 3630
1 4359
2 4521
3 1838 2098
2 3228
2 2956
1 3460
2 3213
2 2276
3 2187 2641
2 416
1 3911
1 4126
3 401 2499
2 2404
3 1621 1996
2 2318
3 1435 2121
2 849
2 253
2 2518
2 3399
2 4157
1 1447
1 2274
3 3036 3220
2 2786
1 1731
2 94
2 3688
3 1050 4103
1 2891
3 40 1923
2 673
1 562
1 1988
1 2802
2 2128
1 1521
3 1455 4843
1 3165
2 1406
1 3125
2 2777
1 1470
3 2258 4661
3 2419 4239
1 4534
1 3566
1 4302
2 2893
1 4245
2 2128
3 4134 4914
1 2595
2 4148
2 2612
3 3540 3732
1 3814
1 1323
2 3095
2 2942
1 1927
2 2049
3 3178 3321
3 4425 4876
1 548
2 3271
2 1402
3 1721 1988
1 1265
2 99
2 4404
2 515
3 1456 3645
2 4335
1 1255
1 138
3 4541 4746
1 3942
1 3168
2 3607
2 2073
2 378
3 4703 4830
2 4834
1 618
1 2323
1 3189
2 184
3 4920 4998
2 4427
2 3503
1 1616
3 361 1813
3 1901 3517
3 4799 4958
3 4522 4538
3 4661 4942
1 3854
1 4296
3 2440 3858
1 1682
2 2136
3 3418 3699
3 4639 4712
3 741 2077
2 2184
2 4169
3 3242 4739
3 2670 3105
1 842
3 1671 3751
2 3469
1 476
3 856 3740
3 1223 4134
1 2013
1 154
2 1389
2 1053
3 935 3092
1 4027
2 3133
1 2371
1 3545
1 1863
3 1771 3413
3 3581 4146
1 4809
1 1926
2 3516
1 930
3 881 1647
2 3617
3 3512 3687
3 1844 3068
3 4730 4798
2 2131
1 4528
2 3350
3 892 1861
2 1806
3 1480 3609
2 399
3 1376 2341
3 2236 4280
2 3540
2 4233
2 2878
2 4820
2 2383
2 862
3 551 1033
2 3662
1 4529
1 534
1 135
2 271
1 4387
3 2089 3067
2 1683
1 3965
2 2759
1 1641
1 2800
2 2631
3 502 1915
1 2373
2 4646
2 1029
2 988
1 2530
2 3244
1 1258
1 224
1 1212
2 1867
3 3453 5000
1 3950
3 3481 3617
1 3214
2 2601
3 4909 4977
1 42
3 411 1289
3 3449 4815
2 3793
1 4912
1 3460
2 4413
3 90 3805
3 4670 4863
1 3311
3 1587 2777
3 2723 2920
3 4141 4520
1 4382
3 3381 3771
2 4386
2 4197
2 4540
3 3913 4317
3 1491 3585
3 1039 2357
2 2130
1 1469
1 4654
3 4534 4794
1 749
3 4794 4946
2 3991
1 3163
3 1588 3650
3 2994 4576
2 296
3 3636 4751
3 1050 1666
2 3459
3 2073 4671
1 1923
1 1258
3 531 2740
3 582 3225
2 4797
1 2986
1 710
2 4100
1 101
3 1082 2603
3 236 1805
2 1827
1 3666
2 1183
3 794 2275
3 2722 4643
3 1911 3574
3 1861 4633
1 4874
3 206 1635
3 304 2398
2 1029
3 476 3440
2 224
3 1933 3329
1 2722
1 80
3 4426 4903
3 1218 2636
3 3411 4335
1 2434
2 4535
1 2130
1 4560
2 3588
2 215
1 4030
2 939
3 2899 3830
2 369
1 558
1 2378
3 3855 4617
2 2043
2 1137
2 4266
1 2873
2 1361
1 1975
3 638 4605
3 1270 3401
2 4356
1 3169
3 3445 3825
3 2920 3825
3 2031 2382
3 4119 4523
1 1404
3 2786 3284
1 3223
1 1531
1 633
1 264
2 3985
3 688 3131
1 3188
2 2807
1 4659
3 4763 4787
1 2219
1 696
2 3357
2 3828
2 521
1 1084
1 1659
2 2977
3 3870 3968
1 4315
1 1437
3 2529 4125
3 3244 3439
1 3071
3 4336 4432
3 4254 4998
3 3322 4718
1 2808
3 494 4345
1 3188
2 3928
1 2363
1 4364
3 1610 2871
3 4800 4926
3 1922 4686
3 4267 4683
2 543
3 2013 4933
3 1983 3533
3 3091 4757
3 1839 3925
3 4008 4737
3 4202 4750
1 4293
2 2447
2 271
1 2812
2 4681
1 906
2 1306
3 451 1043
1 2445
1 1663
3 2290 4912
3 1785 3062
1 3230
1 3181
2 223
1 3795
2 3770
3 1040 4017
2 2929
2 1413
1 1579
1 3294
2 2902
3 626 2259
2 4514
2 4178
3 3768 4396
2 3357
1 4468
1 2409
2 1668
2 116
2 3932
1 1638
1 3013
2 3370
2 1719
3 311 3071
2 2284
3 978 2029
1 2096
2 4489
1 2436
1 445
1 4232
2 1935
2 904
2 2106
1 4593
2 528
2 3679
1 4512
2 168
3 1711 2088
2 2384
3 1001 2509
1 1519
2 2911
1 3172
1 2311
1 1262
3 3343 3486
2 855
1 2343
1 24
1 3266
2 1772
3 3948 4023
1 3499
1 2392
2 4821
2 4115
1 2511
3 4602 4800
1 3914
2 2594
2 1066
2 3374
2 4326
2 2236
1 2714
3 568 4250
3 3861 4226
3 4635 4916
2 1545
2 487
1 3440
3 4229 4358
1 950
2 3824
1 4029
3 643 4054
3 3750 4741
3 366 3534
2 2964
1 3290
2 3208
1 3881
1 4248
2 1318
2 371
1 3510
3 3166 3892
2 651
2 3842
3 1645 2302
2 3761
3 4591 4935
2 1614
3 2877 3525
2 2876
3 3536 3606
2 728
3 1865 4093
2 2255
2 1238
2 4603
3 4870 4905
1 952
1 1580
1 475
1 470
2 4335
1 1196
3 3945 4480
1 2638
1 2062
3 4582 4958
3 4118 4822
2 232
3 3664 3997
3 940 2829
2 367
3 2716 4763
1 2018
3 3586 4987
2 4528
1 2603
3 1951 4184
3 3389 3395
2 1126
3 4672 4701
2 1799
3 2240 4466
3 4088 4162
2 1175
1 1100
1 1956
1 4167
1 2680
1 2738
2 1706
2 161
2 1367
3 2593 3085
2 3117
2 127
2 4529
3 1386 2273
3 2590 3945
3 3711 4590
1 1911
3 538 4780
3 2630 2808
3 2955 3609
1 368
2 1496
2 3533
2 912
3 3208 3312
3 3634 4050
1 3362
1 3804
3 3956 4960
3 2855 4799
3 663 3589
1 4964
1 2318
1 581
1 1280
1 3784
2 2844
3 615 4244
2 4160
1 4751
3 2651 3500
2 3320
3 4389 4586
3 285 3639
3 4888 4890
2 679
2 4788
1 3719
3 4252 4898
3 1747 2752
3 727 2026
2 3525
3 3233 3239
3 2566 3905
1 1750
3 1366 2369
1 1461
1 1954
3 1922 3944
3 3101 3742
3 3036 3248
2 4855
2 1742
1 2803
3 2636 4222
1 2327
3 3680 3951
3 1735 4695
1 4312
2 1204
2 644
2 1701
3 1765 2988
3 2015 2977
1 1489
2 4693
2 3022
1 2497
3 3917 4612
1 207
2 51
2 1758
1 283
3 902 4061
1 3208
1 523
2 1266
1 2910
2 2987
3 4061 4333
3 1178 3026
2 2665
2 1303
3 4083 4553
2 3551
1 1084
3 241 4892
3 1469 3802
1 3307
2 1856
1 2854
2 2295
2 3922
2 3123
1 1161
2 346
1 3827
1 1657
1 2586
3 1979 4199
2 1503
1 3244
3 1562 1966
3 2408 4629
1 574
2 4339
1 3828
3 2703 3429
3 2286 2579
2 3515
3 2429 4461
3 1113 2327
2 501
1 484
2 4105
1 3842
3 4729 4954
2 2126
2 3416
2 1553
3 4255 4410
2 2966
2 2660
3 1745 3763
2 3231
2 3105
3 350 2030
2 1624
2 800
1 1679
1 4592
3 1982 4795
2 4757
2 3630
2 235
3 2845 4824
1 662
3 2849 4082
2 3382
3 3086 3235
1 3598
2 1438
2 4369
1 2917
1 241
1 835
2 4153
3 3762 4541
3 845 2119
3 2021 4118
1 4028
3 4343 4653
2 2774
1 1284
1 4570
3 70 2690
2 228
2 2200
1 3458
1 2124
1 3826
1 3026
2 1422
2 1785
3 2963 4583
1 48
2 1975
1 4581
1 3489
1 844
2 1165
1 3653
2 4139
2 1479
1 389
1 4988
3 625 1698
2 4522
2 1297
2 2676
2 2870
1 4093
2 759
3 341 3074
3 1498 3556
2 2494
2 4674
2 2944
3 99 2992
2 4669
3 2392 4100
2 634
1 12
1 2644
1 4705
2 3259
3 3227 3788
1 4606
3 1380 3106
2 4395
3 3509 3546
3 2350 2422
3 4582 4700
3 167 2727
1 1486
2 2043
2 1046
3 3954 4094
3 1248 4608
1 2738
2 3800
3 938 1644
2 3863
1 2858
2 2241
3 2835 3769
2 3701
2 1889
2 4943
1 4533
1 3397
1 3009
1 2395
1 1927
2 4121
3 3280 4803
1 3603
2 1022
1 4945
1 961
2 3773
1 4089
1 4962
1 943
3 143 3202
2 10
3 4262 4839
2 1721
3 1885 3517
2 565
2 4298
2 1515
2 2665
1 2734
2 2142
1 3324
2 4359
1 2570
3 1434 2131
2 438
3 3344 3877
3 4528 4807
3 3160 4223
3 289 1854
1 4926
2 1281
3 1441 4970
2 72
2 4604
1 4749
1 4363
3 860 2184
3 1472 1527
1 4723
3 4784 4812
2 2924
2 4654
1 3371
3 1923 4473
3 2608 3835
2 3652
3 1121 3320
3 1028 3499
1 2213
2 4694
1 2539
3 963 1494
3 3546 4065
3 2859 3277
3 1564 1828
3 4545 4872
2 4156
3 1634 4276
2 943
2 1448
1 2670
2 1101
2 1417
3 2250 3438
1 4765
2 2693
1 450
1 381
3 797 3870
2 1300
1 3112
1 4939
3 1996 4293
2 1791
3 3017 3975
1 2293
2 1467
2 3356
2 4629
1 3559
3 2482 4189
1 3477
3 872 1607
1 1655
3 4920 4991
3 1199 4370
2 846
1 4520
3 3784 4534
2 1523
3 3512 4409
2 4708
1 607
1 2305
3 3313 4406
1 3857
2 2054
3 25 86
2 4307
2 1130
2 4835
2 3728
2 2214
1 3395
3 3357 4912
2 2001
1 4130
3 508 3529
1 2231
1 4176
3 1672 3771
3 2400 4154
3 789 2686
1 1590
2 1612
2 3136
2 1047
3 1472 1990
3 2699 2765
2 1399
1 892
1 2124
2 4963
3 1607 2722
3 4620 4943
3 1369 4321
1 4389
1 3316
2 4368
3 104 3200
3 3759 4453
3 2239 4427
1 4614
2 2325
1 1784
3 803 4926
3 4372 4833
3 2836 4662
1 1114
3 2693 3347
2 1099
1 4448
3 2852 4897
2 610
1 2166
1 2242
3 3154 4196
2 1478
1 2595
1 2135
3 2011 3677
2 4057
1 4269
3 3219 3713
1 1239
2 672
3 1415 3649
3 2324 3188
3 1963 2087
2 2110
3 1415 4829
2 1861
2 818
1 4944
3 2022 2461
1 1681
2 2277
2 2985
2 2434
2 3857
3 1359 2301
3 1116 4878
3 2921 3761
1 2223
3 1389 1983
3 3243 4198
1 3651
3 2024 4719
2 4071
2 2496
3 3136 4740
3 2106 4905
2 2312
2 899
3 4970 4982
2 4389
3 1360 4987
2 3886
3 2011 3184
1 899
1 3459
3 4699 4970
1 1016
1 4209
1 1004
3 3302 4995
3 1595 1649
2 2042
1 4262
2 1396
1 1752
1 423
3 2955 2961
3 997 4623
3 3182 4688
3 936 3275
3 3918 4790
2 1217
3 2777 3413
1 3284
2 4420
3 3972 4346
1 2702
2 2629
2 351
3 2211 2236
3 328 1602
2 4138
1 3766
3 3844 3871
1 4366
1 1533
1 2456
3 900 2420
1 2646
3 2636 4847
1 1347
1 527
2 4515
3 3162 4227
1 3318
3 2729 4217
2 480
3 2350 3586
3 2508 4928
2 4555
1 3094
1 4217
1 1201
1 4608
2 2599
2 1434
1 1919
2 4080
3 1118 1349
2 1522
2 3581
1 611
2 4698
3 2522 3850
3 1017 4497
3 268 4177
2 560
2 2539
2 3008
3 1450 2827
3 4335 4708
3 1689 3513
1 935
2 630
1 1773
3 3165 4883
2 1858
2 4873
3 4187 4274
2 2288
1 473
3 2313 4705
3 4612 4825
