5000 5000
2 2406
1 2252
1 4536
3 3093 4049
2 1273
2 3378
2 749
2 3662
1 1473
3 3584 4721
3 1492 2952
1 2674
2 269
2 2948
2 1342
2 4669
2 182
3 3840 4550
1 4295
1 2500
2 3701
2 818
3 2429 3460
3 2899 4422
1 2256
2 3262
3 1364 2985
3 270 4989
3 1744 3620
2 1034
2 1759
1 688
2 3639
3 4154 4394
1 4387
2 640
1 3405
3 2907 3809
3 2581 4869
1 3315
2 1815
2 660
3 3815 4259
2 3243
2 880
1 3968
1 4265
1 1568
2 3560
3 4083 4189
3 2463 3847
2 4754
2 2426
3 4410 4571
3 1602 2881
1 281
1 4739
1 2053
2 3289
2 2288
2 821
2 1777
2 2855
1 2523
2 4265
3 4954 4993
1 2895
2 2566
2 1668
2 4893
1 3743
1 765
2 549
1 4977
3 2201 4442
3 876 1068
3 2519 2594
1 949
1 1576
2 1830
3 2220 4281
2 1368
3 4330 4665
1 4977
2 1745
1 2840
3 2961 3785
3 4420 4526
3 1602 1856
1 2369
3 2705 3533
3 4964 4999
1 3419
2 1995
3 3254 4449
1 4491
1 2637
1 4323
3 1871 3971
1 2580
1 1903
3 1765 4778
3 1090 4909
3 4850 4987
1 1860
2 3946
2 4263
3 3801 3830
3 3163 4704
3 4476 4982
2 567
2 3534
2 4979
1 475
3 3558 3875
2 491
2 4021
3 4136 4853
3 2669 4646
2 3105
3 2099 3118
2 2789
1 2131
3 923 1495
3 4071 4092
3 621 1769
1 1720
2 3529
2 4482
1 1427
2 4138
3 4416 4590
2 4431
3 1941 4229
1 2784
2 92
1 1505
2 4141
2 547
2 4679
2 1570
3 3627 3703
1 1516
3 3300 4973
2 1057
2 4035
1 3499
1 4029
3 1270 1814
2 3923
3 582 2043
2 3214
2 2284
2 65
3 3003 3531
1 4503
1 3687
3 3225 3347
3 4413 4834
1 2633
3 2409 3921
1 4679
1 3409
3 487 3129
1 2878
2 646
2 1645
2 2874
3 661 4173
1 287
2 4121
1 3063
3 3466 4840
2 310
3 4155 4515
2 4620
3 330 2474
2 110
2 4689
1 135
1 1900
1 2228
3 4441 4692
2 2574
2 4057
1 992
2 4305
2 331
3 3245 3764
3 3172 4407
2 198
1 126
1 4628
3 241 2787
2 1285
3 3198 4602
3 322 4880
1 99
3 1941 3290
2 1370
2 3577
2 4975
1 145
1 3677
3 4541 4709
3 1017 2074
2 2183
3 3632 4077
2 1468
2 4393
1 2360
2 1314
3 4656 4763
1 3344
3 2965 3359
2 3940
2 4981
3 2119 2363
1 1748
1 721
3 4253 4753
2 23
1 4165
3 610 1794
1 1498
3 3562 3691
3 4878 4927
3 4833 4892
2 1153
1 4713
1 3445
2 2780
2 1532
2 862
2 3045
1 2888
2 2878
1 3775
2 2623
1 827
1 3334
3 2768 3197
3 1059 4680
2 3725
2 3839
2 3247
3 168 1984
1 486
1 220
1 418
3 583 3409
1 109
1 4717
2 302
1 3584
2 3930
2 3244
2 4258
1 4602
3 1228 1468
1 3859
2 3427
3 4229 4649
1 310
1 1799
2 1322
1 1546
1 805
2 2610
1 3086
3 1101 1319
3 311 3840
1 4525
2 4186
3 4581 4768
1 215
2 301
2 892
1 338
2 4296
2 3487
1 4292
1 3559
1 2484
3 737 1753
1 2647
2 688
3 1220 3379
2 2045
2 177
1 4399
3 4815 4842
2 1772
3 348 3581
3 549 2941
1 3448
2 4463
3 1623 2270
3 534 3028
2 87
2 3546
3 3270 4051
2 508
1 2551
2 2315
2 3689
2 2040
2 4727
2 497
2 571
1 4956
1 1553
3 91 3391
1 2569
3 2677 2703
2 4710
2 4204
1 1634
2 3588
3 2875 3249
3 3262 4454
3 4681 4832
1 4039
3 4386 4563
3 2902 3319
1 308
1 2136
3 2785 2826
1 347
3 4977 4979
3 102 2729
1 3678
2 566
1 2211
3 338 969
3 1002 1388
2 3852
1 4912
1 2148
2 4248
3 1976 2159
2 1494
1 1995
1 2563
1 1053
3 1288 2502
3 1166 3032
3 635 3693
2 1099
2 4119
1 1817
3 2929 3217
3 3039 3124
3 972 1271
1 3406
2 457
2 2424
3 2485 3313
1 3461
2 2685
1 3002
1 2228
2 601
1 1966
2 1285
3 2263 3914
3 2967 3664
1 3986
2 36
3 1549 1659
2 533
3 1510 1739
1 3879
1 3905
2 2318
3 4624 4836
1 449
2 4881
3 3735 3843
3 1509 1658
2 2500
1 3997
2 186
1 4666
2 4041
2 3751
3 1733 2906
3 4085 4414
1 707
3 878 3184
1 1143
1 4361
2 786
2 1734
2 71
3 1399 2063
2 4466
3 2964 4935
1 3562
1 2015
2 2256
1 2887
3 3590 3604
2 205
2 2349
1 3452
1 450
1 403
1 1784
3 4793 4884
3 1513 3660
1 1764
1 1214
1 2286
3 831 3496
2 4764
2 1982
1 4473
3 391 3014
1 2107
2 4883
1 3765
3 1086 3485
1 863
1 261
3 586 3670
3 2338 3479
1 1364
2 4227
3 1986 4237
2 4804
3 1868 2716
1 2307
3 963 1002
3 748 3678
3 2411 4049
3 996 3983
3 2343 2703
1 4657
2 87
1 2744
3 2276 4326
1 4361
1 2827
2 812
3 4352 4813
2 1450
3 1186 3742
1 154
2 917
3 131 2107
3 3718 4317
2 4213
1 173
1 4866
3 4188 4503
2 2882
2 3697
1 3833
2 3022
1 2523
3 4859 4905
1 3160
3 3875 4426
3 2987 3451
1 1128
2 3620
3 1411 2870
1 1353
1 4007
2 2813
1 1325
2 2527
1 173
2 1442
3 3209 3468
2 4856
2 2298
3 2841 4090
1 4498
1 2792
3 602 3271
3 3692 4760
3 893 2183
3 2486 3609
1 1170
3 3754 4583
3 3064 4000
1 1282
1 886
3 4248 4560
2 4219
3 4103 4609
1 3926
3 159 1347
3 4963 4973
1 1389
2 1188
2 2412
1 3798
3 3945 4589
3 1670 2426
1 4195
3 1201 3979
1 2980
3 2542 4569
1 1581
1 3882
2 568
1 4079
2 1714
3 1245 4171
2 1388
3 226 2039
2 2828
2 3967
2 3151
2 1287
2 1543
1 3882
3 4495 4505
3 2074 2825
2 4828
3 4161 4468
2 1511
3 4495 4971
2 917
2 2533
1 2449
3 695 4004
3 1201 2475
3 3207 4865
3 448 1803
3 2110 2665
2 3936
3 1985 2685
2 4067
2 2320
3 3993 4320
3 2567 3523
2 4257
2 2435
2 2602
2 2755
3 4035 4477
2 157
1 4526
1 4063
1 3787
1 2056
3 3869 4916
3 3274 4431
3 2065 4301
2 1840
2 4725
3 1312 3450
2 4449
1 2761
1 2189
1 1056
1 1795
1 4898
1 4831
2 655
2 3046
3 616 4887
2 2053
1 2863
2 661
3 2356 3416
1 2747
1 4811
3 3854 4992
3 402 3499
1 4925
2 963
3 613 4411
1 2502
3 1304 3695
1 643
1 2628
2 1244
1 935
3 839 3390
1 4208
2 4301
1 3844
3 4103 4536
1 1610
3 3153 4614
1 1629
2 3190
3 3556 4765
1 882
1 3050
3 2771 4240
2 3894
3 1689 4926
3 964 3661
3 4710 4753
1 3368
2 4429
3 307 1855
3 2263 3711
3 2984 3810
1 3090
2 1916
1 574
3 3498 3965
2 1405
1 4728
3 1339 4019
1 39
1 4506
2 944
1 55
2 1753
1 212
2 4078
3 3183 3348
3 998 4962
1 2143
1 3943
2 4142
3 1641 4312
1 3731
3 1094 3699
3 3606 4711
3 2948 3648
1 1753
2 3387
2 3855
3 307 4783
2 1051
2 4520
3 2858 3559
1 2745
3 854 4155
1 2879
1 2536
1 4569
1 3209
1 918
1 2885
2 2740
3 3589 4747
1 1964
2 2585
3 331 3149
1 1888
2 3089
1 1159
1 4670
3 1509 4294
1 2910
3 4702 4988
1 359
3 841 890
1 4672
2 2741
1 1974
3 3034 4626
1 3822
1 4408
2 2782
1 613
2 4947
1 2777
3 3029 3164
1 934
1 3806
2 319
2 2920
2 3690
2 4473
1 2257
2 596
2 4007
2 4030
2 1604
2 4889
3 385 4608
3 3506 3789
2 4895
3 2943 3557
1 4199
3 2775 3822
3 3633 4179
3 541 737
2 4939
3 3929 4518
1 973
2 4204
3 329 640
2 156
3 1192 2484
3 3114 4789
1 1416
1 423
2 1444
2 594
2 181
2 2528
1 4971
1 1351
1 599
3 547 1946
2 3026
3 4217 4263
1 4085
1 3860
1 4291
2 3847
3 2339 3483
3 1588 2949
3 2444 4776
1 4801
1 3198
1 820
3 281 1310
2 3066
3 2656 3217
3 2136 4465
1 4139
1 3298
1 4662
1 643
3 2741 3228
1 514
3 2968 3896
3 2967 3421
2 2625
3 4702 4766
2 3720
2 1707
3 4859 4900
1 695
3 4683 4747
1 2660
1 3856
1 4536
1 1538
1 3662
1 247
1 4602
1 1602
2 2537
2 544
1 3610
3 1813 3445
1 1359
3 4690 4763
2 4070
2 2448
3 550 1525
1 926
3 4082 4436
3 1665 3324
3 3804 4328
2 2940
1 2440
2 3532
1 2487
1 2321
2 3171
1 684
1 605
1 2272
2 3766
3 2745 4883
1 1777
1 4590
2 1534
1 2696
3 3913 4311
3 453 3041
3 2055 3193
2 1810
1 2086
3 691 3159
1 238
1 3763
3 4626 4781
1 4401
3 3892 4892
1 3333
1 3165
2 4584
1 1876
3 491 4921
2 2100
3 3751 4322
3 1703 1903
3 172 2768
3 210 3567
2 138
1 2324
2 89
1 288
3 4651 4659
2 852
3 2204 2851
2 631
1 2407
3 1646 3560
3 2306 2765
3 1567 2078
2 2252
2 3047
1 3377
3 18 3994
2 2119
1 1756
1 1347
1 4722
1 1359
1 4139
3 2699 3768
3 1666 2811
3 225 2390
1 4447
3 2731 3787
2 3831
2 2312
2 3429
2 276
3 3854 4321
2 1930
3 1299 2904
3 2540 2753
2 2658
3 2331 3388
2 427
1 1551
2 3725
2 4955
3 537 4799
2 953
2 4389
2 3424
3 3936 4731
1 2154
2 1702
1 1165
3 3395 3722
3 2495 4919
2 3874
2 3219
3 239 3836
1 2814
3 2152 2665
2 4130
3 1086 2833
1 274
1 3907
2 2208
2 2857
1 1928
2 1230
2 2392
1 2137
1 484
1 4723
2 2386
1 3465
3 140 3421
3 85 1725
1 775
3 1477 2699
1 4772
3 2532 4402
2 3717
2 735
1 3875
2 1763
1 3309
3 4718 4756
3 1693 3277
3 3091 3715
1 941
1 4569
3 767 2781
3 2812 2859
1 1472
3 590 2317
3 4158 4828
2 1779
1 624
1 1383
1 1622
2 148
1 2673
1 812
2 496
2 1479
1 4751
1 1567
2 1901
1 3304
2 828
2 1314
1 4728
1 1549
2 4883
3 2846 3601
3 1888 2328
2 2717
3 4129 4714
2 4980
2 2747
3 1184 2717
2 3309
3 2410 3934
1 695
2 4171
3 2824 3912
1 486
1 957
1 2702
3 3837 3891
2 4502
1 278
3 4685 4985
2 603
1 4213
3 4597 4958
2 1515
1 2135
1 1002
3 786 2000
3 3584 3988
3 2654 3274
3 2147 2904
1 3159
1 1724
3 2055 4565
1 916
1 491
3 332 3621
3 3649 3785
3 2604 4279
2 321
1 3913
3 3046 4180
3 3779 3888
3 1866 3174
1 3258
2 2447
3 431 2474
2 1699
3 4180 4515
2 4246
2 1323
2 1879
1 1230
1 599
2 1577
1 428
1 107
2 3983
3 456 3763
1 2970
1 3099
2 935
2 36
2 4149
3 4179 4212
2 3195
2 896
3 3945 4588
2 4050
3 3996 4563
1 3502
2 1830
3 3415 4461
1 242
2 1377
3 3508 4421
1 999
1 469
1 312
2 360
2 2123
3 685 2281
2 2762
1 1338
2 1738
1 1457
2 4418
3 3862 3896
2 3536
1 4615
3 4600 4976
2 4384
2 1752
1 620
2 1394
3 3391 3789
2 181
1 4854
3 33 4007
2 4980
1 3659
3 4374 4697
3 1668 4246
2 3081
1 3111
3 3473 3493
3 4880 4895
3 668 1064
1 2731
1 2620
2 410
1 3478
1 2309
1 3636
3 2720 3786
1 3065
1 4055
3 4209 4432
2 1864
1 700
3 3237 4469
3 1215 3216
1 186
3 2552 3931
2 3615
2 2293
1 1589
2 170
3 202 3421
3 304 996
3 1005 3240
2 4192
3 428 483
1 435
2 835
3 912 1613
3 4344 4844
3 3636 3656
2 2484
1 2517
3 3899 4000
3 3113 3530
1 45
2 2805
3 4064 4651
3 1687 1886
3 3595 3929
2 171
3 1340 1424
2 1700
1 2952
1 3109
1 170
3 4261 4870
2 4373
2 4598
3 1742 2967
1 2377
1 4655
3 4889 4977
2 269
3 3372 4791
1 598
2 1599
1 158
2 46
3 3563 3788
2 1126
2 83
3 4395 4683
3 2150 4768
1 4206
1 3193
2 1090
3 3366 3532
2 1628
1 1817
3 2673 4210
3 4396 4856
2 3937
3 1649 4442
2 4238
1 4574
3 2977 4359
3 1954 4043
3 4781 4946
3 3456 3544
2 2581
2 3086
2 1737
3 4297 4794
2 17
2 2868
2 4410
2 3017
1 3086
2 345
3 4275 4616
1 2163
2 1228
1 1809
2 418
3 1872 3864
2 3551
2 2260
1 4839
3 4900 4984
3 2799 4360
1 2892
2 806
2 2790
2 1657
2 381
3 3453 4271
2 3881
1 4790
1 1717
1 2302
2 2025
2 2879
1 1045
1 1990
1 2305
2 3845
2 3471
3 3606 4038
3 1062 2343
2 145
3 1567 3319
3 3415 4511
1 731
1 3263
3 1792 2658
1 3680
3 2553 4519
1 3418
1 4164
1 3005
1 3227
1 211
1 2885
1 3012
1 4708
1 4562
1 1523
3 3325 3854
3 1989 2600
2 1904
1 1579
3 1009 3605
3 4185 4418
2 2435
1 1152
1 2909
2 73
2 1291
3 1198 4379
3 3003 4895
1 749
1 237
3 391 3109
2 3143
2 2449
3 770 2248
1 3502
3 3980 4633
1 628
2 4818
3 3290 4106
2 191
1 530
2 2855
2 2202
3 478 1511
1 3301
2 4442
3 2976 3848
1 2454
3 344 470
1 3524
1 3582
2 3226
3 1349 4986
3 3273 4117
1 1442
1 4871
1 2065
1 2795
1 2238
3 3590 4511
2 4388
3 4991 4996
2 288
1 4111
3 2632 4237
3 381 3510
3 2483 3454
2 3650
3 3264 4407
2 3995
2 2124
1 2821
1 1439
1 3515
1 2651
2 1473
2 1572
1 1006
2 1299
2 3076
3 4976 4993
1 825
2 289
2 1314
1 1681
3 476 4653
3 3444 4527
2 2927
1 377
1 949
2 1492
3 1336 2905
2 4457
3 1267 2683
2 3561
2 1784
1 2111
3 1830 3722
2 2728
2 2305
3 536 2977
3 929 4102
3 1360 1528
3 1933 4902
3 4949 4985
3 2238 4652
3 2956 3222
2 3193
2 4163
1 3743
2 2105
2 1370
1 785
1 3838
2 3103
1 1018
3 1830 2415
3 1983 2039
2 622
1 2825
3 1762 3331
2 2350
1 1914
1 3429
3 3804 4893
2 443
3 4648 4925
2 1749
3 4354 4649
3 2612 4767
3 1823 3979
3 765 1713
3 144 3864
1 3844
1 4057
2 3199
3 3532 4512
1 2586
1 3960
1 2249
2 4280
3 3626 4681
3 25 1124
1 4085
3 1996 4468
2 152
2 447
2 3292
1 1787
3 618 1003
1 233
3 4149 4357
3 2251 4238
2 1549
2 3935
1 3386
2 2321
1 2789
3 2169 2304
3 3374 4189
3 3402 3984
2 694
2 3604
1 1227
3 4858 4950
2 4088
1 4688
1 1984
3 3703 4855
2 4134
1 218
3 2534 3916
3 2412 4295
2 806
3 131 3381
1 502
3 2502 2825
2 11
2 162
2 3255
3 1321 1722
1 105
3 2425 4348
3 1629 4035
1 4806
1 1875
2 3048
2 2567
2 2802
2 3416
3 2138 4827
2 4879
2 3812
3 3845 4534
1 1084
2 3213
1 4782
1 3640
1 3388
3 4741 4825
2 3815
1 2663
2 1372
2 4629
3 3724 3876
1 1654
1 1994
2 3925
2 2317
1 3528
3 643 4793
2 2164
1 195
1 4319
3 1543 4340
3 222 2900
3 2943 4951
2 824
1 4273
2 3674
1 1625
1 2174
2 1379
2 1536
2 2973
3 2509 3045
1 3054
2 2503
1 703
1 1025
3 2484 3029
2 378
3 4743 4862
3 3130 3214
2 517
1 4006
2 2335
1 2031
2 74
3 3792 3959
2 2880
1 1224
2 1182
1 4850
1 4063
1 4926
2 1870
1 375
3 4790 4908
1 390
1 2941
1 4601
3 1093 1820
3 3494 4491
3 2534 4151
1 2606
1 908
3 3965 4053
3 275 4281
3 4686 4787
2 1083
3 435 2280
1 3572
1 2479
3 4302 4579
2 3912
3 1289 4512
1 2902
2 3903
1 254
3 241 3106
3 3380 3654
2 270
3 2727 2982
1 3714
1 2297
1 4159
3 1711 4156
1 3104
3 2574 4735
1 3684
2 4994
2 1241
3 1850 2061
1 3398
3 4984 4986
3 1740 2875
2 4425
2 673
1 4898
3 4861 4932
3 2400 3359
3 3184 4642
3 2842 3339
3 2825 4386
2 3253
3 3750 4123
1 1490
1 3572
2 3266
2 9
3 4720 4734
1 4310
1 3595
2 4778
2 1867
3 51 3748
1 4698
2 3973
3 244 2883
1 2836
1 3009
2 3123
2 3523
2 3950
1 1104
2 4632
2 1033
2 4019
1 4221
3 130 4196
3 3508 4819
3 1488 1579
1 4859
3 377 1224
3 549 1858
1 1697
3 3015 4171
1 146
3 1017 3765
3 3301 3478
1 2857
3 207 3377
1 859
3 3667 4923
1 3110
1 3077
2 2449
2 3406
2 869
2 2243
2 2749
1 495
3 1418 3033
1 4519
2 3387
2 2649
2 3200
1 4356
1 3658
3 3703 3994
1 504
2 4835
3 4790 4878
3 3087 3283
1 4004
1 2076
1 2893
1 610
3 3640 4646
1 1254
2 1042
1 767
1 1630
1 915
2 106
3 1007 1138
2 2388
1 4329
2 3245
1 1120
1 111
2 2220
2 3509
1 1902
1 4145
2 673
1 805
1 2743
3 2037 4469
1 227
1 2119
1 737
3 1214 1790
2 2677
2 3438
2 2680
3 2203 4382
2 556
2 1036
1 4395
1 2476
1 837
3 3160 4475
2 1336
2 4828
1 3438
2 4827
3 1569 2629
2 1589
2 799
1 1494
3 359 4031
2 2785
1 2873
1 2993
2 2351
1 4912
2 4005
3 711 3402
2 3911
1 588
1 943
1 4519
1 370
1 72
3 3538 4759
1 2492
3 1518 3978
2 3675
2 3986
3 4040 4399
2 578
2 4858
1 418
3 1940 2528
1 217
2 4328
2 1644
1 2193
3 897 2495
2 54
2 90
1 1782
3 4052 4928
1 4893
3 4225 4785
1 2976
2 2961
3 4378 4502
1 1018
2 3287
2 193
2 2741
1 1003
3 2701 3565
3 1288 2060
3 230 2748
1 4926
1 2930
2 1386
2 1150
1 3744
3 4296 4473
3 4039 4048
1 617
3 2599 3335
1 2916
1 2035
1 4802
1 253
2 2760
3 1419 3234
3 4189 4225
1 1053
1 1144
2 201
3 4456 4679
2 2410
1 809
1 1339
2 2504
1 1223
1 3426
2 1610
3 1465 2654
2 1302
1 3869
3 3750 4272
2 1074
1 2146
1 3659
1 4888
1 2765
2 2780
1 337
2 2195
3 1675 4554
3 2141 4970
3 3051 4125
1 533
3 1902 4421
2 3946
2 3158
1 1403
1 3316
2 1102
2 4710
2 350
1 4883
2 96
1 4392
3 4773 4778
1 4989
2 460
1 4070
1 3912
2 2119
2 2987
3 75 3547
2 3830
3 734 2784
1 1001
2 1396
2 1677
1 1636
1 2072
2 3565
3 2782 3861
2 4264
1 3461
3 1796 3606
2 3204
1 293
1 2767
2 2851
3 2876 4659
3 2604 3639
3 1838 2932
3 2236 3548
1 4691
3 422 2841
3 1451 1693
2 461
1 319
3 897 3032
3 584 4997
2 4073
1 2366
1 3041
2 1830
1 3244
3 2012 2976
1 1355
3 3185 3489
3 595 1326
2 4014
2 4617
1 1468
2 4026
2 3302
3 3601 4379
2 679
3 2082 4225
3 4183 4701
2 3725
1 2510
3 1019 3969
3 1822 2637
1 2320
1 1873
1 4044
3 2305 4516
2 4713
3 1146 1868
2 1120
1 2610
3 2217 4269
1 2624
3 734 1227
3 4257 4808
2 3647
2 2696
3 2782 3470
1 2419
3 3641 3847
2 398
2 66
2 2223
2 3399
2 690
2 65
2 252
3 3716 4084
1 162
1 1064
3 1448 3858
3 1564 4512
1 4293
3 2561 3177
1 1086
3 2732 4396
1 997
2 1778
1 269
2 1639
1 3732
1 1640
3 4011 4798
1 897
2 1330
3 2474 3280
1 3286
1 1254
1 1732
2 1636
2 1651
2 1579
3 3106 4192
2 1614
1 714
3 3424 4016
2 4774
3 1495 4555
3 1063 1840
1 2448
2 4027
2 1017
1 4969
3 1314 2103
3 1350 4301
1 3062
2 4923
3 1890 2435
1 3689
3 4338 4788
2 2036
3 3879 4434
2 2537
3 4626 4679
1 2907
1 4557
3 2592 4389
2 3645
3 3058 4092
2 2835
2 3472
1 3387
1 4340
1 28
1 115
2 445
1 4944
3 2169 4133
1 3414
2 2041
1 4536
3 4792 4962
1 3170
2 4563
1 3843
2 662
1 4152
3 2601 3943
3 3089 4169
3 2600 2976
1 412
3 983 3603
1 3316
1 3751
1 4947
3 3644 4301
2 3306
2 311
3 661 2100
3 80 754
1 159
2 796
2 4459
2 159
2 1020
3 2891 3080
2 2654
1 2888
3 863 4165
3 696 2358
2 3785
1 1445
2 2123
3 4922 4954
1 3939
1 1198
3 2329 2398
2 3575
3 3258 3783
3 4529 4661
3 2224 2519
1 4835
3 1254 1821
2 3924
3 272 1321
2 3072
2 2840
1 818
3 4842 4950
3 2460 4957
1 4240
1 1778
1 2742
3 1157 1955
2 386
1 52
2 4696
2 1312
3 4574 4900
1 4577
1 220
2 3922
1 1466
1 2281
2 3427
3 1259 1436
1 2390
3 2756 3328
3 4483 4914
2 262
3 1032 4233
3 4003 4886
1 1627
2 4234
1 4068
3 2859 4048
1 736
1 601
1 848
2 1322
2 3782
3 3363 3369
2 3969
2 368
2 3275
1 484
1 4885
3 3350 4131
2 2884
2 3190
3 863 1387
2 4156
2 2951
3 492 3290
3 806 1430
1 60
1 3485
1 2978
1 4853
3 4796 4825
3 4619 4981
2 4516
2 1776
2 3127
3 3833 3955
1 3065
1 2966
2 3617
3 4662 4877
2 3113
3 2187 4716
1 3754
2 3250
3 4691 4829
1 447
2 3599
3 2953 2957
3 656 734
2 3725
2 176
1 4341
3 968 3254
3 462 4218
3 3237 3862
1 471
1 1504
2 1913
3 4589 4987
2 3222
3 910 3800
1 812
2 1415
1 556
2 3759
3 1407 1751
3 4954 4963
2 128
2 3567
1 122
3 4118 4436
1 3225
3 2558 4042
1 4066
3 3989 4563
2 2219
2 4566
2 3970
1 4112
3 3286 3778
1 2605
1 473
1 1223
3 4362 4785
2 2280
1 1783
1 1699
2 1442
2 252
3 3152 3775
3 4770 4939
2 4195
2 1943
2 4394
1 2975
2 3822
3 4951 4977
2 1874
2 3367
3 1817 2886
2 3731
3 2484 2500
1 1695
3 2287 3128
1 3593
2 941
1 4763
3 3379 3554
1 2505
2 370
3 4485 4577
2 3436
1 4449
2 1839
1 4778
2 3039
2 2264
3 2223 3937
3 1933 2883
2 2143
2 3352
2 4093
1 66
2 2986
1 2804
1 517
3 3643 3784
2 3582
1 3843
3 4629 4892
3 3202 4630
2 1218
2 437
3 673 1956
2 3063
1 492
1 3756
2 628
1 1929
3 400 2996
3 2592 4375
1 4609
3 3120 3300
3 4599 4637
1 1222
1 2508
3 4706 4741
1 2272
2 1026
3 1033 2999
1 3391
1 4217
2 949
1 4307
1 3970
3 2811 3104
2 862
2 3468
2 335
3 4772 4809
1 3673
2 3294
2 3569
1 2227
1 1587
1 2906
3 4268 4607
3 1815 3197
3 281 1725
3 4964 4980
1 2902
1 3901
2 2217
2 1365
1 1415
3 1935 3793
2 543
1 3716
3 3584 3956
3 540 1032
2 4818
2 1760
2 3222
2 2754
2 872
1 2871
2 1720
1 1821
2 1434
2 3038
3 4332 4432
3 2665 4847
3 3892 4067
3 1867 2181
2 1573
3 2400 2891
3 2250 2357
3 3055 3992
2 2584
1 1643
3 1795 2985
1 4194
2 3613
2 437
1 765
1 2741
1 676
3 4715 4930
3 4584 4711
3 1317 3574
1 1259
3 1748 3905
1 3198
1 4025
1 4071
1 3937
1 4279
2 341
3 1748 3562
1 2030
2 104
3 2406 2412
2 1572
1 4766
3 3763 4693
3 3283 3315
2 3323
1 4521
3 4912 4969
3 1499 2622
3 503 1827
3 3896 4180
2 4681
3 4286 4422
2 240
3 4602 4740
3 3831 3975
3 4708 4756
3 3258 4723
1 3732
2 323
2 220
2 4974
3 2499 3136
3 2776 3239
2 2135
1 4748
1 3895
3 1975 2317
3 4773 4952
3 545 1127
1 1931
2 3844
2 2949
2 411
2 4071
2 2059
3 4369 4494
1 1580
2 1277
1 2433
3 1728 1785
3 2668 2912
2 4771
1 2401
2 641
2 917
1 3753
2 579
3 897 4436
3 4827 4986
3 1180 4507
3 111 1187
2 3588
2 4976
3 2244 3548
2 589
3 4362 4396
1 2860
3 1945 3312
2 1840
3 1480 4634
1 343
1 1029
1 1311
1 120
3 3708 4306
2 3479
1 3527
2 3746
1 557
2 4954
1 493
1 3323
3 347 3482
3 4633 4797
1 3652
3 4150 4503
1 1667
3 4198 4659
1 1882
3 1864 2742
2 1710
3 1502 4939
3 3717 4033
2 2292
2 1123
1 2072
3 120 4573
2 2524
2 3686
1 4216
2 1874
3 4148 4992
1 3184
3 1915 3912
2 1835
1 1600
3 52 2380
1 4005
1 3730
2 966
2 4759
3 2338 4469
3 2475 4473
3 4493 4735
1 4415
1 1994
2 2399
2 110
3 4116 4400
1 3286
1 4641
1 2044
2 4010
1 1362
1 4483
3 1817 2796
1 2221
3 1731 4429
1 1586
1 2645
3 2978 4492
1 4750
1 2129
2 4633
3 2461 3885
2 3690
2 1760
1 2548
1 1969
1 3153
1 1558
1 4086
1 3690
2 3194
3 3449 4006
2 787
3 1240 4294
2 2382
2 2415
3 4131 4609
2 3542
2 1856
2 1622
2 2866
3 4257 4623
2 2770
2 4394
3 1177 3142
3 4156 4251
3 1257 2327
1 2369
1 2258
1 468
3 4632 4703
1 125
2 4221
2 1783
2 3147
3 643 4288
1 714
2 28
3 2705 3150
1 3089
3 2173 4794
2 286
2 2161
3 2317 3814
3 2613 3227
2 4686
1 1043
3 4940 4986
1 163
3 4314 4468
3 1083 2321
3 2331 3389
3 4104 4863
1 1914
2 4714
2 4098
3 2220 2522
2 3241
3 3420 3794
3 2161 4446
3 4603 4774
3 4626 4903
3 2761 3294
2 4353
2 2736
3 1595 1637
1 324
1 3567
2 520
3 3432 4848
3 698 860
3 1115 4705
1 2866
2 1932
3 3368 4593
2 3437
1 3840
3 1508 3114
1 3696
3 4388 4787
2 2506
2 3015
3 3203 3558
2 1460
2 312
3 3527 4915
3 4113 4740
2 1611
3 2642 4742
2 969
2 4244
3 916 3465
1 3881
2 3197
1 3615
1 1516
3 2331 2912
3 1834 3426
2 4668
2 1168
2 3408
3 4054 4322
2 1154
2 1823
2 2566
2 3449
2 1599
1 2627
3 4160 4767
1 4815
2 4708
1 4453
3 3842 4847
2 4452
1 2200
1 3065
3 4658 4833
1 1821
3 3236 4030
3 540 3552
3 1890 1992
1 4914
1 3862
1 3805
1 3063
1 3537
3 4473 4637
1 1132
3 1806 4447
3 3021 3856
1 4909
3 1205 1400
3 4954 4960
2 4118
2 2430
2 4415
3 2913 3654
2 4483
3 2247 2815
2 4642
1 470
3 3721 4721
1 4182
3 383 629
1 3230
3 1085 4912
3 3240 3251
3 3209 3819
2 2466
2 3568
2 4649
3 287 3319
1 4440
1 3243
1 1593
3 3102 4571
1 4365
1 3200
3 2775 4752
3 692 1447
3 2117 4586
1 1532
3 3318 3804
3 786 3895
1 2066
3 1579 3184
1 3033
1 4807
1 3471
1 3748
1 3338
1 244
2 4364
2 225
3 1651 2369
3 407 2937
1 1984
1 3248
2 4625
3 3646 4558
1 954
2 4965
2 3589
2 2531
2 1434
3 3143 3587
3 2046 2330
3 4984 4987
2 3796
3 4875 4969
3 3118 4657
3 699 3316
2 1070
1 4747
1 1257
2 3510
3 1601 2584
3 4256 4980
2 1494
1 47
3 3869 4488
3 4379 4761
3 3588 4914
1 2609
2 988
2 4641
2 384
1 963
2 3778
2 1739
3 571 3804
3 377 1861
2 3719
3 4784 4839
1 4721
2 20
1 2427
3 3813 4587
2 2388
2 2991
2 2160
3 3227 4789
3 1831 2239
3 4424 4552
3 2586 3522
2 706
3 3678 3815
2 1559
1 787
2 2920
3 3359 4829
1 1335
2 279
1 3443
3 3006 4616
2 643
1 3587
2 978
3 4689 4750
1 1161
1 2247
2 1417
1 2463
1 3044
3 4465 4595
1 2251
1 2929
3 340 2464
2 3067
3 535 3660
2 3733
2 1069
3 3522 3933
1 3708
1 1851
1 3821
3 4995 5000
1 3606
1 4963
1 964
2 4894
1 3359
3 4236 4873
2 323
2 2490
2 2807
3 451 1539
1 3618
2 4564
3 736 1829
2 1186
2 2016
1 3983
2 249
2 2623
2 1028
1 1400
3 319 1093
3 3773 4087
3 1251 4984
2 1698
3 2235 4034
3 1164 4069
1 827
1 3585
2 2326
3 2137 2964
2 1005
1 4793
1 3618
3 4965 4978
1 200
3 768 2531
3 2438 2797
2 1044
1 3073
3 4366 4754
2 4422
3 1561 3056
3 4746 4930
1 1260
3 3101 3749
2 725
2 959
3 4524 4614
2 1399
2 1508
2 3051
1 4934
2 2355
1 4806
3 1426 1587
1 550
3 888 4212
3 3318 4762
3 3425 4671
2 1628
3 3085 3957
3 242 3768
2 1670
3 897 3480
3 2081 2965
1 700
3 4611 4709
1 4672
1 4540
1 3059
3 4574 4902
2 2453
1 1787
1 1926
3 1421 3509
3 2208 2258
1 4566
1 1441
1 1234
1 775
3 143 2844
1 2686
2 704
2 1245
3 527 2861
2 2350
2 1114
1 2238
2 3463
2 271
2 3432
2 1615
2 4528
1 573
3 2809 4921
2 2810
2 2056
2 3617
3 2168 4347
3 4863 4890
1 329
3 1854 3736
3 3594 4907
3 433 890
3 1414 1735
1 4107
3 2452 4079
1 3496
3 3761 4563
3 3189 4350
3 1788 4590
1 2566
3 3517 4329
1 3200
2 2547
2 1270
2 3227
2 2551
3 2141 2249
1 2876
1 1245
1 68
3 2378 3897
3 4837 5000
2 3929
2 66
1 2592
3 4439 4803
3 2285 4139
1 2718
1 3579
3 2517 4963
1 509
3 2634 4338
2 4352
1 2886
2 4892
1 3708
2 1616
2 4945
3 3742 3917
1 3743
1 2013
2 4910
3 4401 4421
1 4982
3 3164 3973
3 2053 4061
1 1931
3 110 4445
3 3353 3413
1 2730
3 4446 4703
2 3394
1 4685
2 3073
3 3062 4017
2 2652
2 1244
2 62
3 4748 4922
3 3531 4763
3 3921 4017
1 3986
1 2799
3 3899 3957
3 2860 4559
1 864
1 221
1 1838
3 3797 4853
2 964
2 3519
3 904 4709
2 3992
3 4472 4788
3 2687 4057
1 4272
2 1044
3 3668 3972
2 532
2 4799
1 4574
1 14
3 2443 4294
3 4074 4731
3 3989 4206
2 578
3 4656 4817
3 1790 4573
3 1794 2744
2 2704
1 4575
3 689 3879
2 2300
2 1330
1 625
2 2477
1 4115
1 4533
1 3997
1 495
3 1916 2655
2 806
2 1308
3 1233 3451
1 3509
1 4409
1 3952
1 425
1 2857
1 4804
2 4112
1 747
1 2120
3 2355 2911
3 1595 2703
3 397 3338
2 463
2 4598
1 734
2 2516
1 3925
2 465
1 4827
3 3375 3950
2 657
3 4858 4938
1 4191
3 1635 3071
3 4574 4750
1 2471
1 3756
1 158
3 3818 4464
2 603
2 292
2 1555
3 1999 3330
1 3988
2 101
3 4165 4293
1 1754
1 1091
2 2417
1 1976
2 4722
1 4751
2 1326
1 4806
2 4310
3 3499 3558
2 1240
3 3875 4224
1 1968
1 2926
1 577
1 902
1 4141
3 1457 4611
2 2523
3 2307 4104
2 1637
3 4308 4426
1 2490
2 4902
1 2673
1 1760
1 2370
3 1136 1849
1 387
1 2996
1 4656
3 4429 4951
3 1913 2586
3 2639 3616
1 4209
2 274
2 2327
1 4453
2 2661
1 3681
2 4482
3 2434 2929
2 3725
2 344
3 3267 4044
3 3698 3847
3 4631 4824
1 4256
2 3647
3 3423 3586
3 4377 4526
2 2642
1 4615
1 1755
2 3307
3 4758 4875
3 554 1923
1 2774
3 520 3880
3 3011 4324
1 4269
2 2145
1 676
1 530
1 4668
3 1314 3197
2 806
2 50
1 4356
1 1379
3 3304 4472
2 3997
1 2083
3 3806 4940
2 16
1 4305
2 3702
2 3085
2 1686
1 1375
1 3075
2 2683
1 4511
1 790
2 969
3 4050 4639
2 2110
3 4660 4913
1 2120
3 155 561
1 1410
3 919 2666
2 2441
1 4454
3 4834 4935
3 1809 4212
2 2728
1 4994
3 1343 2812
1 635
1 4111
3 4549 4725
3 3183 4744
3 3431 3908
3 1181 3074
3 1344 4118
2 993
2 4419
3 2838 3102
3 1336 4600
2 3564
2 2352
2 2341
2 3923
2 4684
1 3592
3 1775 4164
3 1459 3265
2 883
3 3482 4540
2 254
2 3349
1 3693
2 3157
3 4993 4997
1 884
2 189
3 1088 4937
2 2219
2 1355
2 1603
1 1403
1 4485
1 4981
3 4788 4794
3 1869 1917
1 4174
3 2063 2494
2 2130
3 1992 3818
3 1581 3452
1 4970
1 4534
2 3331
3 4355 4980
1 2621
1 4782
3 2606 2996
1 3644
1 4598
3 2242 2492
1 4384
2 2908
2 1763
2 1418
3 1986 4374
3 1474 2940
1 3354
2 1261
1 3068
3 687 1059
1 130
1 3638
3 2160 3978
2 134
3 4520 4633
3 1526 4707
2 2411
3 4327 4834
1 822
3 2767 2901
1 714
3 288 2729
3 33 197
2 646
2 916
1 4884
1 3207
2 3809
2 4882
1 3896
1 1543
1 835
1 4060
3 3897 4957
3 2498 2748
2 3438
2 2864
3 4946 4949
1 3794
3 522 3574
2 2886
1 2785
3 2418 3049
3 156 230
3 4757 4936
2 4368
3 2349 3287
2 2973
1 1398
1 1310
2 3312
2 3908
1 787
2 1111
1 3996
1 3354
2 746
3 904 3480
3 1360 3840
3 3624 3904
2 4822
3 3740 4096
1 607
3 1566 3993
3 3238 3613
3 1490 4543
3 3822 4646
3 417 4461
2 4544
2 3393
2 133
3 899 3113
2 440
3 1061 4076
3 3769 4943
1 3944
1 234
1 802
3 1191 2868
1 1823
1 296
2 4185
1 4356
3 4915 4973
1 4193
3 4599 4852
2 10
1 3459
3 4585 4953
3 2057 3792
3 1817 2459
2 4672
1 1174
1 367
1 864
3 4527 4710
2 3280
1 1714
3 2679 4858
1 739
3 4890 4939
2 119
1 3591
1 3429
1 2045
3 2871 3491
2 3507
2 178
2 118
1 4517
2 4449
2 2945
2 2351
2 3961
1 3892
3 1072 4984
3 3027 3837
2 2243
1 133
3 2845 4360
1 1010
2 3271
1 459
3 1032 2914
2 3221
1 2296
2 120
2 4601
1 4768
2 724
2 2436
1 3438
3 4524 4807
2 2755
2 517
2 2917
2 4526
3 1040 4327
2 2261
1 4556
1 750
2 4000
2 4134
1 3286
1 197
2 3656
1 4701
1 362
1 519
3 2175 2982
3 2565 2870
2 2963
2 1088
2 3116
3 4404 4998
3 4539 4824
1 4789
1 3431
2 3349
2 933
1 3447
2 2255
2 2038
3 3251 4121
1 2287
2 4067
2 2168
3 463 2377
3 979 1328
1 3108
1 3132
1 3522
2 3389
1 2724
1 2459
3 2315 2523
1 2317
2 82
3 313 3555
3 4409 4852
3 3041 4482
1 436
2 1381
3 1314 2074
1 4765
1 2021
2 710
3 3178 3288
2 2381
2 2036
3 4407 4467
1 1213
2 3282
2 3745
2 1524
3 3262 4207
1 4760
2 3750
1 3406
1 3526
2 941
2 1490
1 262
2 471
2 4221
3 4538 4541
1 3323
3 2068 2635
2 931
1 3852
3 713 3580
3 4489 4894
1 1861
3 2541 3343
2 4681
3 42 3822
3 3594 4316
2 4359
3 1471 2077
2 1432
1 3513
3 245 2533
2 4585
1 3423
2 3000
3 2264 3225
1 296
2 854
1 3734
3 3812 4046
3 2553 3561
3 3505 3954
1 1749
1 1918
1 340
2 4498
2 418
3 4489 4886
2 3590
3 780 4226
3 2096 4906
2 4951
1 2910
1 1174
2 4504
2 3206
3 3067 4313
2 1272
1 4362
2 2940
1 4290
2 3787
2 830
2 3334
2 2377
2 2223
1 4272
2 1255
2 2781
2 1214
3 4177 4349
2 4539
3 2694 4815
1 1336
1 4146
3 45 3888
1 19
2 587
1 1362
1 4901
3 3464 4338
3 2629 4432
3 3468 4920
2 2692
2 2374
2 2261
2 2321
3 553 660
2 116
1 3684
3 4386 4473
3 2693 2802
3 1084 1296
2 4655
3 1746 3982
1 4961
2 4831
2 2837
2 2991
1 221
3 1467 2317
2 4677
1 3982
2 2790
1 3442
3 2435 4597
2 4504
3 3450 4168
2 1516
2 3512
3 2226 4693
2 894
2 336
1 2479
3 774 3032
3 306 4279
3 2039 2866
2 2221
1 2049
1 4930
3 1165 1993
2 3778
3 364 2176
1 4992
3 4747 4897
2 3995
2 3927
1 4318
1 2048
2 2591
1 4422
2 4080
3 2829 4475
3 3773 4467
1 150
2 2802
1 3023
2 3588
1 407
2 1483
3 1644 4422
2 4134
2 135
2 4721
2 3256
2 3412
3 282 3777
2 3553
3 2180 2521
2 4604
1 4049
3 771 3492
2 3651
2 3943
1 1800
2 3529
2 1862
2 881
1 2465
2 3778
3 1570 4347
3 3863 4162
3 4115 4864
3 2185 2818
3 3488 4707
3 3635 4889
3 2584 2693
2 1578
3 4849 4857
2 1573
3 568 3746
3 22 2322
3 3429 3882
3 583 2192
1 3519
2 1664
2 664
2 4865
3 4578 4798
3 4188 4968
3 2734 4962
3 427 1440
2 2222
2 2516
1 1969
1 3937
3 2397 2826
1 3443
2 3095
1 3931
1 3337
2 2121
2 4697
1 4417
2 4995
3 3805 4674
1 2079
2 3151
2 19
3 2875 4308
1 2613
2 2985
3 1643 4399
3 1815 3969
3 32 4471
2 450
2 142
1 841
2 4809
3 3024 3409
3 4428 4795
2 2288
3 4280 4716
2 2948
1 5
2 3561
1 91
2 145
1 1945
3 2240 2894
3 4083 4932
1 4113
2 2884
1 3319
1 1302
3 4309 4981
1 3891
3 4384 4601
1 1143
2 3300
2 1344
2 2258
3 1398 4475
1 4127
2 3835
1 2268
2 2646
3 4676 4912
1 1936
3 1563 1794
2 3856
1 1776
3 2295 2329
1 3734
2 2372
2 188
2 3139
3 216 411
1 2347
1 100
1 165
2 723
1 550
3 3725 4054
2 2394
3 3039 4483
3 2214 2419
2 1259
1 590
3 4122 4615
3 1650 4775
2 2105
3 309 2303
1 4710
1 1890
3 3060 3821
1 1653
3 4286 4309
2 3587
1 674
3 430 841
2 1952
2 2001
2 4109
2 3833
2 4244
2 2122
3 3558 4161
2 3235
3 1798 4975
1 4318
2 2182
2 3027
3 2750 4840
1 4834
1 3536
3 3991 4073
1 4038
3 1433 2417
2 1759
2 4237
3 607 1730
2 3392
3 4958 4982
1 4094
1 179
1 2177
1 3551
1 3301
1 3874
3 2442 2754
1 1232
1 3647
1 1089
1 1070
3 1190 3909
2 1916
2 3651
3 1563 2412
1 660
3 171 1736
2 3947
2 4490
2 4888
1 696
3 1690 4849
2 2936
3 23 2772
3 1422 2846
1 333
3 3591 3799
1 443
1 2469
2 2593
2 4430
2 4375
1 4411
2 681
1 1938
1 4663
1 4607
3 1136 3267
2 3102
1 2842
1 2444
2 120
1 1299
3 2471 3413
3 4555 4976
2 4591
3 2554 4763
2 180
1 3507
1 692
3 482 4632
1 2372
3 1622 4424
1 257
3 345 2485
1 4551
3 1712 4872
1 3882
3 899 3761
1 1333
2 3691
2 2825
2 4477
3 2096 3254
2 3196
2 4369
1 4615
3 3994 4824
1 1513
3 890 3893
3 3581 4419
3 2249 3973
3 1843 2311
1 4479
1 380
3 4436 4584
2 4307
1 4089
3 4952 4986
1 4206
1 1581
2 1967
1 3296
3 1992 2922
2 3489
2 3277
3 514 1348
2 4543
3 3887 3986
3 2094 2734
3 4781 4862
3 22 2011
3 1859 3414
3 3475 4540
1 2350
2 2791
2 3400
1 3954
3 4619 4753
1 3768
3 4874 4991
3 3923 4097
2 4727
2 160
2 124
1 2885
1 3979
3 3349 4214
2 4117
1 3221
3 2622 3818
2 846
1 1837
3 3594 3740
2 4826
3 3575 4873
1 178
2 4155
1 2628
3 4785 4912
2 1969
2 1205
3 1852 3127
3 400 1137
3 1348 2004
3 4187 4518
3 1630 4411
2 3090
2 1276
1 3698
1 345
3 3503 4312
2 4730
1 1127
3 1378 3345
3 2997 3433
1 3472
3 949 3326
3 4326 4818
2 2289
3 994 1090
3 2297 4583
3 31 4132
2 1439
2 3370
3 2666 4407
2 2075
2 4921
2 1047
2 1162
2 70
2 1181
2 1653
1 95
3 4067 4970
3 3143 4329
3 2917 3454
1 2018
2 2363
1 320
2 2881
2 1337
2 620
3 1862 3130
3 307 2631
2 1781
3 762 4466
3 3643 4280
2 4717
1 2573
3 4526 4662
3 2315 4202
2 1885
2 3422
2 3559
1 1787
3 3648 4749
2 2731
1 4544
3 2815 3631
3 1765 3886
2 4011
3 3407 3808
1 3345
3 2914 3095
3 3290 4253
2 2557
3 2692 4028
1 1875
3 4695 4725
3 3481 4712
3 4835 4920
3 2925 3575
3 662 4008
2 2479
2 100
1 758
2 3909
1 4040
1 1275
2 4380
3 4765 4883
1 3067
1 1927
1 2921
1 34
3 557 1102
2 2842
2 386
1 3632
2 2647
2 281
3 2094 3031
2 910
3 4843 4989
3 1557 3869
2 2208
1 1985
1 4598
3 1342 4728
2 995
1 3838
3 663 2677
1 3301
3 4909 4956
3 2656 3541
1 2412
1 708
3 575 4296
1 4154
2 668
2 2192
2 3916
1 1161
2 157
1 1496
2 3953
2 1931
1 1088
3 1912 4593
2 1970
1 4629
3 2539 3531
3 4785 4904
1 4192
3 982 1812
1 28
3 3861 4777
3 756 2927
3 781 2221
1 3760
2 759
1 4740
2 4539
2 4176
1 4651
2 343
3 378 944
3 807 3225
3 4402 4888
3 1953 4086
3 4682 4971
3 754 2463
1 1245
1 715
2 248
2 4713
1 507
1 734
2 43
1 3190
1 4177
1 2070
2 4407
1 3093
1 1371
2 3108
1 3351
1 1900
1 2523
1 3446
3 1474 3408
2 286
2 3915
3 4993 4999
1 1823
2 4235
2 1706
2 2771
3 1082 4520
3 3780 4422
1 675
2 4656
3 521 2649
1 920
2 4238
1 4116
1 1802
2 856
3 1314 2367
3 3748 4437
2 1929
2 4979
2 3577
3 4890 4934
1 4827
2 3849
1 2155
3 2026 4368
2 2304
3 4892 4966
2 3692
2 3544
3 4218 4227
3 4466 4662
1 2421
2 888
2 1498
2 1826
2 335
1 703
1 3257
2 2623
3 3493 4837
2 186
2 3885
1 3866
1 2560
2 3708
2 3250
1 2023
2 2772
3 1400 3172
2 2492
1 4795
3 539 4187
1 2964
3 3006 4602
3 4854 4967
3 1270 3665
2 4129
2 768
3 4124 4230
1 4824
2 3908
2 369
1 2083
1 1926
3 2232 2574
3 171 3916
1 2279
1 4505
1 3516
1 4312
2 1101
3 3927 4920
2 4733
2 2143
2 4955
2 3290
1 4680
2 3038
2 3786
3 2858 3352
3 2226 4803
1 2449
3 2972 4554
3 2743 3068
2 564
2 836
2 1582
1 712
1 356
1 264
1 626
3 1980 2345
2 4186
1 3970
2 2871
2 4583
2 4566
3 4433 4469
3 3704 3869
1 4922
1 2432
2 1288
1 3296
1 2381
3 2074 2108
3 662 3532
3 2538 3759
1 4940
3 2161 2872
1 575
2 1016
1 196
3 1526 4150
3 1601 3833
3 4725 4733
2 4293
2 3635
3 1093 1248
3 1113 2414
2 4440
3 3149 4441
3 4235 4568
3 1561 2232
3 730 1876
1 1564
2 4566
1 1468
3 4805 4992
1 1550
3 507 4563
2 3349
3 2311 2659
3 1641 4490
1 3070
1 4493
1 2242
3 1866 1893
3 4080 4941
3 2669 2863
2 782
2 911
1 2920
1 1337
1 3463
2 1372
1 3773
3 1399 2086
2 2947
3 701 2088
3 2566 4562
1 1141
1 2899
1 3442
1 1921
2 4696
1 4349
3 1909 2489
3 361 3293
1 42
2 206
2 648
3 4026 4918
3 4584 4786
1 168
1 2268
3 3573 4503
2 3208
3 1715 4489
3 2272 2668
1 448
2 178
2 2936
2 4259
1 3830
1 313
3 4849 4948
2 2082
3 4851 4945
1 3987
3 4125 4438
2 4012
1 138
3 448 4448
1 4879
2 1707
2 4608
1 3321
2 3043
1 880
2 289
1 3989
2 4595
3 2567 3537
3 332 2448
3 2149 4866
2 3478
3 501 613
2 838
2 4278
2 3590
1 3403
1 2035
2 4374
2 4788
3 742 2705
2 2472
1 1676
2 658
1 4407
1 1311
1 3107
2 2847
1 1600
2 3188
2 2326
1 3667
2 3790
3 4029 4157
3 2646 3922
2 2255
1 1073
3 570 4932
2 462
1 1694
1 4945
1 159
3 4913 4979
3 2894 3764
1 3850
3 1681 2885
1 1105
1 2315
1 3191
1 2181
3 1928 2067
2 2219
3 4088 4502
1 222
2 3042
3 2355 3240
3 2042 3114
1 1432
3 3053 4521
2 1753
1 3112
1 4054
2 647
2 2904
2 1426
2 4995
3 4693 4784
2 1806
1 3198
3 1332 2907
3 918 2266
2 4193
3 953 4146
2 2131
2 4788
1 4623
2 4976
3 3427 3515
3 572 3889
3 1142 3445
2 3451
1 201
3 3597 4727
2 1508
1 303
2 2673
2 2201
1 748
3 2233 3520
2 1932
1 1442
3 317 3446
3 3504 4772
3 2250 4714
3 1334 4329
1 3942
1 3787
1 4289
2 938
1 613
2 4645
2 1802
3 481 527
1 2171
3 1415 1827
3 2123 2559
2 4501
2 959
2 4333
2 160
3 629 1082
1 2476
2 1457
1 1232
3 826 4058
1 4808
2 1908
2 1831
2 97
2 2125
3 4349 4889
2 577
1 1359
2 3273
3 3678 4537
2 733
2 1761
1 3939
3 3377 4947
3 4941 4964
2 2057
2 848
1 3979
1 326
3 1728 3281
3 2265 3006
1 2224
1 3324
2 574
1 3110
3 2376 2900
1 3212
2 4500
1 2665
2 973
2 3035
2 3309
1 4210
1 218
2 4427
2 830
1 229
3 659 4419
3 3210 4207
3 2743 3983
3 2190 4749
3 570 2341
1 3435
3 1555 2057
2 136
1 2684
2 2601
1 307
1 1496
2 714
1 1366
1 3842
1 730
3 135 4957
1 909
2 3033
2 4818
1 20
1 986
3 2336 3393
1 4141
3 3888 4947
3 884 2088
2 4296
2 4300
3 3424 3931
2 4150
2 2532
3 3036 3762
3 2127 3795
3 3180 4047
1 4378
2 2357
2 602
1 996
1 4897
3 1172 2891
2 4986
3 2196 4525
1 2757
3 3153 3415
1 3762
2 1140
3 2320 4778
2 2690
3 1831 4241
1 1725
3 3194 4856
3 4339 4367
3 422 1091
3 1948 4748
2 4285
1 2311
1 4939
2 3994
3 3027 4556
3 2551 2599
3 152 3628
3 3045 4398
2 4461
3 256 3505
1 4879
3 2313 4105
2 771
3 2610 4720
1 4422
2 3826
1 4789
3 370 2437
3 347 4479
2 484
3 3370 4088
1 3434
3 2875 4454
2 2907
1 2787
2 3956
2 539
3 514 3095
1 4973
1 908
3 4171 4923
2 3023
2 4283
2 2604
2 337
1 4666
1 3599
1 3057
3 2554 3403
3 3075 4020
1 116
3 4916 4958
3 1261 2826
1 4902
1 1864
3 4547 4779
2 540
3 3164 4743
3 2092 2714
3 4358 4516
2 4597
3 888 2843
3 2142 4247
3 3562 4673
3 475 3146
2 3048
1 3522
3 469 1793
2 2080
2 3267
1 876
3 2912 3265
1 3306
1 569
3 1803 2180
1 918
2 540
1 977
3 3685 4346
2 1488
3 3402 4573
3 4369 4634
2 396
3 3602 4335
3 4343 4666
3 574 2599
2 2123
3 1665 3904
2 1316
1 2668
3 2213 4200
2 1806
3 1347 3288
2 54
1 1527
2 3653
2 1529
1 3432
3 2306 4496
3 3881 4587
2 618
3 1782 2165
2 4165
1 408
1 4009
2 1407
3 1421 4808
2 2638
2 4944
3 1862 3161
3 650 2812
2 1851
1 905
3 170 1078
2 3222
2 3232
3 3983 4217
3 3604 4562
2 3110
3 3860 3964
3 4241 4727
2 2703
1 4712
3 355 4203
2 3804
2 1300
1 2242
2 3124
1 1935
3 1170 1541
1 263
3 1762 3866
2 4404
2 2030
2 1040
3 2826 3174
2 845
1 1564
3 869 2301
2 2258
2 4350
1 10
1 4790
2 2601
3 3664 4898
1 3635
2 2360
1 3322
1 744
2 707
3 2202 4293
3 4354 4523
2 3966
1 4262
1 618
1 3996
3 2023 3751
1 1635
2 3597
2 1105
1 2587
1 2531
1 2942
1 1940
2 3161
3 1132 4194
2 2357
1 3444
1 1207
2 1849
2 1635
1 3439
2 711
1 1302
1 3590
2 1671
1 2489
1 2771
1 4526
3 1388 3476
2 687
1 2746
2 2072
3 3587 4342
1 3200
3 4443 4454
2 4117
1 4354
3 1103 1714
1 1785
1 1099
3 403 609
3 3549 4081
2 3998
2 4537
3 3701 3932
3 488 3098
1 1316
2 2301
1 2259
1 1936
3 1017 4895
1 1631
1 1680
1 2021
2 1560
3 2020 3701
3 491 2336
2 2925
2 3849
1 1767
1 4035
3 4605 4664
2 3570
3 637 1863
1 1155
3 1983 3921
3 2803 4750
3 389 4694
1 2793
2 2633
3 3626 3982
1 451
2 4273
1 2243
3 3421 4943
2 2656
1 672
3 4422 4959
3 2661 3207
3 3461 4905
1 1991
1 4345
2 4942
3 438 4081
3 576 850
3 918 1461
1 1856
1 3245
1 1290
2 3279
2 1945
2 1275
2 1205
2 2003
3 3980 4376
3 4561 4791
2 1333
3 3421 4232
1 631
2 3475
2 3135
2 3105
2 4614
2 2289
2 1623
2 3795
3 4781 4793
2 3392
3 4077 4751
3 388 1566
3 3333 3810
2 3113
2 2596
2 862
3 2967 4451
3 4749 4924
3 828 2922
1 1139
3 1812 2685
3 4427 4935
3 698 961
1 4159
1 310
3 2963 3780
1 3842
1 1541
2 4288
2 4869
1 3533
2 359
3 4266 4329
3 3398 4228
1 4745
2 631
3 4948 4978
2 459
3 3994 4526
2 750
3 2648 4424
1 1103
3 2464 4900
1 1037
2 1545
1 3302
2 1337
3 1905 4780
3 2164 3160
3 3704 4123
1 4328
1 4352
2 654
3 3413 3483
3 824 2466
1 2282
2 3068
1 702
1 2154
2 176
3 347 3027
3 261 1080
2 3038
3 3723 3822
2 864
1 3295
3 3144 4665
3 1935 3981
2 504
1 21
3 3538 4838
3 4256 4551
1 2954
3 2423 4707
2 3060
2 1667
2 1482
2 3904
1 3203
1 2092
1 2454
2 946
1 4738
3 3301 4293
3 1057 4549
1 1061
2 3058
1 4883
1 1751
3 3875 4597
2 3826
3 3109 3276
3 779 1608
2 4404
1 1602
1 367
3 1650 4851
3 1037 4710
3 2236 3160
1 1180
3 2664 2776
2 358
1 2267
1 4927
3 99 4123
1 3342
1 3359
2 4250
2 1608
2 909
2 1461
2 3907
3 4814 4965
3 1962 2089
2 2894
3 1113 1214
2 785
3 1653 3249
2 1791
2 1702
1 4674
1 2368
2 3999
2 2691
1 313
3 3195 3945
3 163 511
3 4823 4828
3 2977 4873
2 2897
2 4505
3 848 4626
1 3783
3 1289 1485
2 2373
3 4156 4342
3 385 3722
3 4788 4867
1 3831
1 4733
2 3804
3 1583 4620
2 4709
1 2715
3 2303 2626
3 2385 3532
2 4149
3 2762 4460
1 3402
1 1
3 2876 4161
2 1257
2 1966
2 4627
3 298 2020
3 3474 3861
2 3677
1 694
1 4572
2 1023
1 1266
2 2137
1 3249
3 3288 4201
3 4238 4844
2 559
1 164
2 2334
1 245
3 982 3598
2 895
2 2136
1 1778
3 4891 4925
2 842
3 315 4883
3 2112 2651
3 2648 3937
1 3887
1 1435
2 4357
1 4654
3 2426 4091
3 2363 4387
3 2523 4490
1 1012
2 2745
3 1905 2278
3 3883 4524
3 3059 4816
3 1943 2408
3 1959 3798
2 2473
2 3766
1 4649
2 3305
2 388
2 4407
1 1388
2 1587
2 3466
3 1215 4166
2 4184
1 3665
2 1903
3 1206 4628
1 3320
3 3460 4399
3 2711 4285
3 1905 2431
3 481 2615
2 64
3 3720 4413
1 3081
3 3904 4564
2 1885
1 1700
3 1852 4910
2 2314
1 891
2 4235
3 158 4679
2 4390
2 4146
1 1896
3 3152 3665
2 4834
1 715
3 729 4186
3 1813 4914
2 4390
1 3453
2 1753
3 4047 4185
2 4261
1 920
1 1282
1 1932
1 713
1 2200
1 2486
1 2240
2 3560
1 581
2 688
1 2839
1 2709
1 4963
2 4499
1 1810
1 3807
3 2715 4352
3 1774 2186
3 3746 4619
3 3794 4881
3 2285 3072
1 432
1 4499
1 867
1 3188
3 593 4992
2 3937
3 3718 3905
2 2776
3 1920 4753
1 1169
3 115 4224
2 3640
1 4428
2 2040
3 1637 3363
1 585
3 3188 3887
2 481
1 1412
1 1448
2 260
3 4168 4718
1 1441
1 2942
1 3742
1 270
3 3167 4675
1 1686
3 4687 4817
1 154
2 627
1 4194
3 3241 4779
1 3611
3 1685 2126
1 3733
3 4898 4991
1 3645
1 3493
3 123 477
2 3182
3 2732 4552
3 476 3924
1 2466
2 2212
3 1427 3680
3 3519 4999
2 2510
1 1753
3 1692 3334
1 3770
3 3367 4504
1 3431
2 19
3 720 2275
1 80
3 3054 3632
3 3948 4404
1 3598
2 2350
3 61 3888
1 2138
3 4882 4889
3 2385 2561
3 4455 4881
2 1639
2 4645
2 4534
3 4337 4713
2 4263
1 3849
2 241
1 54
2 4368
2 3645
2 1915
2 2400
1 1031
1 4133
1 1853
2 1495
1 1724
3 567 1920
3 1363 2002
2 130
3 1344 1917
3 1735 4352
3 4520 4534
2 4346
1 452
3 3490 4561
3 4679 4714
3 481 1283
2 1880
2 551
1 3772
3 1707 3314
1 4825
3 1572 1670
2 1885
1 4348
1 3246
1 2071
2 1353
2 4485
2 4276
2 1535
3 2288 2663
3 4185 4418
2 1813
1 4449
2 83
1 697
2 4192
2 1581
1 1375
2 4223
2 3377
1 3674
1 3252
2 4418
2 2136
3 1870 3444
2 2413
1 4460
2 4081
1 3555
3 3993 4955
3 4383 4815
1 2328
1 466
1 2179
2 1525
3 4509 4831
1 478
1 1137
2 4909
2 3221
2 4236
1 1188
2 3156
2 4365
1 1925
1 310
2 3418
3 2753 2934
2 1978
3 384 872
1 1388
3 2549 4657
3 3583 4705
3 569 4623
2 2834
1 1793
1 591
1 2204
1 382
2 3615
3 1581 4695
1 888
2 2166
3 3163 3188
3 4017 4879
3 2078 3457
3 4040 4124
3 3913 4074
2 1615
3 27 2270
3 1134 4239
3 4253 4637
2 3607
1 3399
1 458
3 859 4587
1 429
3 1407 3056
3 4166 4961
1 3046
3 759 2773
2 688
1 2951
1 4874
2 1651
1 3628
2 4820
3 4628 4847
3 473 4820
1 3528
1 429
3 3761 4920
1 4135
3 682 885
2 46
2 2464
2 4395
1 655
1 2105
3 4869 4940
2 3094
2 1607
1 344
3 2779 4912
1 1102
1 2974
1 280
3 2819 4133
2 2975
1 1867
3 3851 4843
1 2126
2 1312
1 4842
3 1521 2207
3 805 1051
3 2204 2915
2 606
1 4938
1 2942
3 3128 3879
3 3503 4107
3 4685 4844
1 1373
2 2323
1 360
1 3663
1 3361
3 3441 4543
2 3609
1 859
2 3227
1 3322
1 4086
3 2373 4562
2 2521
2 1867
1 2738
3 2864 2878
1 568
1 3774
1 933
1 1775
1 179
1 2418
2 4355
2 2663
3 1071 2816
1 2627
1 2437
3 3037 4121
2 2809
3 4597 4980
2 1143
2 1003
1 1567
3 2701 3129
1 4479
1 2470
2 1642
2 2420
1 3984
2 4643
2 1395
1 3052
1 364
3 1477 4961
1 3148
1 334
3 1703 2318
3 3535 4852
1 2440
2 2113
3 1214 2926
1 4509
2 2970
3 2407 2771
2 1382
1 1071
1 374
2 4001
1 830
3 331 1015
1 1756
2 4647
1 963
2 2221
3 3402 3544
2 1196
2 4430
1 1049
2 548
3 1167 2325
3 3862 4282
1 1063
3 2065 3055
1 1738
3 1146 1399
2 2144
2 53
1 3260
3 674 4365
1 2170
3 322 1731
3 859 3607
3 700 4990
3 4668 4988
3 3925 4980
2 2433
3 4202 4892
1 792
3 3961 4607
3 3089 3651
1 202
1 4004
1 2194
1 525
3 1516 3754
2 3414
3 260 2148
3 2823 3162
1 710
1 1101
3 4856 4909
1 4177
2 402
1 4391
2 2954
1 4419
1 4614
2 4901
1 2782
3 710 4192
1 4310
3 2758 4862
1 2729
3 1280 3392
1 3606
2 4744
1 94
3 4061 4953
3 2375 3402
2 160
1 2658
3 700 1274
3 4764 4852
1 4431
1 4619
1 1523
1 1998
2 3656
3 4554 4943
1 4886
1 631
1 2955
2 4670
2 6
3 3786 4611
2 3339
3 4767 4901
3 1116 3259
1 4403
1 835
2 4080
1 904
3 1169 2295
2 3360
3 1875 4942
2 3601
1 1738
3 1139 4931
2 3711
1 1049
3 1209 2462
1 1180
1 1344
3 3455 4806
1 4997
1 4583
3 4802 4833
1 140
2 3699
1 4305
2 1167
3 1493 2665
2 1414
3 3374 4857
3 2899 4984
3 1580 4245
3 2898 4837
1 4129
2 273
1 624
2 1367
2 2286
1 1658
1 1991
2 3411
3 4282 4994
1 2131
2 4568
2 3108
1 630
2 4723
1 966
2 429
3 1356 3128
3 3284 4948
1 4973
3 1921 3621
2 186
2 4347
2 3574
3 4165 4805
1 4484
3 4212 4914
2 2511
3 1375 3956
2 4499
2 2558
2 880
1 1260
1 1844
3 2277 3505
2 4876
3 3373 3720
1 4027
1 4686
2 3253
3 1866 2377
1 1899
3 1184 2814
1 3783
2 412
3 1145 4877
3 1351 4261
1 300
2 3525
2 3627
1 3177
1 769
1 3142
3 537 4316
2 4985
3 4844 4874
1 648
1 1469
1 3618
1 2083
2 659
3 917 3822
1 216
1 3566
3 1642 4084
1 4073
1 2574
1 408
1 4597
2 646
3 3505 4722
3 1153 1733
2 1850
2 3904
2 2308
2 3866
1 913
3 2973 3987
3 573 1554
1 4936
1 2710
3 2036 2917
1 2346
3 2299 3530
1 3564
1 1248
1 4688
3 2761 4517
2 4136
3 4384 4399
2 3677
3 105 4981
3 638 1839
2 4305
3 2044 2922
3 809 4068
2 2718
1 4332
1 395
1 4871
1 583
3 344 573
1 629
1 3509
3 4266 4433
2 4591
2 773
1 4429
2 216
1 888
1 3157
1 3636
2 128
1 468
1 877
2 4741
3 1698 1781
3 501 4088
