5000 5000
2 1503
2 1095
1 1241
2 3082
2 3413
2 4227
1 3341
3 3165 3431
1 3668
3 1452 2126
1 2312
1 3708
1 2761
2 11
1 1000
1 2189
1 1381
2 2522
1 2553
2 133
1 4913
1 500
1 3850
3 3571 4545
1 509
1 2678
3 4649 4807
3 4518 4619
3 1395 2453
1 260
2 1336
1 566
3 280 4456
3 2012 3799
2 3583
2 840
3 842 4883
3 4738 4932
3 2151 4091
2 636
2 779
2 2842
2 3139
1 400
2 4428
1 2073
2 4448
1 4029
3 679 824
2 4320
2 1122
2 3635
1 4025
1 4345
1 1878
3 4434 4669
1 4543
3 2753 2794
1 4894
3 4415 4761
1 483
1 508
3 2005 4351
2 1415
1 849
2 1153
3 4131 4423
3 2492 3949
2 1980
2 1087
3 2377 4361
3 3816 4839
1 3668
1 4537
2 1220
1 2160
3 1834 2784
2 3568
2 2653
1 921
3 1766 3961
3 1106 3662
1 2359
2 545
1 3994
2 1348
1 1736
3 1916 4624
3 4782 4988
1 2575
2 4309
2 2143
1 1523
3 682 3341
3 3191 4669
1 1566
1 889
2 1081
3 2889 3794
2 1928
2 3049
3 2778 4640
3 1844 2187
1 3314
1 412
1 2534
3 2578 4033
2 191
1 3341
1 2009
3 913 4604
3 2631 4852
3 4061 4848
3 4 3104
2 805
3 1814 4124
3 1598 2437
3 89 3050
2 2554
1 1914
2 4799
3 3600 3611
2 2444
1 2208
3 697 922
2 310
3 369 3552
2 3917
2 433
3 2164 3047
3 4835 4925
3 910 4434
3 508 4078
2 4197
1 4120
2 2911
2 2935
3 1215 2752
2 308
1 2111
1 2749
3 3066 3784
2 1844
3 4435 4670
2 2388
1 3898
3 1572 4334
1 4058
1 2113
2 2436
3 3346 4879
2 899
2 1721
2 4390
1 2003
1 1287
3 3824 4182
2 873
1 161
2 423
1 2421
2 1706
1 4298
2 3417
2 3610
3 4748 4781
1 1745
1 2834
1 3543
1 1097
2 911
1 3596
3 1423 3283
3 2693 2845
3 4254 4523
1 2077
2 4598
3 4652 4672
2 4659
3 707 1629
3 1490 2523
1 556
1 396
3 1422 2428
2 2500
2 2952
1 315
2 1665
3 4147 4546
2 980
2 4046
3 4439 4487
3 4829 4924
1 3680
2 4276
1 3241
3 2319 4980
2 3006
3 2998 4632
3 1051 3094
3 1333 2177
2 2420
2 1782
2 1650
2 950
3 551 2495
2 4934
1 3919
3 3018 3745
2 2576
2 2045
1 1036
1 1436
1 4217
3 3902 4891
2 1527
3 3592 4895
2 2673
2 1903
2 3410
1 2929
2 322
3 4471 4615
3 2903 4615
2 2893
3 3480 3606
2 2561
2 2588
2 4637
3 3310 4999
3 1373 1767
1 2574
3 3469 4419
3 547 2041
3 3119 4755
2 96
2 4873
1 4735
3 1648 2974
3 4368 4534
3 2011 4882
2 3695
2 1284
3 278 2940
1 683
2 3183
2 4657
3 4234 4954
3 3269 4527
3 2750 4891
3 4865 4990
1 849
3 4778 4956
2 1516
3 36 4531
1 1809
1 2444
2 3343
2 2447
2 4198
1 247
2 1279
2 3805
3 3087 4942
3 484 3604
1 122
1 2173
1 1319
3 4875 4930
3 295 1422
2 3340
1 3903
2 4169
3 3586 4919
2 2827
2 3910
2 1752
2 3343
2 312
2 904
1 992
2 661
1 677
2 4302
3 2749 3454
2 491
1 1891
3 3086 4445
2 1295
2 3198
3 2005 2473
2 2282
2 936
1 3277
3 4721 4757
3 2562 4153
3 1378 2514
2 2249
2 2030
3 3407 3837
3 4745 4820
2 3417
1 4349
1 2063
2 4979
1 3050
2 1098
3 2906 4689
1 497
3 527 3323
1 4955
3 3829 4072
2 1459
1 4845
2 2653
3 761 4915
2 3365
3 4383 4461
1 4904
1 4143
1 1711
2 2159
3 2358 3452
3 2055 3726
2 3053
1 369
3 3186 4576
1 2164
2 4854
1 4807
1 1489
2 2483
3 3427 4806
3 384 2762
1 3927
3 759 4563
3 3325 4139
1 1902
1 1590
1 4518
2 4213
3 3349 3637
1 205
3 941 1578
2 4061
3 807 4471
1 4591
2 2342
3 1495 3253
1 1007
3 3161 4792
2 1764
1 111
3 3207 4982
3 715 4243
3 2902 4255
1 378
1 3244
1 1126
3 347 380
2 3635
2 3769
2 1673
1 2695
1 4838
1 4411
2 938
2 3882
3 824 1941
1 637
3 1670 4970
2 4222
2 820
1 2093
2 1904
2 232
1 1647
2 1200
3 4528 4728
1 3772
2 1678
1 930
2 1528
3 1384 2876
1 403
3 650 1113
3 3007 4311
2 3328
1 372
3 4487 4670
3 3677 3987
3 227 1045
2 544
3 1184 1330
2 4384
1 1005
1 2057
2 3452
1 1829
1 4143
3 2844 4232
2 2754
3 2952 4056
1 4976
3 4625 5000
3 4297 4386
2 914
3 1570 3391
2 561
2 2414
2 4946
2 4709
1 850
3 1350 3380
2 3750
2 1480
2 851
1 4624
2 2542
3 2366 3920
1 1622
2 87
3 1115 3907
1 1243
1 59
1 3802
3 2403 2796
1 16
1 3664
1 2224
2 3274
2 3586
2 2978
3 1528 2660
1 1975
3 950 1597
1 1680
2 2135
2 3274
2 2803
1 1238
1 572
3 2682 2851
1 4666
1 1427
3 4147 4725
2 1219
3 3314 3511
1 1374
2 1869
1 4848
3 1633 4497
1 2674
1 3986
3 4235 4317
3 4156 4996
3 3723 4066
3 3707 4972
2 3610
3 3472 4078
1 949
1 2161
3 3331 4354
1 4684
3 2862 4303
3 4829 4842
1 2930
1 2475
1 4137
2 2721
2 4257
1 4291
1 2081
2 4462
2 776
2 3089
1 4921
2 4469
3 271 4557
2 151
2 4095
3 4989 5000
1 3691
1 451
3 3377 4218
1 1096
3 1504 1959
1 3704
2 1451
1 1533
3 1758 3061
3 2244 4075
2 1707
2 578
1 4602
2 2039
2 3974
2 1513
3 1285 4400
1 1541
1 4313
2 4081
3 105 4294
1 3242
3 4975 4982
2 4674
2 2757
1 180
2 2976
3 3054 4649
1 3625
2 3122
1 875
3 2934 2954
3 2236 4141
1 4956
1 546
1 553
2 704
1 4983
2 4408
2 2440
3 3080 4629
1 1556
2 507
1 1423
1 4574
1 2994
2 4772
1 769
3 1612 3079
1 4906
1 4710
2 1191
2 2375
1 2782
3 4276 4437
2 933
3 3248 3848
2 3140
1 3629
2 2049
2 72
3 1175 4774
2 3546
2 25
2 2785
3 139 4967
1 1026
1 1654
1 2443
3 1511 4816
2 2212
1 3288
1 773
3 870 2501
3 1933 4910
2 4389
1 2076
1 4585
3 973 4227
2 2089
1 400
2 235
3 2473 3108
3 717 1106
3 1042 3628
1 4574
1 2995
1 1023
2 3887
3 3011 3441
3 2500 2626
3 2560 4883
2 1012
3 1185 2783
2 277
1 3235
1 2149
1 3924
3 1846 2745
1 2494
1 4412
3 2599 4690
2 2417
1 878
1 2007
3 18 418
1 3443
3 2852 3175
1 4512
2 4070
1 1862
3 3907 4877
1 362
2 3828
2 1386
3 4020 4024
2 1042
1 1015
3 4932 4942
3 2338 2963
3 1238 2444
2 4072
1 3054
2 3180
1 4092
2 1559
2 1860
2 2206
1 4021
1 4433
3 2501 2982
3 3045 3203
3 4233 4864
3 4738 4972
1 4419
1 4639
1 2405
2 371
1 3359
3 1581 3589
3 3936 4497
1 3077
2 4227
1 1111
1 1440
1 3170
2 2419
3 4389 4632
3 844 4491
1 3598
3 1958 3036
2 1027
1 4172
3 1169 4617
2 3358
1 2927
3 3997 4331
1 4807
3 3605 3992
3 4230 4985
1 2970
3 4458 4473
2 3041
1 863
3 2358 4176
1 2830
1 4575
3 4370 4393
1 4743
3 4824 4965
1 253
3 2045 2237
3 2044 4421
2 375
1 830
3 3221 3971
1 266
3 2142 3971
1 2711
2 4657
1 4221
2 1309
3 1498 4421
1 709
1 4206
1 1365
2 2232
3 2795 4326
3 121 2861
1 2363
1 2371
2 4332
2 3312
3 1102 2963
2 2121
1 3852
1 2085
2 2857
3 4513 4594
1 1055
3 4590 4777
3 3202 4462
2 2187
2 4973
3 2138 3105
1 4327
2 293
1 2417
3 4422 4626
3 1037 1130
2 1184
2 3427
1 4345
2 4243
1 1537
1 2778
1 3330
3 922 3821
3 3013 3614
3 4926 4986
3 1550 2967
2 2960
1 1460
3 636 2063
2 1695
3 1991 2584
2 1871
2 2598
1 4304
1 3328
2 3182
1 1565
2 197
3 3367 4108
1 1925
1 4442
1 1473
1 4158
2 3649
3 1644 4597
1 1495
3 1233 2802
2 2738
3 3127 3787
3 3440 3540
3 4230 4940
3 4375 4761
2 4223
2 2445
3 2954 4300
3 3089 3668
1 4525
3 1148 2912
3 4627 4735
2 4544
2 4104
1 3840
1 4637
2 3094
3 1785 1829
2 4707
2 654
1 1589
2 1000
1 458
3 443 1617
3 4310 4698
2 176
1 3013
3 3367 4657
2 4943
3 3115 4455
1 4215
1 4843
2 3925
1 3314
2 2157
1 493
1 4913
1 1230
3 2700 3587
3 4604 4757
3 1636 2788
1 3511
3 1522 3401
1 4824
3 2912 3475
1 2258
3 43 1187
1 4994
3 4809 4934
1 1702
3 253 2623
1 1126
1 2437
1 1777
3 1478 2514
1 4183
2 3954
1 2573
1 1391
3 2269 2648
3 443 444
3 3895 4386
3 783 3807
3 4970 4992
1 193
2 642
2 3096
1 588
3 2873 3394
1 3900
1 3296
3 4762 4827
2 2253
3 4289 4613
2 2062
1 2460
2 2653
2 3911
2 515
2 446
3 2433 4405
1 4940
3 3150 4289
1 2526
3 4192 4278
2 3304
2 716
1 2585
2 2534
2 4055
2 2406
3 1041 2908
3 1825 2703
3 2725 4986
1 2943
3 4220 4400
1 4681
2 2931
1 346
2 3469
3 384 4374
1 329
3 4459 4460
3 2054 2843
3 1034 1095
1 3092
1 1561
3 229 2821
1 3069
2 1267
1 2712
1 1168
3 4932 4933
1 3626
3 136 3596
2 864
2 4951
3 3018 3468
2 3739
3 4341 4852
2 2337
1 2567
2 2045
3 2224 3346
1 2659
3 3656 3945
1 2163
1 4494
2 4327
2 2840
1 3142
1 3121
1 888
3 4377 4839
1 4182
3 3085 4366
2 1954
3 460 4060
1 1440
1 2007
1 4880
3 3914 4962
3 3859 4103
2 4800
3 2299 2712
3 657 1383
2 3410
1 4883
3 3421 4111
1 2279
2 1716
3 250 887
1 4548
2 2880
1 3789
3 3786 4614
1 3281
2 2844
1 2140
1 1092
1 311
2 1921
2 42
2 500
1 183
3 783 2941
2 2113
2 3222
2 429
1 4749
1 4834
2 1597
1 3656
1 4661
2 2245
2 4753
1 4877
3 2552 4770
1 354
1 4339
2 183
3 150 2218
3 4286 4480
1 3207
3 2603 3582
1 4170
1 1747
2 3413
3 4030 4651
3 1060 2181
2 191
3 4549 4847
3 1957 3579
1 723
2 2495
3 2591 4860
2 4076
2 3811
2 4059
1 25
3 2609 4169
2 2718
3 1495 3461
1 4648
2 3047
3 3016 3333
2 1500
2 4027
3 3518 4813
2 4341
3 3030 4681
1 3801
3 1049 4293
1 150
3 214 2212
2 1222
1 145
2 47
1 2645
2 3883
2 141
3 2636 4687
3 4622 4962
2 3977
3 3727 4893
3 1529 4964
1 4834
3 3538 4426
3 2045 3861
1 3024
1 1502
2 1282
1 4651
1 2775
1 4470
1 1546
1 3850
1 1873
1 2235
2 2449
2 425
3 1104 1436
3 428 4168
3 4258 4308
1 1658
1 4351
3 959 3282
2 4681
3 2174 3377
3 2218 4895
3 220 4304
3 3836 3886
3 4792 4845
2 4221
1 1100
1 1
3 56 3815
2 265
3 2560 4573
1 4445
2 518
3 3205 3629
3 4165 4933
1 4019
1 4206
3 4688 4849
3 321 665
3 4151 4501
3 2012 2460
2 1162
2 487
3 2165 4302
1 2402
1 3486
1 985
1 4688
3 2880 3467
2 2914
2 4438
3 2225 3536
3 1848 4497
2 4698
1 1203
3 3742 4616
2 817
1 3627
3 4452 4469
2 2553
2 6
1 4193
1 105
3 3406 4042
3 139 1336
3 4898 4907
1 2405
1 3906
3 1100 3477
1 2152
3 1652 3311
1 4824
2 157
2 736
1 1101
3 994 3329
1 3743
3 4005 4209
1 2819
2 2193
1 621
3 3825 4713
3 4103 4740
1 4343
3 4081 4289
3 4283 4866
3 2761 3577
1 1420
3 3725 4572
1 4102
1 116
1 309
3 1045 1777
3 1176 2989
1 4406
3 46 1090
1 768
1 3274
2 1883
3 4542 4774
2 805
2 4357
1 1033
1 4007
2 3043
1 1100
1 3409
1 4682
1 4993
3 495 3224
1 4055
3 333 3240
2 1921
2 4599
1 2086
2 2977
2 596
2 2494
1 2795
1 3080
2 687
1 4222
2 3616
1 4377
3 1040 2325
2 4239
2 2839
1 2603
3 485 2882
3 202 4508
1 429
3 3723 4413
3 1345 4042
1 4202
3 3302 3484
2 3421
3 2219 3987
3 884 2429
3 1434 3376
3 116 1736
3 2163 4604
1 4022
2 4515
1 2772
1 638
2 3103
2 1799
2 266
3 3783 4557
2 2790
2 112
3 784 2700
2 2538
3 1997 2050
2 3779
1 680
2 4789
1 3599
2 4163
2 4628
1 2981
1 3448
2 2805
3 2519 3770
2 4604
3 904 1886
1 766
2 2325
3 553 4528
3 2060 3124
3 1313 4112
2 2738
2 4065
2 2057
2 4785
2 2434
2 4240
2 2251
1 190
2 3926
2 750
1 4135
2 4015
3 4164 4233
2 113
2 677
2 1513
3 1048 3615
1 2001
2 1604
3 4885 4891
1 2254
1 252
1 205
1 4269
1 3557
1 623
1 1735
3 117 2415
2 1141
1 2212
2 4493
2 3550
1 674
1 4359
3 79 1542
1 4458
3 701 2706
1 1571
1 3491
2 3629
1 3764
2 831
1 2328
2 3001
1 3862
2 3830
3 2297 4771
1 429
2 3773
2 3205
2 1584
2 3261
1 2415
2 4341
2 3683
2 1270
2 1249
3 2532 4945
1 885
3 4917 4955
2 847
2 4868
1 199
2 1179
1 755
1 4215
2 2085
2 176
1 396
2 706
2 2583
3 2067 2550
2 2498
1 2356
2 3561
3 1562 2630
3 2114 2250
2 3788
3 2372 2901
1 3640
3 2139 4707
1 655
2 972
2 2518
3 1748 2539
3 4203 4757
1 2158
2 4477
3 4216 4305
3 1586 4053
2 2741
1 4904
1 4174
3 218 4447
1 2056
1 3481
2 177
3 910 3851
3 3764 4003
2 3776
1 3325
1 3624
2 2938
3 1809 3766
3 4629 4643
3 734 3674
2 1726
3 4060 4063
3 2854 4767
2 2463
2 4205
2 1289
1 2340
3 178 4413
1 1143
1 1802
2 433
3 1685 2184
1 4002
1 4163
2 375
1 4192
1 3396
1 4129
1 1988
2 4118
2 788
2 3778
2 4936
1 3114
1 831
3 4010 4028
3 4951 4993
1 3293
3 2071 2433
1 4445
2 2274
3 3041 3944
3 210 2402
2 4375
1 4157
3 556 3584
3 3460 4290
1 1109
3 923 4465
1 2286
2 678
1 3443
2 2513
2 2709
2 1287
3 1225 2738
3 306 550
3 2190 4127
3 1749 2398
3 1751 4919
3 4064 4193
2 4363
1 3588
1 1046
2 2110
3 3158 3817
1 1817
3 1899 4292
2 2479
1 3379
2 1606
1 4868
1 3512
3 1913 2715
3 4696 4757
2 2637
3 1648 4896
1 1543
3 1064 3287
3 3056 3267
1 2961
1 986
1 2445
3 1886 2972
1 4491
1 3717
2 4418
2 4275
3 746 1960
2 1908
3 3998 4581
2 3403
2 3242
2 2640
1 4637
2 2223
1 4014
3 32 3487
3 4366 4428
3 1962 4368
1 1239
2 2446
3 1245 2605
2 1578
3 3095 3399
2 2094
3 4920 4947
1 3500
2 958
2 4783
1 1226
2 2278
1 2316
2 915
2 4408
2 2334
2 3888
2 2381
3 635 3026
2 3655
3 2789 4878
3 1850 4025
3 3985 4916
3 3235 4932
3 3847 4084
3 3044 3710
1 2997
1 1841
2 2234
1 1555
1 1178
1 627
3 1608 3861
2 3067
1 519
3 805 4669
3 4805 4929
2 948
3 467 1008
3 3162 3361
1 1679
2 862
2 1067
1 3083
1 4876
3 2079 4863
2 1670
3 4574 4581
1 3399
3 1245 2517
2 2513
2 4859
2 4508
2 4211
2 743
3 6 62
2 1990
1 2651
1 780
2 2301
3 2716 4732
3 1972 2993
1 1194
2 1159
2 690
1 94
3 1463 2911
3 1052 3260
1 4575
1 4415
2 1155
3 1950 2539
3 1817 2356
2 4466
2 2019
3 3873 4098
3 4479 4546
3 454 3057
1 218
3 2790 3768
2 2489
2 67
2 4245
1 812
1 3526
2 2902
1 1760
3 31 2729
2 3747
1 4462
2 2507
2 1575
3 1648 1977
1 1141
2 3489
3 3191 3815
1 3439
1 4641
3 2351 2741
2 2594
1 4299
2 4932
3 4397 4437
2 1284
1 3038
1 1021
3 4434 4965
1 2822
2 1671
2 2051
2 1403
2 666
1 2897
1 3473
2 503
3 1131 1951
1 581
3 3844 4091
1 4724
2 2971
2 4337
3 2192 3449
1 4805
2 1066
1 4676
1 2737
3 2548 3378
3 4936 4976
3 3425 4634
3 3661 4244
3 3896 4329
3 3267 3923
1 4022
1 4909
1 579
1 54
3 4254 4270
3 2673 3587
2 19
2 4644
1 415
1 4519
1 579
1 2434
3 726 3727
3 4324 4428
1 4994
2 3956
2 4431
3 2747 4456
1 2710
3 3430 4580
1 3828
1 1688
3 2016 3254
1 3023
1 2041
2 2154
2 1210
1 4429
3 4067 4941
3 290 2176
3 642 4723
1 4585
2 1320
1 2515
3 2777 3246
2 4353
3 996 3305
2 3139
1 3861
3 1411 1919
3 4873 4975
1 2171
1 2816
1 3788
3 1234 1274
3 4874 4966
1 1207
3 3582 4717
2 2810
1 2563
1 2929
1 2527
2 4334
2 1776
3 2215 3876
3 3982 4831
2 4006
3 2697 3068
3 2921 4708
1 3777
2 1350
2 4013
2 3025
3 3770 4202
3 3309 4694
1 3360
3 2325 3181
2 2585
1 4398
2 2018
1 1037
3 1535 2855
3 1596 4598
1 3175
1 4936
1 1754
1 2845
1 3384
2 337
2 1589
1 1646
1 4947
2 2161
3 3368 4400
1 1474
1 4026
1 2362
1 127
2 2638
2 3206
1 4739
3 876 2070
1 3026
2 4962
3 3420 4667
2 3778
2 1313
1 3849
2 1516
2 1653
1 12
1 2776
3 4195 4211
1 3307
2 1118
1 696
1 4943
3 4544 4779
2 3615
2 4333
3 1179 2347
1 377
3 2555 4491
3 2518 3210
3 4960 4985
3 3815 4140
1 428
3 4721 4729
3 3778 4918
2 3602
3 3751 4949
2 2908
2 4845
3 3803 4003
3 3398 4041
2 4040
3 4839 4976
3 2440 4819
3 2111 2201
1 2866
2 2941
1 4122
3 3975 4476
2 4431
2 968
3 1764 3830
3 3911 4049
1 3210
3 3257 3936
3 4954 4993
1 2019
2 2773
2 4718
2 470
1 23
1 931
2 2275
2 4564
3 4722 4988
2 1394
2 2754
3 1804 3407
2 3024
2 1550
1 2781
1 1394
2 1518
2 2016
1 144
1 4661
2 2394
2 1717
2 4803
1 2184
2 3538
1 1955
1 3045
2 4893
1 360
1 1499
3 4126 4650
3 2498 3288
2 2006
1 3653
2 298
3 753 4111
1 4392
3 2062 4918
1 897
1 2355
3 2884 3668
2 3211
3 4891 4961
1 310
1 2433
2 3068
3 226 3892
1 110
2 3630
2 3816
3 3264 4365
3 4957 4980
1 4868
1 3625
2 582
1 2209
1 828
2 3146
2 3320
3 3310 4902
1 2679
1 3855
2 539
2 4826
2 3492
2 1448
2 3867
3 1968 3732
3 220 4369
2 3159
3 3739 4771
1 931
2 4580
3 443 1619
2 3465
2 2134
3 815 2746
3 867 4209
1 555
1 1543
3 4470 4583
2 1817
2 1724
2 2736
1 3015
1 2378
3 4129 4342
2 526
3 389 757
1 3558
2 2542
1 1022
2 1297
1 384
1 2776
3 3846 4429
2 155
1 2751
1 3302
3 1115 4071
2 4006
3 507 4694
1 4
3 2102 3781
3 1599 3378
1 23
2 3607
2 3294
2 966
3 334 4589
1 4121
3 3531 4939
1 609
3 1267 4747
2 3012
2 1671
1 803
3 2649 5000
2 2810
3 2491 2849
3 3559 4248
1 1795
2 3517
3 2752 4913
2 3735
3 2966 4978
1 3184
2 883
2 3403
3 1140 1859
3 2372 3057
2 1689
3 2538 4818
2 4610
2 3608
2 4679
3 742 4185
2 3250
1 2119
1 2939
2 3225
3 2571 3081
2 3474
3 2317 4734
2 4052
2 1098
1 1643
1 2137
3 3943 3981
3 688 1326
2 1941
3 3977 4680
3 2362 3963
2 2020
2 2431
3 2409 3945
2 1231
2 642
1 2599
2 902
3 2332 3653
1 1296
1 4965
2 2922
2 1227
3 4827 4952
2 1846
3 768 3448
1 4168
1 1145
3 1951 3945
2 3680
2 2018
1 4400
2 3801
2 1150
1 347
3 4134 4749
2 4234
3 3149 4753
2 3274
2 3173
3 4697 4917
3 1771 2845
2 3076
3 1267 3380
2 3907
2 4916
2 4656
2 305
2 559
2 3762
3 1743 2694
1 606
3 2310 2942
3 983 3296
1 2430
2 3103
3 123 1137
2 755
3 3133 4319
2 3032
1 1744
2 254
2 4084
2 1286
1 375
3 2560 4397
1 3036
3 2875 3102
3 434 557
3 1460 3010
1 2541
2 1446
3 1850 2417
1 231
3 132 4273
3 651 3738
2 2606
1 4205
1 937
2 582
1 4174
1 860
1 1562
3 1701 1762
3 1683 3018
3 3633 4596
1 1071
3 4378 4539
3 3374 3455
2 3046
2 911
1 1503
1 2572
2 343
1 3998
1 3947
1 2238
2 2062
3 2412 4973
3 3723 4225
2 4958
3 907 4038
1 392
1 1818
2 1256
3 3426 3965
2 3672
2 2528
1 2903
2 3416
3 465 4865
2 865
3 2462 3515
1 1799
3 4499 4739
3 4222 4779
1 1448
2 1235
3 4459 4641
3 3009 3344
3 484 783
2 3688
3 1050 4931
2 714
1 1859
1 3467
2 109
1 4215
3 3109 3234
3 3785 4925
1 228
3 1821 3010
2 2258
3 3018 4519
3 1189 4080
1 1490
1 2836
1 103
1 4845
1 2255
3 2015 3415
1 1477
1 4095
2 3491
2 1989
3 4999 5000
2 1197
3 2748 2854
1 4695
3 2785 4420
1 3765
1 838
1 4452
2 4481
3 2903 3725
2 1756
1 1723
3 3498 4191
3 4209 4665
3 1885 4932
1 3662
2 2427
2 1658
3 4697 4877
2 773
1 4556
2 1916
1 4684
2 3734
2 94
3 3586 4317
2 2887
1 2716
1 4675
3 4831 4972
2 563
1 4693
1 1217
3 1338 3265
1 3734
2 3956
2 4708
3 3073 4704
1 4523
1 2953
3 4392 4714
2 4142
3 2571 3705
1 3215
2 4536
3 3823 4765
1 1483
1 3184
3 1402 1812
2 3671
1 3820
1 81
2 4300
1 3095
2 140
3 4188 4540
2 590
1 4764
3 3198 4726
3 427 1323
3 82 1586
3 1440 1565
2 4568
2 3004
1 2242
1 1833
1 4129
3 1191 2128
3 4551 4999
1 2204
2 1104
2 4047
3 517 547
3 1679 3328
3 1103 2343
3 1990 3111
1 1183
1 2622
2 366
2 3456
2 3888
1 2665
2 4737
3 2012 3308
3 3481 4351
1 2035
2 4755
2 2520
1 2881
2 1485
3 2602 2983
3 69 1489
3 4372 4602
2 759
1 4552
3 4715 4772
1 1115
3 2141 2695
3 2146 2854
1 1365
2 3442
1 2671
2 1124
2 3563
3 3925 4913
2 2721
2 3727
2 187
2 993
3 1599 3270
1 3809
2 4514
2 2582
3 2631 4752
2 714
3 849 3789
1 4612
1 4634
2 1075
1 3286
3 2933 4100
3 453 4657
2 3432
3 4767 4887
3 4419 4507
2 1785
1 4579
1 1232
2 2331
2 3356
1 566
1 2456
1 4855
2 1157
2 1527
1 1953
3 4293 4813
1 3254
2 2918
1 3430
1 3109
2 3555
1 720
1 1373
3 1712 3539
3 314 2499
3 3654 4562
2 1793
3 4510 4931
2 2936
1 3541
2 4134
1 3782
2 4129
3 3305 4959
2 2075
2 325
2 2145
3 4613 4683
3 3308 4506
2 3488
1 1029
1 773
2 2864
3 4636 4647
3 4386 4840
2 1428
2 1462
1 847
2 1800
3 3711 4189
3 4475 4612
1 3327
1 2308
1 2453
2 2604
1 4459
1 1124
3 1153 2828
3 3457 4473
2 4048
1 2020
1 2307
3 1592 3117
1 3444
2 395
3 2969 4216
3 3021 3792
2 3790
1 1260
3 2836 3380
1 4326
3 728 2246
3 2831 4430
1 997
3 1974 4873
3 1742 4540
3 2341 4666
2 683
1 1119
1 125
3 3184 4387
2 1041
1 2450
2 4483
2 3140
2 5000
2 632
3 4002 4669
2 3513
1 2696
3 537 3797
1 2405
3 2474 2608
3 2176 2210
3 4339 4925
2 2666
1 4140
2 481
2 4319
2 4321
2 1665
2 1448
1 1343
2 1059
3 3895 4330
2 4692
1 1697
2 4323
2 2365
2 607
1 2073
1 3340
1 4113
2 818
2 1465
2 4870
1 1658
1 1480
1 3713
2 4176
3 2147 4814
3 3822 3974
3 165 1519
3 3296 3298
2 3583
1 3664
1 2160
1 3688
1 768
1 4746
2 635
1 3823
2 401
2 306
3 3171 4186
2 3206
1 2745
1 283
1 4156
1 1771
1 4642
1 4963
1 1565
3 2148 2902
3 2045 4756
1 4243
1 4565
3 1000 4736
2 2098
1 1405
2 4181
3 2418 3956
3 2363 4325
2 1287
1 681
2 4343
3 57 4664
1 1342
2 2772
2 964
3 4773 4873
1 4722
3 4407 4896
3 1389 3028
2 2991
3 3367 3558
1 4751
1 4174
2 458
2 1851
1 887
1 1924
3 1682 2913
1 795
2 3727
3 1270 1582
2 3082
2 4968
2 1269
2 1594
1 3549
1 4187
2 2716
3 1308 4757
3 4451 4483
1 390
1 4851
2 4429
2 3877
2 2833
3 3276 4368
3 2959 3714
3 2292 3121
3 2741 4005
2 4330
3 845 3605
2 2911
3 1791 3395
3 3717 4087
3 2427 4219
2 2202
2 1373
3 3653 4562
2 2707
1 118
3 1444 4623
1 2798
2 1038
3 3099 4735
2 4441
1 644
3 3703 4677
3 3005 3865
1 4587
2 1503
1 436
2 1506
1 519
2 1232
2 87
1 4153
3 1909 2506
3 2734 4302
2 1465
1 3732
1 443
1 3469
2 1236
1 1900
3 1794 3459
3 827 2412
2 2736
1 3695
1 3234
3 2644 3989
3 2112 2342
1 1400
3 2315 3071
2 1396
2 4568
1 2188
2 1254
2 1651
2 1609
2 4050
3 3572 3928
2 4386
1 4729
2 750
3 1822 3764
3 4348 4599
1 977
2 1986
2 1806
2 4397
2 3851
2 4713
2 632
1 440
3 4800 4997
3 4194 4572
2 3269
1 3668
1 886
3 23 3955
3 4859 4918
3 702 2026
1 1567
2 479
3 3003 4409
1 1849
1 2321
1 3068
1 877
3 4329 4582
2 3855
2 334
2 522
2 3774
2 2420
2 4708
3 634 2143
3 1210 3429
1 2131
1 4678
1 1914
1 3211
1 3329
3 4156 4940
2 4316
3 3048 4840
1 2526
2 2778
1 768
2 1823
1 3888
3 1045 4608
3 3925 4041
3 2300 4746
1 1548
1 4091
1 4457
3 684 4244
1 1593
1 1484
2 3783
3 4001 4571
3 1304 2915
2 3463
3 1359 3341
2 3774
3 216 2916
1 1051
1 4176
3 4260 4674
2 971
2 704
3 3523 3700
2 3733
1 3654
2 4756
2 3617
2 2882
2 267
1 2416
1 4734
2 25
2 1754
2 601
1 2519
2 4127
2 2738
3 1217 2200
1 4511
2 368
2 768
1 3324
1 4256
3 1769 2116
2 2445
1 4293
2 651
3 4089 4251
3 965 3095
3 4699 4761
2 4089
1 3304
1 4073
1 129
3 129 875
1 4526
2 2121
2 481
2 3433
1 3124
3 3091 3214
3 251 1478
2 1786
3 4541 4983
2 610
1 4006
1 3174
3 4589 4697
2 3906
3 4032 4543
3 1330 3193
2 3707
1 940
3 456 2646
1 1815
3 810 2208
1 1349
1 3182
1 1761
1 2382
3 3130 4088
1 3596
1 3850
3 704 4485
1 832
1 3088
3 1163 1284
3 2418 2894
3 472 1817
1 3871
1 2033
3 4333 4764
2 4269
1 423
1 4648
1 4840
1 1201
2 2595
2 955
3 516 1077
2 2903
2 3036
1 359
1 1052
2 3848
1 1968
1 4916
2 4767
1 3503
1 573
3 3082 3858
1 2467
1 3280
1 1354
1 308
3 2597 4881
2 1438
2 3007
3 49 1125
3 4406 4554
3 560 2561
2 3663
2 4284
1 184
3 4641 4880
2 3732
3 1710 1779
2 4317
3 570 4235
3 3402 3528
2 439
2 291
1 3688
1 3719
2 1442
2 806
2 1660
2 3921
1 2831
3 732 3423
2 2175
2 2065
3 2494 3757
2 2909
2 4426
2 1374
3 4637 4883
1 1484
2 2390
2 3396
3 1716 4253
1 538
1 964
1 1851
3 2273 3636
1 2273
1 1387
3 1793 4426
3 2941 4506
1 3035
2 2325
1 1346
1 3658
2 1547
3 3625 4823
3 1741 2280
2 2374
2 3655
2 4226
3 416 4192
2 330
3 2351 3832
1 3156
1 2918
3 3636 4237
3 969 1647
1 2976
1 2611
1 3162
2 91
2 3753
1 3000
3 248 4224
1 3764
1 1917
2 1913
2 4709
1 4274
3 1623 3605
2 4804
2 4112
3 3130 3261
3 773 4820
2 1104
1 612
1 2376
2 2354
2 2742
2 1251
3 2510 3107
3 3162 3170
1 2272
1 41
2 4783
2 2314
2 3607
2 3399
3 2029 4855
1 489
3 269 2086
3 1683 1750
1 3481
2 4316
3 3200 4175
1 3284
3 3268 4858
2 889
3 2901 4419
3 4066 4935
2 3988
3 1294 3787
3 3922 4453
1 1979
1 14
3 1076 1593
3 376 2188
3 1889 4710
1 2010
2 1555
3 4009 4880
3 1231 4425
3 3359 4424
1 1171
2 3942
1 2902
1 1401
3 329 410
2 2965
1 1474
1 1273
2 145
2 4778
3 3490 4123
3 859 4952
2 2859
2 10
3 2794 4445
3 2153 2833
2 2342
1 4541
3 3596 3923
2 4457
2 1905
2 585
3 2579 4850
3 3436 3940
2 806
1 609
1 642
3 2602 3531
3 2912 4072
3 4498 4745
1 2911
2 3888
3 4312 4936
2 1647
2 886
3 3680 4071
2 4475
1 4226
1 4540
2 3544
2 661
2 2972
2 1693
1 710
1 1447
3 2323 2729
1 2517
3 3916 4853
3 356 4884
2 4493
3 1489 2383
1 4465
1 2746
1 2526
3 4073 4833
1 1638
3 622 4718
1 2507
3 4514 4555
2 1964
3 4204 4757
2 1171
1 4411
3 1674 2180
1 1189
3 1231 1377
2 1585
3 1621 4900
2 3995
3 2576 2898
1 3350
1 4319
3 748 3259
2 3876
1 2878
2 2915
1 494
3 4362 4443
2 4934
2 2541
2 2217
2 1874
1 3657
2 355
1 3355
3 415 1736
2 705
1 1794
3 4902 4988
2 3745
1 4505
1 2278
3 524 4769
1 2370
1 3427
1 2731
2 2110
2 4278
3 1523 1892
2 4026
1 4605
1 3903
1 71
3 900 912
3 2218 3031
1 4864
1 4075
1 2565
3 1339 4634
2 1750
3 4804 4848
3 1092 4756
3 3142 4884
1 2269
1 1832
3 2520 3060
1 2744
2 4171
1 3325
3 3143 4243
1 2033
2 2772
1 2686
3 4575 4899
3 1829 4134
2 451
1 4927
1 1910
3 719 4313
2 484
3 4485 4503
1 2151
1 2592
3 4301 4407
3 4927 4985
2 1656
1 1090
2 2696
1 1750
3 3750 4502
2 1373
3 990 2809
2 601
1 2532
3 2991 4189
1 187
1 4343
1 4553
3 2373 2989
1 852
3 2533 3572
2 4307
1 3468
3 2343 3698
1 4702
2 1846
3 1830 3807
2 3858
1 690
1 4419
1 4556
1 34
3 3205 3280
2 2783
1 2954
2 3022
3 4924 4977
3 558 869
1 1616
1 1860
1 2038
2 2656
3 385 4145
3 4722 4935
2 1292
1 2229
2 4499
3 1166 1759
1 4260
3 1050 2604
3 902 4740
3 4221 4275
3 290 3281
2 4711
1 2788
1 2548
3 1848 3332
1 1411
3 3026 4645
3 264 2875
2 2436
3 4046 4820
1 2854
1 3716
2 4485
2 1352
3 2056 3371
1 450
1 2068
1 1944
2 1813
1 4231
1 3467
1 4908
2 4348
3 4468 4901
3 1322 3085
2 1059
1 733
2 2842
1 2918
3 3560 3916
2 2836
1 3856
1 3306
3 48 4747
1 2610
3 430 2056
2 673
3 4867 4933
1 2155
3 2260 3878
2 4164
2 3494
1 368
2 3444
3 2094 4100
2 4215
3 83 4845
1 2393
2 1312
3 1000 1051
1 964
2 2688
2 2774
2 1746
3 1593 2029
2 4367
1 1857
3 286 3098
3 4212 4696
3 2337 4058
2 3206
2 3018
2 9
2 4618
1 829
3 3432 3816
3 779 3484
1 4549
2 1216
2 3913
2 1600
3 4025 4907
1 354
3 559 2595
2 1456
1 1433
3 3463 4175
1 2268
2 61
2 3729
3 1325 2732
1 828
3 1189 1649
2 4444
3 1753 3128
1 455
2 4832
3 654 1801
1 2641
1 552
1 2521
2 548
3 3713 3995
3 429 2340
1 2057
2 4994
3 966 1370
2 642
2 2028
2 128
2 4122
1 4184
2 1062
3 1062 4174
1 3021
2 3246
3 1080 3100
1 622
3 3025 4927
2 4690
1 3897
3 3154 3410
2 3991
3 1828 3858
1 3039
2 1090
3 4134 4250
3 3134 4849
2 1282
2 2654
3 1217 4694
1 4445
1 105
3 27 2784
3 556 4490
3 3511 4556
2 263
1 4517
1 3205
3 1446 4852
3 1945 2529
3 280 3419
2 505
1 4834
3 1195 2225
1 2138
2 1207
3 3921 4849
1 2997
1 1935
2 4315
1 4965
1 1815
2 4476
1 911
3 2961 3167
2 3831
2 3250
3 2244 3163
1 911
3 3675 4544
2 671
3 930 3782
3 4062 4712
2 2035
1 4747
3 737 4281
3 2686 3311
2 3099
1 4155
2 3299
2 140
3 4362 4756
1 4920
3 1197 1390
3 670 4230
2 3937
2 4468
1 1729
2 3106
2 4961
3 3788 4443
1 4501
2 4837
3 3936 4562
1 3080
1 226
3 2452 4176
2 1804
1 3396
3 2331 4114
3 3846 4055
3 2466 3722
1 1182
1 4135
3 139 467
1 3957
3 947 2912
1 31
3 4422 4448
3 914 2531
2 4027
1 4021
2 2992
1 664
3 1778 2046
2 1895
3 3425 4649
1 4860
3 4957 4970
2 4556
1 2047
1 2045
2 641
2 36
3 1649 3899
2 712
3 1527 4160
3 348 1942
3 4486 4569
3 3616 4878
2 4922
1 4812
2 1647
1 615
3 2793 3577
1 3301
1 1066
3 11 3363
1 2869
3 1064 2257
2 2475
2 3759
1 2672
3 3557 3891
3 848 4665
1 393
2 1121
1 3576
1 4202
1 1820
2 845
3 645 2208
1 1148
1 183
2 4502
1 4395
3 3425 3698
2 2041
3 222 4604
1 1289
3 536 4585
3 2258 2978
2 3324
3 353 2580
3 3352 4705
3 592 4012
1 4817
3 2376 2573
1 2547
3 4453 4858
3 1049 1422
1 3520
1 1882
2 3588
2 2912
3 3160 3515
1 95
1 2152
1 4091
3 1405 2794
2 1589
1 349
2 4403
3 4721 4891
1 4790
3 4091 4343
2 4295
3 559 4513
1 3806
3 3492 3904
3 557 4823
2 2946
3 838 2362
1 3539
2 2580
2 2742
3 1958 2400
3 2385 4049
3 463 1309
2 2737
1 4125
3 249 1735
2 1248
2 666
3 1150 1159
3 1241 4504
3 2695 2843
3 427 2871
2 1184
1 1312
1 268
3 1021 2725
3 4036 4901
3 3120 4421
1 4137
3 4243 4727
1 526
2 728
3 2668 3010
1 2398
3 1639 3177
1 4163
1 1788
1 3173
2 39
2 1811
1 1884
3 1368 2450
1 2220
1 3534
3 702 795
2 4044
3 1281 2548
1 1139
1 3705
2 3151
3 2700 4680
1 1178
3 1472 3628
3 2245 3162
2 3125
2 1353
1 3662
3 2316 4705
1 4454
1 3343
2 3353
3 2007 4281
3 4575 4819
2 2305
3 4278 4711
3 3422 4998
1 2573
3 3175 3806
3 1968 3799
1 2012
1 3081
1 1864
3 3779 4755
3 4798 4947
3 2804 4730
3 531 1237
3 1246 4926
3 3302 3798
3 381 3620
3 4228 4769
3 1573 3464
3 2245 3430
1 3691
2 3356
2 2997
2 2836
1 815
1 214
3 483 2049
3 2561 4631
2 649
1 4823
1 1961
2 3619
3 794 1174
2 1441
2 3660
1 71
2 2110
3 4433 4549
3 1476 3774
1 4263
1 637
1 940
2 3014
2 3802
3 4487 4738
2 4591
2 4084
1 2274
2 3792
3 4531 4937
1 2628
1 4543
1 3757
1 3662
2 2511
2 4675
3 4970 4972
1 3219
2 4502
1 3558
1 7
3 3481 4768
2 4827
3 825 4829
3 1138 1968
2 1879
3 4187 4845
1 3425
3 954 2845
3 4881 4979
2 4357
3 3338 3541
1 4871
3 1574 2786
3 2393 2719
2 1109
3 3072 4634
3 1778 4077
3 2345 3727
3 3431 4954
2 3279
1 2193
2 2517
2 2316
1 103
2 733
3 2221 3992
3 4823 4987
1 2614
1 3113
2 915
3 1390 2523
3 2530 3513
1 1413
3 4311 4829
3 3247 3334
2 1046
2 4696
3 3807 4992
2 1070
3 4056 4166
1 1122
3 3499 3555
1 970
3 824 2563
1 1457
3 46 597
2 1276
2 2527
2 1137
1 4433
2 525
3 194 2134
2 3452
2 3629
3 4834 4955
3 4508 4797
2 1972
2 4076
3 3750 3857
3 1638 2750
2 1637
2 4737
1 4490
3 4409 4834
2 909
2 4507
3 135 2566
1 2454
3 4145 4307
2 4065
1 587
3 841 1536
1 1669
1 1474
2 3429
3 4376 4534
3 1832 4888
2 3393
3 3197 3301
1 3479
2 4609
1 2237
2 1371
3 3040 3771
1 2426
2 2488
1 2811
1 1879
2 1084
1 184
1 3681
1 992
3 809 3642
3 4119 4689
3 4478 4897
1 2980
2 4120
2 1134
2 2258
1 1808
2 2914
3 2236 2383
3 1891 3134
1 2025
1 1779
2 2980
2 1749
2 3614
3 2988 3391
2 4581
3 1804 3066
1 633
3 3251 4771
2 185
3 1070 1946
1 3319
1 2717
2 1296
1 2803
1 13
2 165
2 1156
1 3353
1 2820
3 908 3572
1 550
2 829
3 554 2878
3 581 974
2 3654
2 2982
2 2028
2 549
2 3149
1 4510
1 4159
2 2829
3 2506 4854
2 2395
1 2187
1 1756
2 2072
1 3119
1 2573
3 1724 4007
1 2021
1 1254
2 41
1 3232
1 398
2 4232
2 495
1 1364
2 1583
3 2999 4162
2 4016
1 2455
1 2516
2 1223
1 4291
1 4519
1 1949
2 2010
3 3453 4089
1 285
1 1119
2 4576
2 2190
2 46
1 2524
3 4960 4989
2 3425
1 540
3 4415 4793
2 2054
3 2432 3563
3 1325 2470
3 834 929
2 577
3 2144 3000
1 2573
1 1426
3 1716 2619
1 728
2 550
2 1935
1 4668
2 1886
3 2274 4485
3 677 705
1 4340
2 600
2 1207
3 1609 2039
1 1150
3 2988 3265
2 1685
3 358 1404
1 2161
2 4866
2 567
2 4917
3 602 2898
3 2 3011
3 636 1849
2 2718
2 3542
2 3120
1 3858
1 781
2 268
2 1934
3 667 1539
3 260 1948
1 960
2 997
3 3870 4248
2 3289
3 668 1650
3 4096 4472
3 1594 4240
3 4012 4460
1 3602
1 114
3 3137 4924
2 2666
1 4165
1 2306
2 2177
1 1307
3 34 3418
3 1630 4015
1 142
1 3466
2 2841
3 4015 4492
3 2821 3377
3 913 4261
1 536
1 567
1 2533
1 3724
2 1116
2 579
1 95
2 3259
3 1041 2255
1 3711
2 1840
3 1552 4778
3 2454 4608
2 4153
3 1624 3037
3 2007 4329
1 280
1 2156
1 4491
1 160
1 280
3 4607 4734
3 1056 1225
1 4581
2 4481
3 1946 4290
1 3511
1 617
3 2845 3587
3 3571 4850
1 3227
2 1752
1 4059
3 3142 3179
1 2941
3 4118 4383
1 3233
3 1199 1533
3 3788 4249
2 3258
1 1503
3 591 2328
1 4884
1 930
3 3925 4432
3 837 3128
3 4036 4493
3 4128 4972
3 4457 4953
2 4565
2 4350
1 3195
1 675
2 2744
2 52
1 81
2 2043
1 4886
3 2585 3298
1 3155
2 405
3 853 4603
3 3733 3843
1 2680
1 1926
2 4621
3 1430 2033
3 441 2227
3 2935 3076
2 1988
3 3068 3069
3 3732 4985
2 4964
1 3702
3 2365 4662
1 3482
3 3455 4998
2 1517
3 3099 3178
2 141
3 281 895
1 4269
1 2790
1 1716
2 1511
1 4434
2 142
3 472 2584
1 1986
2 996
2 2195
1 1905
2 2186
2 3318
3 3992 4188
2 4948
2 3014
1 2728
2 4256
3 256 763
2 286
1 271
1 1766
3 991 4108
1 484
3 888 4595
3 4277 4767
3 1169 2316
1 247
1 548
1 4376
1 1082
3 3969 4961
1 3520
1 4105
1 3512
2 2499
1 1118
1 1397
3 676 1793
3 880 1419
1 300
2 2276
2 2718
2 580
2 4128
1 334
3 3654 4610
3 3233 3974
3 3173 3604
2 3488
1 4041
2 2765
2 707
2 2430
1 2574
3 1471 3839
2 4262
3 3566 3924
2 3601
1 3382
2 3813
3 595 2883
1 1428
2 3907
1 3809
2 3488
2 4703
3 3814 4616
3 3727 4856
1 945
1 131
2 279
3 1546 2302
2 2189
3 2622 4724
1 3223
3 3943 4387
2 3928
3 575 2174
3 4342 4515
3 4244 4574
3 1028 2003
1 2220
2 4600
2 1266
2 2978
1 1608
3 588 4395
2 3803
3 4812 4920
3 3475 4095
1 4006
2 3555
3 4380 4718
3 4868 4875
1 1597
1 3345
1 1259
3 1817 3724
1 3351
3 391 4981
2 2872
3 1884 3721
1 1932
1 3796
3 2939 4913
3 3742 4073
3 4159 4686
3 161 3990
1 1473
3 678 4273
3 1729 2228
3 1902 2989
2 2036
3 176 1802
2 2114
1 542
2 426
2 4096
3 570 3130
3 2447 3500
3 4123 4552
2 4924
1 3065
2 3789
3 827 2367
1 2243
3 77 452
1 80
3 1977 2044
3 2299 3099
3 2970 4526
2 1153
3 3093 3995
2 2725
2 1615
3 2121 2961
2 4345
3 3768 4576
2 3210
3 1154 4897
1 1271
3 3331 3812
2 228
3 4738 4912
1 4202
1 3194
1 1808
3 3263 4072
2 677
3 1753 3151
3 1202 4944
1 2808
3 855 2228
3 4318 4800
1 4615
3 2885 3608
1 3375
3 1838 2014
2 4618
1 3332
1 2147
3 360 4523
2 4338
1 2553
1 2610
2 3932
2 1846
1 2713
1 4030
3 2440 3519
3 287 990
1 2160
1 3023
2 3647
1 1279
1 3082
1 1610
3 1103 1755
1 1708
1 3211
2 2509
2 1544
3 4846 4875
3 2199 3571
2 752
2 4716
1 2372
2 1642
1 1397
3 2448 3036
3 2711 2969
1 1476
1 2649
3 4107 4372
2 2875
3 1604 2330
3 798 1864
2 2972
3 1284 1363
2 4726
1 634
2 4947
2 1089
2 1437
2 258
3 4012 4776
3 3005 3862
2 3911
3 3466 4161
3 1853 1876
3 31 1669
1 1580
3 3884 4352
2 1255
1 864
1 93
3 3185 3690
3 632 1323
1 2481
2 4409
1 146
2 394
3 829 4218
3 4428 4914
1 2996
1 510
3 248 4749
3 3011 3404
1 115
2 4317
3 810 2484
3 3338 4661
1 3379
1 2760
3 1627 3973
3 4661 4676
2 2141
1 958
3 4753 4834
1 2369
1 273
2 4947
3 2429 4130
2 4236
2 2422
3 2883 4259
1 1090
1 2388
3 3296 3599
1 38
1 4283
2 1300
1 3426
2 555
3 4589 4821
1 3097
3 3183 4409
2 3513
1 4770
3 3793 4205
1 3064
2 4379
3 4494 4537
1 4907
2 2534
1 4871
1 387
1 24
2 4279
3 142 3372
3 414 3703
3 3667 4667
2 4819
1 2098
1 4563
2 3096
2 3947
2 2211
3 687 1647
3 3650 4281
2 4998
1 4887
2 2070
2 2416
3 3870 4644
2 1964
2 4905
1 4388
3 4527 4669
1 2983
1 1975
2 3110
3 1901 4592
1 4599
1 1410
3 3770 4184
1 4085
3 1098 4146
2 3931
2 2898
2 1100
3 3497 4293
1 3823
2 2689
1 1318
1 1769
3 286 2364
3 1531 2202
2 4780
1 1447
3 117 625
2 4155
3 3311 4063
1 3480
3 885 3775
2 3559
2 1279
1 4139
2 2655
3 4566 4782
3 1184 2436
3 575 3684
2 515
1 903
3 4010 4996
2 1673
2 280
3 1669 4949
2 4644
2 785
2 2679
3 3362 4313
2 3203
3 4828 4889
1 2955
2 1623
1 1941
3 3556 3645
1 3789
2 4838
3 2737 4989
1 1536
2 4990
2 3356
2 1398
3 4499 4740
3 4976 4981
2 2127
2 717
1 4676
3 3208 3762
2 869
1 3673
1 3445
1 2074
3 2229 4798
3 4606 4986
2 507
1 2713
1 2899
2 3877
3 1936 2755
1 2753
2 423
1 1210
2 4056
2 388
1 76
1 1361
1 4998
1 4207
2 2796
1 3769
3 4112 4627
1 4626
1 4430
2 3917
2 1769
3 3966 4927
2 941
1 4533
3 2775 4954
2 370
3 3877 4460
1 3160
1 4640
2 821
2 3770
2 3932
3 4728 4955
1 4595
1 1939
3 1217 2639
2 4941
3 3224 4182
1 4308
3 2965 3653
2 138
3 1924 2390
1 398
1 838
1 2896
3 3006 3973
2 1600
2 684
2 4834
3 950 4077
2 2044
3 2785 3347
1 4569
2 4659
2 3600
1 4309
3 3145 3823
2 4436
3 3315 4319
2 1798
1 4598
3 472 1642
2 2582
1 4283
2 149
3 610 2575
1 3963
1 268
3 3654 4993
2 980
1 4510
3 3775 4938
1 2209
2 3085
2 3513
3 2553 3511
2 4904
2 1021
1 2296
3 2614 4311
3 1605 3493
3 3935 4206
3 1473 4522
3 3588 4833
1 4609
3 2356 4670
2 3567
1 3257
1 2790
3 3898 4081
3 3679 4403
2 2283
2 2703
1 1294
3 2303 4737
1 585
2 793
2 3786
3 1653 3688
2 802
2 3823
2 3362
3 732 1583
1 1022
3 4212 4631
2 4372
1 1380
1 4906
2 955
3 4161 4790
2 2571
2 1441
3 2515 4069
3 94 3791
3 3674 4521
1 1113
1 782
2 2200
1 1421
2 3693
3 2089 3969
3 4778 4976
2 3259
1 2634
2 2606
3 2688 2787
2 4359
3 3260 4722
2 1843
2 4238
3 1498 3393
1 4108
3 181 3953
3 4410 4487
1 1246
3 783 2613
2 2331
3 2692 3965
2 1108
3 3843 4018
2 2399
3 3045 3653
3 481 3469
1 367
3 1173 3118
1 4949
3 3468 3926
3 4413 4669
3 2351 3995
1 2680
2 4737
1 175
3 1030 3689
2 1225
1 3937
2 3960
1 852
1 3455
1 74
3 13 4841
2 3513
2 2481
3 3478 4940
1 1030
1 246
3 3148 4606
2 4198
2 967
1 898
2 3334
1 4692
3 638 3613
2 2410
3 320 1000
2 2164
3 3211 3693
3 312 2477
1 4668
2 4295
1 4112
3 3740 3774
2 4653
2 517
1 406
3 2473 4390
2 1318
3 3869 4523
3 3329 3591
3 3422 4947
1 4843
1 319
3 933 1086
1 3972
1 736
2 123
3 2292 4330
1 3799
3 459 3893
2 2719
3 1368 1459
3 221 4783
1 2124
3 1343 1862
3 3722 4155
3 79 2650
3 187 4681
1 336
2 221
3 4262 4495
1 2687
2 913
3 1898 3106
1 2763
1 711
3 4150 4945
2 1736
2 3568
3 3439 4530
2 210
2 334
3 3242 4746
1 1504
2 3637
2 2051
1 2158
3 2501 3056
1 1101
3 4558 4644
2 3161
3 2653 3492
3 1786 4217
2 259
2 4902
2 2329
1 2820
2 1392
3 1895 4369
3 2362 3464
3 531 4967
1 4638
2 4792
2 3171
2 661
2 4006
1 2056
2 2909
1 1561
2 2426
2 3627
1 2760
1 3926
2 4963
3 2865 4159
3 1394 3291
1 4629
3 1621 4456
2 4397
3 755 886
3 4049 4600
1 2366
3 4991 4995
3 3178 3698
2 3434
3 4017 4229
3 1523 2559
1 4709
3 741 1578
3 2330 4935
1 2800
2 95
2 2964
2 3943
1 3882
3 1559 1631
3 2079 3019
3 4808 4993
3 4503 4823
2 3435
3 2378 3939
1 701
1 3027
1 3813
3 839 3875
3 2012 2081
3 1318 3663
2 1116
1 434
3 3355 4932
1 2289
1 4329
2 622
1 1773
2 4416
2 921
1 3791
2 4179
3 1552 2923
2 4198
3 2632 3448
1 1358
1 4361
2 3743
3 2618 4751
3 1735 2019
1 1307
3 994 2123
3 2579 4827
2 4321
2 249
2 1770
2 1720
1 3798
3 1343 2964
2 459
3 4097 4402
3 38 379
3 2665 2890
3 3387 4327
3 1982 4400
1 2375
3 4310 4594
1 4995
2 1083
2 3061
2 4282
3 1647 3498
2 52
1 3661
3 4700 4888
3 4712 4922
1 2914
1 4874
3 40 4284
3 3806 3932
3 1889 2830
3 3710 3916
2 324
3 1318 2371
1 135
1 669
3 2697 4750
1 2488
1 314
2 2952
2 1044
1 2114
2 1933
3 2871 3954
2 960
3 609 4832
3 4375 4501
3 961 2398
2 1076
2 2919
1 2591
2 2984
2 299
2 1091
3 56 186
1 235
1 403
3 1248 2250
2 2322
2 237
1 713
1 3706
2 4941
2 4488
2 3671
2 4295
2 2206
2 309
1 3697
3 1244 2171
2 1172
2 2296
3 3228 3936
1 4016
3 87 2745
3 437 3491
1 2621
2 3024
1 4483
3 1439 3197
3 4132 4366
1 4886
1 1492
1 2340
2 117
3 3133 4291
2 796
2 914
3 4042 4420
3 3151 4825
2 3564
3 443 2979
3 1718 3828
2 931
3 2543 3491
3 3927 4647
1 505
1 1576
3 4473 4793
2 3406
2 2980
3 1235 1993
2 2767
3 4417 4734
1 1332
1 1916
1 4201
1 3687
2 3358
3 3619 4787
2 2256
1 1304
3 2322 3489
2 3334
2 397
2 3692
3 217 601
2 318
1 2145
3 4020 4214
2 1289
1 369
3 1123 4744
3 2327 4632
2 4881
2 4607
1 311
2 1789
1 57
2 3578
1 3932
3 310 1669
2 3089
1 3783
2 2005
3 3597 4354
1 2854
1 953
3 4105 4220
1 3121
2 2006
2 4053
3 4173 4821
1 3477
2 2465
1 3433
2 2633
1 1881
3 4412 4578
3 1890 2755
1 2689
1 1902
1 3245
2 4754
2 318
2 4074
2 3841
3 1605 3750
1 77
2 2786
1 4828
1 143
1 3211
3 2209 2721
2 2707
1 1304
2 467
3 271 4429
3 4789 4895
1 3114
2 1078
3 3623 4130
2 4479
1 1675
2 3794
1 653
2 1828
2 2959
3 1231 1520
2 1593
1 1643
1 3622
1 1996
2 2634
3 1079 3191
1 595
3 390 4565
3 2911 3955
1 4968
1 1286
1 1694
2 4719
3 4336 4517
2 1980
1 2236
3 1586 2190
1 1167
1 4350
1 188
1 1817
1 3381
1 1390
3 4784 4967
3 2063 4709
3 1036 1480
1 443
1 931
1 3086
3 700 3653
1 3218
2 3377
1 1134
3 713 2759
1 1946
2 3026
3 1547 4100
3 4846 4885
2 2335
3 2051 4210
1 1636
2 3277
2 3805
3 4038 4660
1 986
1 311
3 805 2485
2 2109
3 1263 2534
3 1934 3310
2 1010
1 4288
3 4620 4972
1 1242
2 21
1 4463
1 4354
3 3328 4879
2 4037
1 4953
3 3934 4281
3 2850 3015
1 4031
3 2234 2258
1 2173
2 3821
3 3148 4574
3 1678 2059
2 82
3 2887 4444
1 3425
3 4366 4983
3 4747 4975
2 4160
1 955
1 1354
3 71 1055
1 4558
3 1958 4331
1 204
1 4950
3 2198 4475
1 4220
2 2035
2 2182
1 3097
2 4382
2 4771
2 4822
2 1162
3 298 4556
1 1207
1 2522
3 1001 2095
2 2726
1 1245
2 4984
2 1186
3 60 2136
3 2535 2790
1 1823
1 2687
2 1422
1 2123
3 1495 2410
3 3305 4874
3 4911 4945
3 2117 4394
2 1264
2 1022
1 4322
2 4937
2 3112
3 2897 4205
2 1442
1 4521
3 4024 4886
3 1769 2123
2 2976
3 1357 4610
1 1234
1 3734
1 3387
1 3956
1 4621
1 3010
3 4464 4863
3 1718 1895
2 1518
1 2992
3 2429 4838
3 2648 3678
2 274
1 138
1 3465
1 1944
1 3562
3 2135 2599
2 4330
3 907 3553
2 2290
3 3970 4865
3 941 2076
3 940 4787
3 1494 4152
1 1921
2 4779
3 2500 4657
3 3834 4229
3 4263 4285
1 861
2 4246
2 1773
3 2579 4907
1 4033
3 1827 2270
3 1300 4053
1 214
1 2634
3 2344 4787
2 4247
3 3483 4872
3 4565 4734
1 3075
3 4006 4448
1 3654
2 1769
2 2842
1 4451
3 1956 4467
2 2278
3 3500 4084
2 1132
1 3706
1 349
2 973
2 2176
3 2773 3157
2 3844
2 2104
2 2766
2 2320
2 4981
2 4045
3 2265 3937
1 1163
2 3440
2 1060
1 4854
1 2945
2 958
1 1161
3 832 1354
1 954
2 2997
3 3015 4315
3 3616 4254
2 2019
1 2676
3 341 2038
1 265
2 4411
3 689 1679
3 4679 4819
2 4354
3 2190 4716
2 719
1 1501
1 4163
3 3922 4069
1 3881
2 1376
2 1109
2 1573
1 4674
3 1786 2020
3 1188 3954
2 394
3 4195 4317
3 4109 4290
1 83
2 4576
3 248 4310
2 356
2 1728
3 4589 4895
2 2993
2 2152
3 1761 2210
2 1936
2 3296
3 2550 4881
3 3359 4103
1 2412
1 3096
1 185
1 1378
3 2393 3019
3 1783 4757
1 4126
1 1521
3 3705 4888
1 1658
1 749
1 3864
2 3640
2 2255
2 1327
1 4608
1 4137
2 4129
1 4768
2 2804
3 2318 4486
2 4141
3 3650 4722
2 3551
3 1257 4532
3 4572 4828
2 1109
2 3698
2 4173
3 3615 3949
1 3631
2 67
1 3803
3 4980 4982
1 4122
2 2945
1 1776
1 2706
3 2284 4701
3 3137 3563
1 4036
1 800
2 4394
2 1498
1 1640
3 1379 1744
2 3248
2 1888
1 3735
3 2835 4624
2 3169
1 3399
2 757
2 125
1 4932
2 2230
2 2075
1 3072
3 304 1348
1 3086
3 4371 4809
3 3003 3316
3 3784 4521
3 941 2927
2 2272
2 775
3 4335 4361
2 4324
3 2436 2918
1 3192
2 3886
2 1115
2 3612
2 2159
3 2595 4497
3 433 3031
3 4862 4877
2 1817
2 4095
3 1151 2587
3 2302 3814
1 2082
1 756
1 1701
3 1183 4778
3 4514 4872
3 463 3892
3 2962 3671
3 4325 4491
2 2109
3 248 4015
1 4705
3 4254 4776
3 3127 3636
3 2188 3459
2 951
1 163
3 894 2648
3 4086 4738
1 63
2 3322
1 936
2 2395
3 1178 2710
1 3498
3 3665 4249
1 483
2 3766
2 1925
2 786
3 2069 4425
1 1581
3 1481 1555
1 2169
2 4402
2 358
1 1149
3 306 2577
3 4733 4789
3 4963 4987
2 3720
3 3907 4002
3 3880 4671
3 3664 4475
2 3777
3 3287 3418
1 2615
3 4438 4473
3 1444 4583
1 2802
2 2314
3 3583 4409
2 3342
1 3613
2 3680
3 2899 4578
3 2899 4813
2 2996
1 2912
3 1511 4136
1 2141
2 3203
3 1069 1595
3 2769 3735
1 1840
1 236
1 4020
1 3543
3 1237 4353
2 4004
2 190
1 3334
1 1805
3 427 3964
3 3272 4138
3 4851 4913
1 2859
1 3660
3 1671 3472
3 338 2705
2 550
3 3327 3436
3 1589 4959
3 3170 3427
1 2355
1 432
2 2362
1 3603
1 2292
1 3773
3 4080 4097
1 2594
1 620
3 1361 4494
3 1278 3822
2 3747
3 2400 3830
2 2526
2 69
2 2773
3 2461 3140
2 4658
1 4322
3 4232 4477
2 2702
2 4649
1 3131
2 745
1 2495
1 4378
3 2107 4776
3 3290 3501
1 2702
1 1890
3 2870 4381
3 4894 4949
2 3086
1 1930
1 1462
3 2157 2309
3 43 62
2 2212
2 1512
2 4036
1 4104
3 1658 3223
3 1073 4241
2 4722
1 241
3 4244 4855
2 3694
2 4733
1 620
1 4829
2 4350
1 4455
1 3160
2 1344
3 2013 4752
2 848
3 2577 3396
1 951
2 2559
2 2394
2 1760
3 4117 4927
1 873
1 1881
3 2790 3178
1 3517
2 2342
2 1587
3 3351 4740
2 208
1 2063
3 2956 4447
2 1077
1 4174
2 4137
1 288
1 2813
3 1889 4315
2 1876
2 2059
2 4767
1 2801
3 1817 3433
3 2500 2590
1 3501
1 2079
3 2750 2975
3 2925 4726
2 1103
1 872
2 3835
1 621
2 1031
2 4297
2 51
3 3995 4694
2 1557
1 3271
3 1969 3816
1 4986
2 3269
3 581 764
1 1713
2 3188
3 3183 4734
2 46
2 1136
3 2573 4885
1 4505
2 4775
1 2228
1 3877
3 2850 3452
2 1889
1 3980
1 1474
2 324
3 480 4514
2 2168
1 280
1 2044
2 4451
2 178
1 4905
1 1600
3 4419 4453
1 2136
2 684
2 4630
2 1157
3 1185 4141
2 595
1 91
2 189
2 235
3 483 1406
2 3786
2 693
2 4651
3 672 3797
3 3566 4693
2 3532
1 1113
1 2932
2 115
2 701
2 3571
1 2319
2 3592
2 1946
2 985
3 1452 2806
2 4207
1 3060
2 2497
3 3392 4176
2 4838
1 4686
3 1251 2252
1 3653
2 2200
3 2382 2992
2 4570
2 896
2 3695
1 4881
1 4160
3 3592 4666
2 1396
2 3923
3 41 1267
2 211
2 1543
2 2406
1 4634
2 2001
3 4207 4913
2 4200
1 1302
1 603
1 2430
1 871
2 3367
2 1302
1 4204
1 658
3 1307 4099
2 693
3 478 1753
1 465
2 1291
1 753
2 168
1 2234
1 3398
3 3399 3590
1 3788
3 698 2977
1 2569
1 2069
1 1566
1 2022
3 951 3306
1 4686
1 1642
3 4891 4914
3 1890 3855
1 3868
2 1373
3 3720 4433
3 2449 3960
1 2453
1 1744
2 3954
3 2822 4179
2 1544
2 3536
3 2484 4901
3 4076 4710
3 542 973
2 1138
2 1086
1 4216
3 576 3801
1 3424
3 2662 2876
3 3962 4781
1 1598
3 2510 3366
3 3802 4083
1 3319
2 2278
1 2404
1 41
2 4931
1 4846
2 1062
2 1739
2 3327
2 1248
3 1167 2807
3 3308 4101
2 4366
1 2268
2 437
3 2467 3872
3 2849 3051
2 3730
1 1744
1 2467
1 139
3 1144 4281
1 1911
3 617 1153
2 3158
3 3964 4978
3 2416 4264
3 1078 3273
2 410
1 3873
1 2367
3 3450 3946
2 631
1 3626
3 3190 3736
2 4303
2 3996
2 1225
1 1370
1 4936
2 28
3 3314 3891
2 1198
1 1183
2 4682
3 3849 4045
3 3977 4693
2 1007
3 2277 3997
1 218
1 2634
1 4114
3 1094 3752
3 2888 4358
2 2458
2 659
3 2787 3779
1 2933
3 3068 3634
2 558
1 3477
3 4525 4977
2 4997
1 4987
3 4052 4153
1 3115
3 774 2337
3 3781 4698
1 3152
3 4137 4792
1 1650
1 3527
2 983
1 429
1 1292
3 2932 4951
3 3068 3305
3 1755 4302
1 377
2 699
3 793 3189
3 1964 2149
1 4135
3 1474 3919
1 382
1 2604
1 3656
2 4153
1 4257
1 2748
2 1367
1 240
3 2033 4259
2 4893
1 2349
1 2942
2 717
1 826
2 425
1 3709
3 925 3852
2 4303
1 2602
1 3733
1 4590
2 4795
2 4429
2 1982
1 3395
2 2977
1 2757
3 1621 4715
2 587
1 3495
3 1322 4877
