5000 5000
3 2671 3552
2 962
1 4406
3 4471 4547
3 3739 4018
2 4797
3 3155 4065
1 2300
1 1664
3 2968 3546
3 2672 2762
2 2296
2 2578
2 391
3 1137 1526
3 2349 3737
1 774
3 1513 2551
2 3482
3 614 1964
1 1606
1 4108
1 3001
2 2003
2 3176
2 3063
3 3981 4714
2 2062
3 2883 3407
3 3247 4997
1 2247
3 693 4690
1 2085
2 4769
3 1675 2724
1 1274
1 4285
1 4451
3 542 4309
3 1612 2147
1 272
3 4506 4781
1 3603
3 2107 4786
2 186
2 4715
2 3562
3 975 1899
3 3454 3829
1 1891
3 1021 4022
2 2287
3 3920 4792
1 1919
1 510
3 3262 3462
2 4848
1 4139
3 1560 4687
3 1682 4576
1 4478
1 4963
1 680
1 4757
3 1471 4389
1 4943
2 1399
3 4076 4526
2 226
2 325
1 1877
1 4465
2 3711
1 2277
3 1277 2117
1 4946
1 2589
2 4170
2 394
2 179
1 3148
3 1714 1803
1 4408
1 4282
3 4376 4706
2 3950
1 1364
2 1422
3 2287 4639
3 284 1567
1 2301
2 183
2 664
3 3030 3579
3 1930 3379
2 1096
2 1812
1 2303
1 1996
2 4161
3 1737 4641
3 2152 2489
1 350
2 1068
1 370
2 825
1 1571
2 4984
2 615
1 3206
1 1058
3 2745 3846
2 174
3 794 1228
3 741 2459
1 2337
2 3798
3 3636 3846
3 1832 4682
3 3661 4305
3 4999 5000
3 340 3059
1 222
2 3029
2 4174
2 4092
1 4553
1 1245
3 2046 2959
3 1633 3357
3 2887 3530
2 3632
3 2084 4949
1 1762
3 1769 2015
2 2338
1 761
2 3785
1 55
3 3649 3754
3 2642 3725
2 3639
3 2945 4458
1 3711
2 647
1 2310
3 4458 4690
1 1339
1 1229
1 4777
3 3468 4964
3 4399 4701
3 2224 3153
3 2788 4049
1 3645
2 2500
3 4852 4867
2 3073
1 3107
3 1661 2377
1 3732
1 807
1 4452
3 622 4361
3 4401 4576
3 2659 3114
1 3294
3 4200 4657
3 593 2105
3 655 2797
1 4398
3 4511 4681
2 3093
3 4426 4846
2 4348
3 3178 4221
1 3175
3 2458 4259
3 4036 4045
1 4440
2 3812
3 4623 4636
1 4206
1 4110
3 3651 3983
3 3490 3663
3 975 1326
2 3342
1 4237
1 3419
2 1810
1 917
1 1414
2 3187
3 375 3675
2 2819
2 3001
3 3816 4010
2 3482
2 2116
3 2706 2934
3 767 1271
1 2370
3 3612 3684
3 1491 4541
2 760
3 4146 4824
3 3193 4975
1 4723
1 4403
2 4280
2 4112
2 2030
1 55
2 169
1 2126
2 4045
1 3378
2 1038
3 2446 4615
3 1164 4357
1 3221
1 427
3 1369 3128
1 1489
1 1463
1 3760
2 2763
3 4932 4980
2 823
3 3826 4003
3 4433 4819
2 1759
3 487 1361
2 2289
3 4506 4634
2 1950
3 4555 4661
3 2093 4395
3 4536 4963
3 4568 4932
2 433
1 26
1 561
1 1501
3 932 2842
2 3739
3 1598 3942
2 4111
2 4422
2 2847
1 2475
2 974
3 396 1398
3 4613 4855
2 4898
3 4575 4752
2 1408
1 1581
2 4804
1 4737
1 4289
1 1803
2 677
3 1300 2379
2 2129
2 1509
1 702
1 2725
1 4989
1 1252
1 3917
3 1475 3412
2 4019
2 4956
3 766 2732
1 4578
3 1102 3262
3 847 1738
1 3044
1 1312
2 214
2 2880
3 2073 4132
2 4974
3 1017 2782
1 1231
1 4575
1 566
2 4057
1 2644
2 3349
2 3349
1 3369
3 2246 3026
2 1718
3 56 1532
3 1934 3578
3 366 1205
1 684
1 3947
1 3897
2 4116
3 864 1889
2 2129
1 2732
1 4059
2 4125
1 4106
2 4040
3 2027 2989
1 1228
1 4640
1 1622
3 1199 3306
3 1612 2090
1 464
1 1411
1 4802
1 162
1 15
1 3009
2 2455
3 3961 4485
1 2759
1 233
1 4285
3 4456 4644
3 2512 2614
1 1156
1 1131
1 1430
3 3960 4326
2 1444
3 4762 4947
2 466
3 4753 4868
3 678 4217
2 3378
1 54
2 4516
3 4233 4295
1 2653
2 351
1 1218
2 1509
3 1700 3569
2 3524
1 2665
3 4257 4775
2 4784
3 4093 4794
3 2405 4417
1 1002
3 1285 4769
2 873
2 2939
3 2550 2580
3 4744 4945
1 4835
2 1618
3 2154 2332
1 608
3 316 4090
1 433
3 343 4669
3 4688 4809
2 636
3 1490 2338
3 2637 3727
2 1431
2 2401
3 1033 2356
1 494
2 188
1 1934
3 2504 2899
2 2071
1 4028
2 2079
2 3831
3 1845 4484
3 1763 4450
3 516 1934
3 107 1044
1 3398
2 4661
1 3388
3 3581 3597
2 61
3 4601 4742
1 3302
2 2292
2 3015
1 1309
3 1635 3138
3 3356 3748
1 4388
1 4936
2 2729
2 107
1 2928
2 2173
2 1632
1 3703
2 4959
3 1217 1814
1 4287
3 4218 4454
2 2044
1 3120
1 72
2 2164
3 1169 1377
1 3819
2 3474
3 2948 4150
1 2798
1 703
2 2857
2 2342
1 2737
3 709 3344
3 2984 3726
2 176
1 4032
1 701
3 3309 4446
1 4049
2 2305
1 2186
3 39 4156
2 3798
2 3809
1 1552
3 4660 4939
2 2684
3 497 1635
2 604
1 2706
1 2986
3 71 3308
1 1557
3 2245 4561
1 1720
1 1081
2 2350
2 3391
1 2154
2 1489
1 1357
3 3337 4464
3 4086 4734
2 916
3 206 1322
3 3246 4452
1 49
3 918 4640
2 3765
3 4558 4805
2 3115
1 4702
2 2045
1 517
3 2891 3444
2 2809
2 4707
2 3824
3 3582 4835
2 2882
3 2287 2689
2 2526
1 4994
3 1756 2358
3 1457 4260
1 1276
3 4127 4824
2 2847
2 1893
2 2772
2 1510
3 3563 4676
1 2874
1 1880
2 1390
1 3746
1 2678
2 4481
3 496 4895
1 886
1 2039
3 1327 4752
3 2427 2831
2 225
3 2748 3030
2 4390
3 3843 4941
2 229
1 398
2 1364
1 1937
3 2832 4632
2 2631
1 2719
1 4036
2 463
3 3424 4898
1 1843
1 4568
1 4039
3 2740 4806
1 3080
3 511 807
1 858
3 4619 4811
3 3296 3667
2 859
3 2530 4810
3 3146 3785
1 1901
3 3742 4575
3 3667 4654
2 3883
3 788 2581
1 4040
2 3759
2 4872
3 1673 2858
2 4215
2 3484
2 1194
2 530
1 2098
1 3498
1 1473
1 2908
2 676
3 4004 4015
2 3452
3 2734 3400
1 3504
2 1737
2 3664
3 3094 4584
1 674
1 4261
1 4542
3 4572 4723
2 4514
1 794
2 1221
2 2627
3 740 2783
3 3429 4492
3 2635 3143
3 1567 2999
2 985
2 190
3 633 1226
1 1201
1 4461
1 1705
3 4266 4883
2 3236
1 1851
1 4336
1 185
1 4622
1 1630
1 4809
1 3050
2 3375
3 4268 4861
2 2607
3 27 2589
2 291
2 305
1 4971
3 3610 4377
2 1184
2 2985
2 4219
1 3754
3 1070 3394
3 411 538
1 4967
1 4294
3 405 3685
2 329
1 3422
2 1273
2 1943
1 617
3 4125 4521
1 1904
1 4803
2 3495
2 3773
3 2561 2986
3 4790 4903
3 4163 4864
1 2112
2 2134
1 1194
2 4352
3 4713 4749
2 4929
2 4844
2 3096
3 658 2330
2 1554
2 3084
3 4917 4954
3 1542 4672
3 3117 3676
1 1249
3 68 3397
3 1200 3383
1 3278
3 4336 4774
2 4436
3 2303 3538
1 3287
1 4161
2 4002
2 1074
1 2014
3 4882 4989
1 32
2 3882
1 3080
1 2092
1 780
1 2509
2 3776
2 3823
3 1577 4618
2 23
1 650
1 1022
2 695
2 257
1 1273
3 535 889
3 1998 2767
3 1912 3442
3 2791 4384
1 3261
2 4761
1 4603
1 495
3 1329 1663
2 2047
1 1265
2 2177
2 2512
3 1089 3371
3 1744 3086
3 7 1249
3 4646 4863
1 4737
2 660
2 4479
1 2146
2 3986
2 2099
3 4545 4686
3 2600 3851
1 1112
2 4257
2 4246
2 2010
1 3503
1 2999
2 2542
3 3966 4542
1 302
1 4044
3 1640 2917
3 4549 4592
1 811
3 4499 4722
2 3579
3 2644 4005
1 669
3 3919 4665
3 3880 4857
2 1928
2 2940
3 3409 3912
3 3456 4927
3 28 365
2 2154
3 2126 2265
2 4103
3 3723 4196
2 1695
2 84
1 748
2 1390
1 4559
1 342
2 991
3 1553 2653
3 3037 3193
2 1789
3 4909 4932
1 2819
2 1731
2 1371
2 4868
3 3734 4139
1 4999
1 2781
2 3968
2 1745
3 1349 4813
3 285 1404
1 4645
3 1985 3924
3 3855 4794
2 266
1 4215
1 4059
1 1141
1 4709
3 1998 4977
1 1726
2 4502
3 2897 3289
3 508 3317
1 3395
1 2459
1 4607
2 4980
1 4336
3 2453 3931
1 1031
1 2760
3 1813 3507
3 3002 4739
3 1180 4572
3 1262 4528
1 3129
2 188
2 593
1 3091
2 3198
3 2212 2560
3 3025 3494
2 2219
3 1224 4459
1 3005
1 2516
1 1200
1 3048
3 1627 2387
2 881
3 530 3338
2 1587
1 4470
2 3869
2 3216
1 2942
1 1946
3 2347 4589
1 2892
3 1493 4867
1 2390
3 93 3353
3 237 1050
2 4249
1 4407
2 3801
2 4949
1 50
2 3600
1 2241
3 298 2172
3 4335 4596
2 3504
2 3669
2 1458
1 3124
3 2957 3708
3 4030 4870
2 2514
2 2926
3 639 2412
2 243
3 2193 4600
3 1617 2148
1 2738
2 4429
1 1717
1 1980
1 917
2 3708
2 238
1 1218
3 4269 4401
3 3986 4603
3 3383 4590
3 3824 4712
3 3575 3852
2 4551
2 3776
3 1060 1577
3 3537 4313
1 1981
1 4020
3 2942 3852
1 4295
1 4930
1 1169
3 2012 3410
1 662
1 3627
2 4554
2 43
1 778
3 4520 4897
2 4830
3 2014 3217
3 4889 4981
1 4173
2 3500
2 4201
1 1894
1 1699
2 1242
1 1088
2 2794
1 2160
1 1704
1 891
2 4623
1 3478
2 4664
2 974
3 959 1157
2 3331
3 248 2847
3 1466 4374
3 4936 4964
3 3140 4126
3 3818 4140
1 4463
3 3549 4049
2 416
2 1651
3 1773 3033
1 4981
1 1118
1 1502
2 827
2 3253
1 882
1 1956
1 2517
1 1131
2 1835
3 1899 3430
1 1257
1 4069
3 1362 3326
2 738
1 4128
3 4623 4813
1 2288
3 3201 3976
2 2674
3 2849 3207
2 4960
3 2486 4960
2 3022
1 4526
3 2903 4207
2 1264
1 1918
3 3076 4047
2 3630
3 4005 4700
1 1600
1 3066
2 2613
1 732
3 713 1728
1 3108
3 1137 3017
2 3669
2 2503
1 4010
3 3443 4020
3 640 4059
2 4581
3 1904 3700
3 769 1625
1 3941
3 3878 4022
2 4476
3 3716 4310
3 2563 4161
2 3141
1 542
1 4632
1 2239
1 3074
2 4383
3 4443 4962
1 4241
2 3766
2 108
3 336 2958
3 2227 4849
3 4817 4970
3 2972 3408
1 4817
3 4829 4971
1 3250
2 1405
1 2713
3 3685 4914
2 2884
3 390 1241
1 1992
2 4175
2 2799
2 2811
3 1775 4482
3 3233 3973
1 3722
1 3832
1 3998
2 169
2 2850
1 1768
1 3823
3 4120 4328
3 1441 2485
1 1494
2 2700
3 2693 4160
3 1182 4427
3 4174 4248
2 2777
1 3148
3 3906 4484
2 3388
2 4706
2 1758
3 1924 2719
3 773 1676
3 4464 4632
1 1080
3 158 257
1 44
3 3044 3799
2 4837
2 203
2 1795
1 2849
3 2796 4591
2 3724
2 1511
2 838
1 783
2 2784
3 83 1831
1 4732
3 4798 4861
3 3246 3351
2 218
1 3472
3 4518 4785
1 4511
2 1567
1 2252
3 88 3510
3 3874 4880
2 4585
2 3161
2 3526
1 3736
1 3989
1 3587
3 688 1455
3 4744 4890
3 371 1593
3 2262 3615
3 1708 2280
3 3976 4673
2 3298
2 3186
2 759
2 1598
3 1270 2835
2 4337
3 3629 4921
3 2605 4764
1 2483
3 3814 3903
3 3198 3225
1 4198
3 2450 3768
3 77 4751
2 133
2 4505
2 2872
3 2282 3636
3 182 749
3 1058 3997
2 1703
3 97 2353
2 1078
2 148
1 4110
2 1251
1 1709
2 422
2 3479
2 1139
2 1375
3 1249 4065
2 3587
1 4191
1 1596
1 3121
2 1789
3 3356 4317
1 4263
2 685
1 849
3 2946 3023
3 3630 4005
1 22
2 3799
3 3674 4474
1 4630
2 4411
1 1299
2 844
2 4075
2 3261
3 2836 3735
2 3439
3 2702 3967
3 806 2872
3 412 3367
1 1985
2 4498
2 2179
2 92
3 3003 4858
1 848
1 661
1 1116
2 685
2 1734
3 4057 4908
2 1043
3 3145 4982
3 147 2598
1 4923
1 3808
1 256
2 632
3 2406 4076
1 3005
3 1344 4685
3 4354 4599
2 4948
2 461
3 1884 2278
2 2256
3 3125 4972
2 1283
2 1736
1 4899
3 3272 4590
2 4869
2 122
3 2572 3589
3 1843 2991
3 1091 2357
2 1608
1 1048
1 60
2 932
2 3148
3 744 3304
1 4455
3 2622 2992
1 414
2 3453
1 2659
1 4160
1 405
1 3576
3 1300 4609
3 2188 4211
2 1861
3 4972 4996
1 3250
2 419
1 3038
3 2673 4706
2 1010
2 1948
2 2107
3 2343 4695
3 3087 4146
2 457
3 1186 1572
2 914
2 4109
3 1899 4877
3 4141 4776
1 3197
3 3194 4931
2 1375
2 3124
2 1055
2 4680
2 405
2 1553
2 2784
2 3698
2 2711
1 1745
3 1629 3265
3 3046 3168
2 3892
3 199 2797
1 438
2 2874
3 1007 3223
2 1784
1 3081
2 2882
2 700
1 2265
3 1084 3243
1 2252
3 493 4059
1 2830
1 2931
3 4408 4909
3 2290 3920
2 19
2 2356
1 720
3 3572 4305
3 3748 4720
3 2365 4180
1 223
1 3230
2 3019
3 1212 2996
2 2863
3 93 1511
1 1067
2 3969
3 1417 2700
1 2886
1 800
3 875 996
2 349
1 41
2 3565
1 3523
3 162 1154
2 2980
3 3286 3996
1 2590
2 4889
3 3130 3139
3 1832 1888
1 3588
3 1985 3529
3 2563 3571
2 1027
3 3646 4819
2 3223
1 1837
2 904
2 2124
3 1166 4020
2 1577
1 450
2 4859
2 4255
2 2738
1 3113
3 3919 4998
3 1567 2242
1 1459
3 3735 4538
2 1718
3 37 1712
1 3071
2 1845
3 4613 4674
3 3666 3998
2 2100
3 2087 2121
3 2274 3292
1 2194
3 223 383
3 2635 4893
1 1187
3 1010 4556
2 3249
2 4234
2 746
1 946
3 4260 4895
2 2191
2 3126
3 3174 3719
1 265
2 4636
2 2559
2 70
2 3207
2 201
3 3869 4014
1 3762
1 2100
1 3562
3 360 454
2 931
1 396
2 929
2 2468
1 1524
1 2025
3 4332 4953
3 500 4400
1 3959
3 3406 3563
3 3549 4527
1 1653
1 989
3 2652 4081
3 1412 4305
3 4950 4952
1 2667
3 1233 3812
1 2259
2 4601
3 1346 2544
1 4922
1 2085
1 4358
2 490
1 2177
1 4918
2 3271
2 4479
1 3040
2 4196
3 238 4970
2 2566
1 642
2 122
3 1198 2671
2 4011
2 2463
2 99
1 3635
2 2842
3 1682 1881
1 2948
3 1004 2705
3 853 1045
1 3724
1 951
1 1701
2 1900
1 28
3 1352 4496
1 3024
3 1102 1975
3 4935 4944
3 2805 3698
3 4267 4764
3 3951 4536
2 2660
2 2125
2 2548
2 4912
3 4051 4161
1 2697
3 3955 4973
1 1540
3 1419 2228
1 4786
3 139 330
2 1882
1 1747
1 3377
3 917 4770
3 3291 3369
3 3096 3242
2 2950
2 370
2 3490
3 1177 2943
2 854
3 919 1971
1 4330
3 1236 4642
3 129 2497
2 2748
3 3701 4765
2 730
1 3750
3 4756 4806
2 4504
2 1166
1 3058
1 501
3 4459 4727
2 1965
2 3670
2 2030
3 2719 3005
3 3222 4826
3 1500 1915
2 3317
3 3789 4531
1 2571
3 4055 4589
1 3927
1 942
1 1402
1 1544
2 4605
2 4868
1 1183
1 3464
2 1349
1 1985
1 1173
1 3266
2 3649
3 4801 4983
2 4078
3 29 2303
3 4642 4978
3 437 3274
3 3636 4944
3 4061 4838
3 4034 4092
3 906 3160
2 2435
1 1417
1 2248
3 984 4387
3 4819 4845
1 2831
2 1249
3 1605 3944
1 591
1 1673
3 2747 3506
3 4989 4993
2 2499
3 4000 4365
2 3690
2 2027
2 1870
1 3014
3 2342 3550
1 4246
1 1032
2 383
3 2811 4016
2 593
3 2043 3115
2 4698
2 1817
2 2669
3 976 2763
2 2953
2 1530
2 2852
2 4869
2 281
1 3266
2 190
2 946
2 2132
1 1405
1 3329
1 3560
3 1645 4432
3 2707 3218
2 222
3 2484 3346
1 3631
3 3698 4318
1 1624
3 4696 4859
2 232
2 4111
3 1034 2769
2 2677
1 882
3 1888 4693
3 2584 4119
1 2014
1 2590
2 4416
1 3565
2 3090
3 3021 4866
3 4158 4445
3 3302 3957
3 1194 4530
3 3589 4345
3 3544 4623
1 4884
3 3022 3791
1 835
3 3993 4113
2 3258
1 388
1 2526
2 3962
2 4872
1 11
2 2750
2 2305
2 1870
1 585
2 2979
3 3713 4882
3 3040 4501
2 4928
2 3511
3 596 4233
3 457 4503
3 527 2445
3 886 4487
3 3093 4853
1 573
1 222
1 116
1 3492
2 445
1 2660
3 2963 3644
1 3143
2 3733
2 4516
2 204
1 3494
2 1991
1 4581
3 2772 3689
2 2785
1 1283
2 1600
1 3488
3 1598 3435
2 631
3 4823 4986
2 1706
1 1373
3 4174 4441
1 4274
2 155
1 2294
2 4463
2 4389
1 3222
2 592
1 974
1 3276
1 1878
2 3856
1 2626
2 4946
2 737
1 4537
2 4592
1 3539
2 4214
2 231
1 502
3 4539 4901
1 312
1 4761
2 610
2 3551
2 32
1 3124
1 1169
2 2072
1 1513
2 1517
1 1318
1 4798
1 997
1 1974
2 1939
1 2369
3 946 1053
1 818
1 4037
1 2680
2 4016
3 101 4502
2 1590
2 4056
3 575 2947
3 272 960
3 130 223
2 889
1 2205
2 2612
2 3895
1 3424
1 3017
1 1646
2 3615
2 110
3 3036 4191
2 796
2 1150
1 3971
1 3476
1 2984
1 4589
1 2416
3 3172 4159
2 2590
3 1922 2361
1 3102
3 1147 4213
2 4489
3 1480 1637
2 2103
2 425
1 1282
2 2790
3 3779 3826
2 3166
1 672
2 865
2 696
2 4952
2 148
1 2498
2 2565
3 2389 3399
3 200 1045
1 4022
1 1290
1 4129
3 3302 4287
1 4329
3 1454 4722
3 1477 4449
3 1908 4776
1 996
2 2787
3 284 3066
3 2964 4102
3 1812 3762
3 4934 4974
1 3690
2 2057
3 1461 3223
3 3577 4829
2 4990
1 1052
3 95 672
2 453
2 1540
2 56
3 4952 4993
3 1493 1831
2 4396
3 1104 3246
1 265
3 1837 3070
1 4207
2 3460
2 1292
1 1495
2 3201
2 3797
3 3512 4102
1 3330
1 1807
2 2995
2 3010
2 1981
3 4668 4757
1 3338
1 4484
1 444
1 1597
1 4903
1 527
2 1699
2 4033
1 4314
1 2064
2 162
1 4174
1 2337
3 1326 4654
1 1334
1 4792
1 1426
3 3150 3556
2 3570
2 1357
3 930 2985
3 917 1901
3 2959 4447
2 4613
2 3440
1 971
2 107
1 131
1 4574
3 4683 4698
3 673 2467
1 3746
1 134
2 3271
2 3204
1 426
1 791
3 3643 4629
1 4972
1 937
2 4605
3 1348 1612
3 4167 4927
3 2507 2917
1 1034
1 4642
1 4514
3 770 962
2 1987
3 2017 3423
2 3479
3 3197 4910
3 3304 3726
2 685
3 286 2698
3 2866 4486
1 2232
3 3498 4420
2 4348
3 4474 4741
1 2228
1 2077
3 3386 3616
1 1163
2 1612
1 2968
2 4952
1 700
3 2422 3820
1 3267
1 3234
3 2723 2913
2 3754
3 2410 3886
1 2954
2 3284
3 3055 4528
1 2776
2 774
2 3691
3 4804 4964
3 4204 4209
2 1298
1 3948
3 1593 3319
1 3902
2 1597
2 488
1 4213
3 2741 2955
1 908
2 4679
2 3007
2 2176
3 1192 3241
2 3779
3 3339 3566
2 3442
3 1341 1697
1 4564
2 1923
2 1610
2 57
2 3792
3 4150 4384
1 4615
1 1509
2 3633
3 33 4083
3 2426 2668
1 3785
2 3748
3 3745 4581
1 125
2 2887
2 4879
3 1327 2442
2 3996
3 1910 2134
3 4360 4947
3 4549 4636
2 4481
3 4851 4914
3 550 2282
3 19 272
2 4496
1 4076
2 2636
1 3075
3 2981 4956
1 86
3 876 2826
3 4835 4891
2 4146
1 1916
1 663
2 2459
3 3210 3520
3 16 4978
2 1216
3 4113 4359
1 2327
2 3045
1 2821
2 1552
3 3140 3462
1 2158
1 686
3 996 1232
1 2634
3 3960 4789
3 548 3224
1 2027
1 14
3 4535 4708
3 503 4907
1 2285
1 2990
3 4969 4999
3 110 2477
3 1079 4259
1 1419
3 4264 4265
3 2997 3042
3 3142 4532
3 587 3774
2 2158
2 3795
3 1657 4600
3 3979 5000
3 624 3966
2 2765
2 4878
2 2463
1 2027
1 3424
1 4342
1 2715
3 4614 4762
1 4957
3 3701 4378
1 1520
1 1851
2 3807
1 1829
3 4649 4811
1 3185
3 2424 3038
1 908
2 4863
1 2770
3 1584 4103
3 714 3351
1 4791
3 4507 4710
3 2816 2818
3 3253 4252
2 4018
2 2373
3 2955 4967
1 4274
1 4642
3 2898 3435
2 2340
1 1328
2 4662
1 3886
3 1205 3803
2 3839
2 3998
3 756 3177
1 3776
2 606
2 2704
1 4286
2 693
1 104
3 633 1633
3 3535 4754
3 693 785
3 3415 4826
1 4146
1 4032
1 1996
3 3379 4591
1 4357
1 3003
2 759
3 2075 4351
3 4391 4791
3 3482 4987
2 4216
2 3606
3 268 4515
1 2973
3 4891 4954
1 1690
1 3123
1 3953
3 4950 4996
2 120
1 2731
3 317 3046
1 3132
2 1226
3 3042 3640
2 1967
1 3230
2 1940
1 2143
2 1723
1 3743
2 4595
1 282
3 3564 4375
2 4835
1 3035
3 764 4379
1 1833
2 1015
2 1444
2 3297
3 4741 4937
2 3748
1 1710
2 480
3 1532 3191
2 4499
2 2112
1 3305
3 373 1212
1 1338
3 1079 2655
3 3169 4127
2 4189
3 982 4195
2 3302
2 4504
1 494
1 2288
3 2990 4459
1 2526
3 1261 2956
1 973
1 1390
3 1084 1995
2 636
3 1459 3200
1 4801
1 147
2 1217
2 1375
2 1566
2 270
3 4830 4893
3 2570 4282
1 3942
2 1467
1 3875
2 2197
1 2921
3 4084 4956
3 1149 4176
1 2890
3 2006 4254
3 203 1309
3 4180 4459
2 1288
1 3014
3 3596 4820
2 4097
3 2221 4409
3 3919 3925
3 4164 4327
2 3497
2 3029
3 758 3531
3 1920 2151
1 680
2 4759
3 1405 1731
2 3938
1 2964
1 3989
1 1681
3 1524 2012
1 2450
3 2039 2479
1 1845
3 749 2003
2 701
1 2281
2 1875
2 4114
1 1362
2 2288
3 3434 4489
2 4145
3 1223 1563
2 625
2 2006
1 2102
3 4593 4787
2 3242
3 2412 3744
3 4767 4836
3 2761 3572
1 896
1 2690
2 831
2 1878
3 3437 4038
2 661
1 3391
3 1605 4196
3 4402 4767
1 4639
3 48 593
1 1912
1 3323
2 2910
1 4958
1 629
1 1751
2 1052
1 1763
1 1880
2 2470
2 269
2 4884
2 1785
1 356
2 571
3 3866 3958
3 1924 3490
1 1911
2 1464
1 1778
2 2349
1 1056
3 2251 3999
3 2330 3210
1 2438
2 4362
1 1223
1 846
1 119
2 245
1 1775
1 4547
1 3303
2 4809
3 4287 4546
3 2698 2934
1 1387
2 4059
2 3379
3 1034 4135
2 1193
2 3798
1 3942
3 3546 3681
2 1183
3 4753 4886
3 162 4315
1 4370
3 3239 3540
3 4854 4933
2 133
1 4307
1 3573
2 1657
3 379 4661
2 1463
3 4739 4888
1 2472
1 3287
1 226
1 818
2 4473
3 1951 4548
1 771
3 580 3208
1 962
2 3141
3 3464 4136
1 2670
2 4135
3 2769 4787
1 3827
3 1683 4670
3 2572 3998
1 4772
1 2102
2 3211
1 1778
2 3510
2 3487
3 3303 3325
3 1018 3927
2 649
2 4416
2 474
3 2309 3648
3 4958 4998
2 2044
2 1390
3 3340 3471
2 148
3 845 3914
1 2610
3 457 4682
2 3640
2 257
2 529
2 2877
1 728
1 4706
1 713
3 657 1909
3 4725 4911
1 1613
3 1431 4490
2 2657
3 2498 4587
2 376
2 4809
1 3846
1 2925
2 3120
1 779
2 4816
3 3398 4668
1 3019
2 3092
2 371
2 4236
1 1873
3 3864 4554
3 4482 4828
1 3349
1 1729
2 4709
2 61
2 1203
3 2005 4121
2 874
1 453
3 2589 3590
3 2255 3246
3 4919 4973
2 3229
2 2264
1 3949
1 3804
3 4635 4987
3 4643 4766
1 3677
2 1012
3 2493 4488
3 4466 4713
3 3899 3925
3 325 4489
3 97 1908
3 3840 4892
2 1397
2 4921
1 811
1 3788
1 3398
2 3721
1 1317
2 4147
3 4415 4547
1 4334
2 3654
1 231
2 4805
3 1614 2389
2 4070
2 2119
3 3249 3894
2 3156
2 3936
1 551
3 2343 3018
1 256
3 593 2113
1 3109
2 443
3 2225 4496
3 2352 2509
1 4094
2 3852
1 4824
2 23
2 443
1 363
2 4893
3 3715 4756
1 5
3 4347 4835
3 229 1172
1 4248
2 1805
3 2257 2612
1 883
1 2928
2 1915
1 3991
2 2830
3 4730 4970
1 3166
2 2059
3 905 4457
2 2055
3 38 3172
2 1281
3 3993 4653
3 3293 3697
2 26
3 2671 3556
3 1961 3223
2 326
1 2672
3 612 2081
2 3903
1 4531
2 4925
3 2168 3504
1 2596
1 3899
3 1254 3475
1 2412
1 2750
3 4532 4734
2 1652
1 4179
1 4109
3 2686 4808
2 2254
3 2632 4534
3 1640 2367
3 3667 4586
1 4674
3 4576 4590
1 670
1 1348
3 3582 4738
1 4622
1 2812
2 4382
3 3098 3589
3 4384 4441
1 96
2 3968
1 935
3 3126 4297
1 2860
2 115
2 1894
2 2634
1 3331
2 1851
1 3454
1 4173
2 4804
3 2393 3821
3 894 2425
1 2188
1 3612
2 4992
3 1011 3589
2 3523
3 864 2503
2 1166
3 2681 4017
1 4938
2 2463
3 4203 4956
2 3417
2 4475
2 4733
3 345 1735
2 3774
3 762 4388
1 3080
3 3601 4138
2 4145
3 963 4388
3 1258 4154
3 2222 3055
3 1839 4515
1 2423
1 4700
3 4185 4457
3 203 4843
1 816
1 3952
3 2771 2790
2 4623
2 3806
3 2256 3999
2 1074
2 825
2 361
3 3922 4870
1 2341
3 1530 1738
2 1362
3 2595 3641
3 2180 2291
1 2640
2 951
2 1796
1 2337
3 2987 4511
2 1464
3 2472 4471
2 2333
1 3649
1 3852
3 799 1826
3 2198 2780
1 462
2 1527
3 3518 3587
1 3711
3 3586 4686
1 3340
2 266
3 2423 3079
2 2021
2 3848
2 4876
1 3732
1 3296
1 3407
1 4045
3 4752 4952
3 1902 4938
3 3866 4584
3 3734 4246
2 4818
1 897
2 4908
1 3835
1 2594
3 4050 4278
1 4391
2 2855
3 349 4834
2 4153
2 4744
3 3700 4715
2 1876
1 4040
3 477 3466
3 2629 4304
3 4966 4983
1 2774
2 3161
2 3969
1 4348
3 2426 3376
3 1464 2291
3 34 4259
3 1070 1417
1 1332
2 3451
2 428
3 4549 4765
3 78 3564
2 2133
3 1386 1676
3 1780 3233
2 4007
3 4250 4776
3 2410 4618
3 891 4254
3 3022 4948
3 124 1127
2 4307
2 3292
3 56 2593
1 2957
2 1464
3 494 543
1 2411
1 796
2 1006
2 2134
3 1186 3938
1 1151
1 1883
2 660
1 2331
3 917 4621
2 2588
3 2509 3939
2 4417
3 4513 4735
3 2833 4957
2 4337
1 1259
2 4581
3 1510 3784
3 1470 4124
2 1879
3 4638 4985
1 362
3 3597 3827
1 773
2 3263
2 1505
2 511
1 3151
3 2740 4910
1 459
1 1724
2 4704
2 243
2 1893
1 1830
1 4496
1 1440
3 4087 4471
1 4952
3 1488 1961
3 3329 4626
3 3719 4265
3 2447 4138
2 1254
2 1369
2 826
3 3646 4321
1 1744
1 4621
2 3657
2 2525
1 1648
2 4313
1 493
3 2089 2922
3 2104 2656
1 3455
3 2933 3810
2 3210
1 4245
1 519
2 3121
3 1032 1782
2 1789
1 3788
3 2991 3885
1 4805
2 137
1 2752
3 4749 4920
1 4167
3 170 4145
3 493 4776
1 1024
2 1328
1 2572
1 3451
2 4360
2 3728
2 3349
3 705 3299
2 172
2 2549
3 1975 3052
2 3877
2 3549
1 3533
3 546 3825
2 1739
1 4586
2 1509
3 1343 2844
3 2033 2925
3 3752 4176
3 2034 3244
1 1627
3 4279 4694
3 1474 3380
1 1773
2 1637
3 344 598
3 2291 2374
2 76
3 1800 3985
2 3925
1 1120
3 4476 4560
1 45
3 2313 2842
2 4438
2 4588
3 2507 3145
3 1017 4014
3 4344 4715
3 2455 4521
1 892
2 3943
3 2291 4397
3 4392 4883
2 608
2 1329
1 2313
1 2088
3 1049 2063
3 1675 4522
2 242
1 4777
2 3880
2 389
1 1753
2 251
2 2363
3 1813 3518
2 1400
2 908
2 3896
1 3115
2 3918
2 2214
2 4840
2 4658
3 3466 4913
2 4596
3 3660 4939
3 4222 4485
3 1735 2120
2 2381
3 4820 4997
3 2112 4695
3 584 1046
3 2326 4835
1 214
1 3540
1 4356
3 4925 4938
2 2641
2 4624
1 1860
1 3685
2 4884
2 3381
2 2211
2 4288
3 3854 4539
3 2322 2829
2 2837
3 806 3256
3 74 3724
1 2036
2 3045
1 2050
2 3373
2 4177
3 4788 4969
1 4907
3 664 3401
3 2483 3107
1 2709
3 266 4271
1 147
2 3576
3 4397 4923
2 213
2 276
2 3176
2 1439
1 352
2 3716
1 4117
1 1305
3 1323 4280
2 4682
1 3491
2 2343
3 3270 3312
1 2741
1 1804
2 1311
1 2612
2 1418
1 3752
1 3942
3 1464 2354
1 4586
3 3155 3331
3 871 2892
2 1378
1 3169
1 4535
1 4550
2 1927
1 3023
1 2097
1 4839
2 3022
2 3378
2 2750
1 1372
3 2776 3651
2 2955
1 56
1 4061
3 2964 3418
3 3430 3662
2 533
1 4649
1 4528
3 1181 3505
1 2695
2 3178
3 4448 4886
3 4958 4961
1 4161
3 520 1517
1 352
3 1639 2187
1 2897
1 603
2 3337
1 4512
3 4326 4716
3 64 500
2 1236
1 3424
3 4444 4932
1 4966
1 3918
2 4695
2 3159
2 3938
2 3729
2 3362
3 3145 4616
2 2435
2 1973
3 3158 3235
3 1335 4837
1 1458
2 545
2 817
3 1257 2432
3 5 2373
3 155 2215
2 1548
1 3220
1 417
1 2009
2 457
3 403 2070
3 1111 4933
1 2038
1 648
2 4825
2 741
2 2583
1 4372
2 4982
2 4392
3 1927 3289
3 2526 3277
2 1077
2 1996
3 2729 2854
1 3479
1 3339
3 4733 4823
1 2922
3 1423 2306
3 4061 4362
2 1436
3 3735 4800
1 3601
3 1188 4058
1 980
2 2236
2 2755
2 1616
1 3316
3 3251 4523
3 1542 3142
3 4675 4947
3 767 3614
3 1217 1247
3 2671 4601
1 4451
1 1345
1 362
3 297 2496
2 1784
1 317
1 3788
2 710
3 3772 4473
3 1457 2283
2 3909
1 4253
2 2646
2 4224
2 4773
3 1443 3543
2 2584
3 2640 4095
2 4056
1 647
1 1798
3 741 1720
1 4011
3 3403 3661
3 2657 3996
3 2863 4009
2 4904
2 4224
1 556
2 476
3 1988 2829
3 1085 1099
3 3411 3974
1 2252
3 2690 4896
1 2394
1 2258
2 2714
1 2252
1 487
2 659
1 4806
3 2459 2626
1 4535
3 2248 4459
2 422
1 3759
3 4076 4181
2 3209
1 2129
2 2307
3 3937 4330
3 3741 4299
1 715
3 2460 4444
1 3650
3 4655 4939
3 2321 3906
1 4732
3 3894 4554
2 4923
3 373 1795
1 2814
1 3485
3 951 3308
1 4152
3 2367 4711
1 1664
3 2978 4438
2 4153
1 2467
3 4191 4696
2 4568
3 2560 3558
1 2256
2 3645
2 548
1 739
3 4663 4887
2 770
2 1417
2 4666
1 3685
2 2739
1 4082
2 2134
3 2797 3220
2 2295
2 4564
3 3813 4767
2 3195
2 4841
3 4359 4955
1 4057
3 4938 4989
3 4829 4846
1 2879
3 2251 3075
1 2520
2 2558
1 3739
3 4621 4979
3 3981 4053
2 789
1 3999
2 2159
1 4699
2 796
1 1398
3 2760 4492
1 4246
1 4540
1 3334
2 2343
1 2930
3 3985 4155
1 2039
2 1997
2 3030
1 4044
1 2256
1 3262
1 1300
1 1766
1 332
3 1233 4764
1 1968
1 2472
1 3625
2 1288
1 4848
3 2117 3847
1 1857
1 3969
1 1283
3 4091 4140
2 2971
3 3687 4356
3 1783 2819
1 3515
3 428 979
3 986 1825
2 567
3 2671 2998
3 3540 3880
3 4876 4987
1 2549
2 3911
3 3046 4108
1 4267
2 554
3 4457 4687
3 2567 4042
1 1562
3 4951 4991
1 1863
3 59 1133
2 72
1 3818
3 3509 4010
2 2761
2 3986
1 388
2 3747
2 2381
1 1729
2 4189
3 1449 3252
1 1012
2 3129
2 2907
1 428
2 4240
3 792 2264
2 1344
2 1089
2 2104
1 993
2 2972
2 748
1 3982
2 1942
2 4404
2 1714
3 4627 4889
2 449
2 3450
1 3665
1 1565
1 986
1 4682
1 1439
2 2623
3 3118 4808
2 3906
1 4338
2 2053
2 1162
2 1555
3 3133 4938
2 4816
2 1842
2 1633
1 3199
3 4738 4754
1 3330
1 4507
2 2756
1 906
1 1271
3 3145 4583
1 3130
3 2499 3211
2 3097
2 301
3 1458 2851
1 365
2 3251
3 2761 4592
2 391
2 1062
1 3675
1 372
2 4665
1 3138
3 3090 4243
2 3963
1 3421
1 85
3 4751 4848
2 1936
1 232
1 4165
2 1554
3 434 2241
1 1456
2 770
1 4495
1 2276
3 1570 4577
2 3763
1 613
3 295 3629
2 2087
1 2125
3 931 1725
3 992 2617
1 1859
3 1176 2134
3 2981 4367
1 2885
1 2516
3 4476 4477
2 2074
1 3464
3 408 677
3 967 2026
1 3317
3 2549 2849
2 4454
2 959
3 1282 2473
3 2998 4594
3 4761 4789
1 2834
2 1719
3 1 1150
3 2284 3788
3 4030 4447
3 1563 4161
2 3162
1 2130
2 2835
2 225
2 1022
3 2668 3766
1 2953
2 1746
2 436
1 3370
2 2070
3 1165 4587
2 4722
3 1877 2180
1 2929
2 413
3 4152 4984
1 1601
1 1102
1 3735
2 4360
1 3762
1 787
2 1799
3 3335 3874
1 2561
2 3560
2 2248
1 3126
2 3684
1 3514
2 179
3 572 1652
3 2710 4994
1 3567
2 1393
3 2721 2748
3 3213 4826
2 4069
1 3004
2 2914
1 4688
1 3392
2 4134
3 2889 3901
1 40
3 4205 4524
3 4525 4902
2 1606
3 4487 4998
1 3015
3 4903 4914
1 2689
3 3406 4205
1 1105
2 3119
1 4565
2 4899
3 1775 4319
2 4431
2 4282
3 4003 4067
2 303
2 44
1 4293
2 1721
3 3378 4858
2 3615
3 1150 2990
2 4146
1 1863
2 3088
3 3715 4964
1 712
2 1195
2 946
3 3395 3409
3 2326 3924
3 3822 4509
3 4401 4913
1 1056
3 1042 3864
2 2634
3 3073 3437
3 2912 3609
1 2000
3 3059 3563
3 4877 4898
2 2286
2 4099
3 2002 4721
2 61
1 136
1 3585
3 3395 4885
1 1558
2 2883
1 3367
1 297
2 4734
1 593
3 2981 4384
1 448
2 3592
1 3792
2 1580
2 1280
1 1703
2 2272
3 3441 4547
1 1365
3 732 3142
2 3721
2 433
2 2977
3 1621 4355
2 2986
1 2322
1 340
3 3296 3635
3 2203 4578
1 200
1 2083
1 1978
2 689
1 219
3 4285 4494
3 4529 4875
2 632
2 3704
1 874
2 2408
3 1020 2753
3 1206 2584
2 4983
3 4545 4964
1 667
1 3265
3 2407 2918
2 3082
2 4387
1 509
1 1873
2 2233
3 4582 4656
1 2277
3 1619 4003
3 691 3637
1 2473
3 3383 4591
2 3514
2 134
3 820 4848
3 719 2238
2 4947
2 2468
1 19
1 3779
3 971 4851
2 2952
2 2932
3 3031 4811
2 4198
2 607
2 3997
1 2631
3 3255 4716
3 797 2874
3 1869 3239
3 1367 4599
3 3617 4469
3 76 3813
1 1664
1 2325
3 3670 4489
2 1101
2 3109
1 862
2 1419
1 3278
2 149
2 1889
3 2141 3647
2 3183
1 3002
2 1092
3 4399 4964
1 4989
3 745 2734
1 1220
2 3356
3 2657 4329
2 3467
2 3002
3 620 4340
1 2132
2 1190
3 1716 2357
2 1185
1 4650
3 4455 4980
3 2459 3290
3 1858 2058
2 4416
1 3620
1 4985
2 3288
2 1998
1 926
2 4372
1 1535
3 4199 4387
2 3180
2 3258
3 813 2989
1 4466
1 3014
3 3248 4219
2 346
3 3324 3973
3 3496 4337
3 722 2939
1 3226
3 722 2616
3 3388 4262
1 996
1 4131
2 3831
2 1302
1 2940
1 1249
1 4473
2 3049
3 1296 2520
2 2152
1 4819
3 2120 4222
3 3198 4408
3 1483 2628
1 2901
3 359 2172
2 3824
3 4506 4827
3 275 2150
3 1897 2600
2 4910
1 1652
1 2198
1 3284
2 2750
3 4318 4836
2 4250
1 3929
3 1725 3516
3 2124 4697
3 4395 4430
1 2428
1 694
3 254 4050
2 3896
1 4934
1 2865
2 1576
3 3002 3994
2 558
1 4612
1 1768
2 4526
2 587
2 3013
1 776
2 1989
2 3295
2 688
1 189
2 2295
2 3700
1 4070
2 4401
1 4802
1 2678
2 1378
3 1879 4091
1 2751
3 1111 2674
2 584
2 4642
3 3066 4394
1 4186
2 1233
2 2931
1 2825
1 2491
2 1366
2 2543
3 928 2660
2 4855
2 4556
3 4397 4899
2 3605
3 2388 4471
2 2920
1 3143
2 1714
3 2306 4793
3 2790 3278
1 4685
2 345
2 3078
1 308
2 3192
1 4198
3 745 2304
1 699
2 3006
2 3143
2 1417
1 4808
2 250
1 1755
1 3413
2 4652
3 1478 1773
1 4792
2 1064
1 1808
3 1135 1856
3 879 2929
2 2996
2 242
3 745 2903
2 1412
1 876
3 4569 4889
2 1604
2 2172
2 4589
1 134
1 1404
1 1514
3 2351 4864
2 4632
2 1467
2 3354
1 2635
1 938
2 1900
2 469
1 699
1 3921
3 2017 4242
1 659
2 3285
2 3773
1 2437
3 3108 3474
1 803
2 2327
2 3757
3 903 1356
2 2405
3 3592 4184
3 4830 4882
2 2546
1 4108
2 1625
3 365 2718
3 2156 3793
1 1404
2 4093
1 3560
1 1851
2 1917
2 3467
2 60
3 2394 4139
3 1364 4885
3 432 3899
2 404
2 4090
3 4569 4997
1 2229
3 1362 1697
2 685
2 4878
1 1402
3 248 911
3 1826 3278
3 2138 2528
3 4767 4795
2 4565
3 4664 4911
3 1603 3412
1 1174
1 1978
1 4806
1 174
3 470 1670
1 4373
3 4151 4268
2 1004
1 1601
3 4420 4871
1 1308
1 2301
2 2214
3 3766 4657
2 2713
2 627
2 1745
1 1990
1 4058
1 3551
2 4858
1 79
2 2743
1 1649
2 553
1 3258
2 3623
1 1928
2 3702
1 2710
2 4006
3 2106 4050
2 626
3 3879 4830
1 4642
3 4093 4447
1 3084
3 1145 3194
3 2937 4453
2 2867
2 3017
1 3430
1 442
2 1698
3 763 3659
2 383
3 1874 1994
3 3375 3555
2 257
1 1902
3 4327 4486
3 817 1918
3 2801 4959
1 284
2 2717
2 4165
1 3039
3 2925 3428
1 2999
2 518
1 2531
3 3957 3991
1 1601
3 2915 3301
1 4013
2 747
1 3404
1 1277
3 1914 2427
1 1558
2 4507
2 1721
1 956
2 4256
2 2424
1 4135
2 2441
3 1587 2129
1 3067
3 1483 3601
3 2676 3644
2 2534
1 1196
3 1418 3044
2 3583
3 774 4368
1 4312
3 4293 4635
2 2467
1 243
3 4049 4638
2 4035
2 3859
2 1816
2 3553
1 4670
2 4570
3 4241 4826
3 2149 4687
2 3562
2 4804
2 3962
2 2203
2 2237
3 1156 4175
3 2688 4756
2 1028
1 2072
3 4948 4967
1 2504
1 4226
1 2001
1 890
1 1880
1 565
1 2686
2 499
1 4353
3 1051 3043
3 4227 4820
2 2731
1 2962
2 3058
1 2687
1 1250
2 2471
1 4456
3 85 2287
1 4324
1 157
2 1236
2 4734
2 1108
2 1193
2 4255
1 3770
2 3777
1 1568
2 3887
3 3948 4335
1 1372
1 3442
2 4173
1 281
3 659 1760
1 390
2 3696
1 1675
3 3861 4683
3 4435 4659
2 693
3 662 1463
3 3453 4840
2 227
1 2602
1 187
1 3195
2 1730
2 4885
2 4382
1 4854
3 4278 4429
1 2065
3 1857 2757
1 843
1 1189
3 4569 4939
3 4934 4993
2 1435
2 3848
2 952
1 3526
2 3821
1 4857
3 3687 4512
3 2791 4538
1 2700
3 266 4250
1 3211
1 145
3 4421 4459
1 1536
1 380
1 4122
3 4351 4641
1 1
1 2177
2 1446
2 2045
2 4723
1 2744
2 3691
1 300
3 2311 3737
1 1322
1 1207
3 771 2200
1 425
3 2411 3278
3 1749 3038
3 1671 3484
1 449
1 596
1 3076
3 4072 4894
1 4380
3 2021 4974
3 2425 3507
2 429
3 2645 4938
1 2368
1 1057
1 4864
3 2167 4968
2 2380
1 3954
2 4641
1 2093
2 377
2 2016
2 293
3 2048 4269
3 937 2676
3 4486 4595
1 1557
3 2044 2725
3 3416 4547
2 4054
3 4500 4977
3 3506 4687
1 3855
3 879 1098
2 2154
3 3027 3588
1 1824
2 812
2 289
2 1535
2 3730
3 4131 4845
2 47
1 2772
2 2765
1 615
2 3259
1 75
3 712 2193
2 1104
1 3888
1 1701
2 575
1 3961
1 1651
3 1782 3245
1 726
2 693
1 743
3 1252 2221
2 2258
2 3862
1 2897
1 1458
2 90
2 2500
1 848
3 526 2756
1 4962
1 1181
1 1593
2 4310
1 60
2 1659
1 562
2 2574
2 808
3 3457 3741
1 191
1 1753
1 4296
3 3510 3933
2 2972
1 1230
3 3729 3974
3 3099 4149
1 3754
2 4016
3 2246 2813
3 3150 4690
3 320 2030
2 349
1 3144
3 4471 4730
3 1515 4956
1 2002
1 3534
2 4298
2 2665
1 3449
3 3017 4543
2 3225
2 2454
3 3202 4841
2 2614
1 4591
1 693
2 2443
3 3576 4200
2 1796
2 2665
1 1753
1 1301
1 2525
3 3472 3696
2 1134
2 861
1 1692
2 36
1 4681
3 1947 3756
2 1528
1 4071
3 2570 4868
3 2594 2937
1 82
1 520
2 2239
2 296
3 4424 4876
1 1327
1 2682
2 2645
2 2678
2 2435
2 3177
3 1429 4033
2 4276
1 169
3 4084 4281
1 85
2 504
2 4876
2 3349
3 2954 3206
1 4917
2 677
3 1519 4169
2 3398
3 2964 3238
1 2089
2 3624
1 2046
3 3779 4517
1 1912
2 70
3 3684 4326
2 178
3 2370 2983
1 990
2 1546
2 4487
2 4720
2 2531
2 2034
3 4342 4896
2 3656
3 153 1995
1 2588
3 992 3356
3 4992 4995
1 600
1 195
1 172
1 1840
3 2324 3882
2 1506
2 2461
3 4881 4963
3 2567 2724
3 3521 3663
2 2670
3 2313 3537
2 4638
1 1422
3 3333 4394
3 3570 4920
1 261
2 2326
2 2434
2 1891
2 834
2 2174
3 3032 4123
1 2098
1 3872
2 960
2 3182
2 4994
2 2342
2 814
2 2994
1 1852
1 232
2 2931
2 3992
2 4365
3 2056 3323
2 3450
3 1529 1589
1 386
3 4555 4923
1 2464
2 2835
2 2372
1 2891
3 3339 4949
2 3724
2 2134
1 4975
3 4913 4942
2 4333
1 4466
1 156
1 96
2 3357
3 1325 2075
3 3328 3802
1 1768
1 3297
1 1206
2 4440
1 3822
2 266
1 4817
3 2463 3750
3 2430 3491
1 1582
2 426
1 3615
3 1616 3743
3 1856 4569
1 2686
1 929
2 4558
3 1773 1917
2 766
1 905
3 605 3459
2 1364
3 4503 4814
2 2783
3 1811 2214
1 2781
2 4312
2 3904
3 3322 3768
2 2691
3 3235 4343
2 1721
1 3179
1 2626
1 2864
1 2474
3 2430 2821
2 2543
2 1482
2 3389
1 2860
1 3528
1 3640
3 1954 3942
3 1806 2905
3 159 4077
1 1032
1 766
3 1548 1874
1 3867
3 1161 2309
3 3288 3591
2 2452
3 1824 4119
3 2413 2993
1 929
2 884
3 1059 2825
2 2960
3 3577 3779
3 3250 4137
2 3548
2 1644
3 3642 4949
3 3898 4723
2 4074
1 4152
3 279 1231
3 863 3806
2 904
3 1973 3815
2 3914
2 3246
1 3060
3 834 3759
3 3818 4555
3 146 2580
3 6 1130
3 2342 4907
1 2174
1 2268
1 2046
1 4723
1 4102
1 1560
2 19
3 3866 4799
2 270
2 4930
2 4734
1 1336
1 1309
3 2439 4460
3 1013 3070
2 19
3 3434 3828
3 1773 3778
3 4763 4798
1 454
2 3048
3 4890 4991
3 1131 1718
1 1211
3 4110 4174
3 448 3480
3 918 2517
2 299
2 4031
1 4013
3 3298 4813
2 873
3 3912 4662
2 1239
3 416 3097
1 2920
3 4783 4962
3 2153 4368
2 3611
3 2018 3533
2 1878
1 2634
3 1285 2571
1 268
2 4520
2 3330
2 1806
1 4364
1 2460
3 4213 4656
2 4337
3 3395 4615
2 4710
1 4453
3 3009 3651
3 1876 2030
3 2855 4091
1 3438
1 2823
3 3847 4798
3 4661 4947
3 833 1445
2 1579
1 4728
1 4198
2 4297
2 1873
3 3884 3941
1 3300
1 1984
1 4491
2 3010
1 1686
3 3362 4412
3 3093 3366
2 3883
3 4577 4584
2 533
1 2152
1 1697
1 2281
1 11
1 1571
3 2004 2369
1 160
2 2929
3 2736 4292
1 4236
2 2835
3 3191 3572
1 1081
2 267
1 1279
1 1167
3 4607 4724
3 650 2728
2 1358
3 4525 4605
1 852
3 749 4394
1 2986
3 2281 2626
1 465
1 1856
3 3436 3984
2 65
3 527 3040
1 70
3 566 3040
1 2604
3 3260 3519
1 3917
2 698
1 3279
3 3205 3329
2 4582
3 1784 3781
3 10 1471
1 1113
2 4572
1 4970
3 1769 2976
2 3604
2 2574
2 2362
3 296 2342
3 2200 3016
1 755
3 2436 2971
1 860
3 2131 3464
1 4278
3 2725 2753
2 1790
1 3863
2 3430
1 4506
2 3692
2 3345
3 1584 1855
2 525
1 2195
1 2682
1 1064
1 2335
1 4173
1 4697
3 289 4177
1 4097
3 4450 4696
3 3544 3616
1 3865
2 2440
1 3110
3 2417 2842
2 4502
2 397
1 267
1 3994
1 4761
3 1542 3518
3 1025 3640
1 293
2 4737
1 2631
3 4192 4213
1 250
1 3677
2 2142
1 2448
1 2836
2 1175
1 3230
3 2656 4598
2 533
1 4871
3 3252 4096
2 1799
1 1485
3 4825 4896
2 1938
3 2324 3983
3 3109 4111
1 3424
2 4884
3 4955 4984
1 2265
3 4432 4669
1 72
3 2280 4118
3 3721 4864
2 488
2 4629
2 1711
3 3223 4303
1 1242
3 4672 4736
1 601
1 4253
2 2495
1 2141
1 2853
2 375
3 412 2070
1 1870
1 524
3 3190 4573
3 4067 4570
2 2517
1 2025
1 3531
2 4884
3 1502 3612
1 984
1 4027
3 472 2427
3 14 1692
2 1690
3 2440 3699
2 2024
2 4897
1 4472
1 1169
1 1141
2 4500
2 2796
3 450 3763
1 1383
2 3761
3 4877 4950
1 4979
3 2653 3098
3 2642 4519
2 3898
1 1511
3 3445 4504
1 4530
3 3411 4306
2 1706
1 2841
3 3548 4323
3 433 1199
3 2309 3774
1 1629
2 2627
3 90 3957
1 2559
3 466 4224
1 1404
1 2121
2 3282
1 839
3 2037 4193
2 4149
3 157 2050
2 3248
3 1289 1715
3 3095 3870
1 1715
3 466 4937
2 834
2 4337
1 154
3 3530 4435
2 4406
3 4236 4457
1 3323
3 3711 4548
3 108 2847
3 4425 4923
3 870 2886
2 144
1 2765
1 3468
1 873
3 4665 4896
2 4856
1 2712
3 3602 4253
2 2933
3 2242 2952
3 4144 4943
3 2744 4213
1 2838
1 3270
3 1612 3101
3 809 2684
1 4166
1 4753
2 407
1 431
3 2167 2434
3 3625 4068
2 1493
1 889
2 2081
3 1176 2962
2 4174
3 2997 4650
2 1090
2 4957
3 4566 4874
2 4870
2 214
1 875
3 194 4855
3 582 4353
3 4527 4696
3 4374 4588
2 1444
1 1543
3 829 3567
2 2943
2 3656
1 2344
3 4772 4860
1 2405
3 2474 3056
2 2336
2 4970
1 4363
1 1459
3 4945 4993
3 2196 2719
1 175
1 13
2 3461
2 4191
1 3118
1 1816
2 2670
3 579 738
2 3669
2 2360
2 840
1 1949
2 4135
1 3959
2 4910
3 1198 3293
1 938
3 1185 1404
3 4915 4960
3 3549 4619
1 1369
2 2252
2 2882
3 1746 4713
3 4503 4938
3 2332 2333
2 4597
1 4365
3 2775 3037
3 1926 4196
2 1778
3 2680 4597
1 3356
1 3532
3 915 3834
2 4029
3 3984 4290
2 805
3 2846 3292
1 1522
3 2999 4530
1 2214
1 1410
2 1061
2 723
2 1693
3 1908 2152
1 2991
2 1235
3 923 1450
2 455
3 587 2267
1 1517
1 812
2 1150
1 3785
1 3420
2 4424
1 4876
1 1790
1 482
2 2553
3 1347 2036
1 3187
3 3000 3379
1 2520
3 4782 4939
1 4222
3 433 2973
1 857
2 1882
3 2790 4874
3 4049 4095
2 3190
2 2850
3 249 2592
1 1959
1 1403
1 2868
3 4111 4394
1 2225
2 993
3 353 2065
3 847 946
3 2733 4001
2 945
2 1847
1 637
2 2611
1 3743
1 77
3 720 786
2 4220
2 1
3 3934 4308
1 1809
3 4190 4392
1 3971
1 3058
1 4829
3 3985 4450
3 1586 4370
2 253
2 1955
2 3793
3 284 591
2 3783
1 4169
2 942
1 1061
3 3439 3760
3 1210 2562
1 326
2 4031
3 2008 4104
3 4865 4923
3 3937 4427
1 2771
3 2231 3857
3 1268 2130
1 2454
3 3788 4273
1 332
3 3207 3762
2 1630
1 1935
2 308
3 3809 4453
3 595 3567
3 372 500
3 3509 4871
1 821
2 1095
1 2427
1 1649
3 2235 2566
3 4461 4915
2 4855
2 2647
1 1709
3 3817 4098
3 434 1810
3 4649 5000
3 2029 3432
3 4584 4901
1 668
2 861
2 2688
2 903
1 1208
1 4744
2 4888
3 2511 2581
1 191
3 1001 2354
1 2485
2 3601
3 2981 3754
1 1875
1 2442
2 868
2 1087
1 615
2 2679
2 4832
3 2786 4438
1 4472
1 1848
2 2206
3 3834 4908
2 4988
3 4642 4697
1 791
1 6
1 30
3 973 3836
3 362 837
2 3349
3 1736 4658
2 3934
3 893 1336
2 1836
1 699
2 3652
1 4435
1 2787
1 646
1 515
1 3434
3 3488 4493
2 162
3 4505 4703
1 4150
3 4917 4965
2 2827
3 438 3962
2 825
2 2437
2 2761
3 4338 4508
2 1515
2 4579
3 2357 3964
2 3385
2 2163
1 286
2 26
3 4880 4903
1 283
3 2985 4086
1 3136
1 3734
1 478
3 3270 4112
2 2628
3 741 1867
2 3234
1 594
3 4239 4577
3 1030 1273
3 4387 4526
1 1057
2 1762
2 977
3 4688 4899
3 4758 4863
3 2585 3626
1 1417
3 3211 4140
3 3803 4427
3 1374 3272
2 4722
3 991 3524
2 1373
3 3019 3460
1 3232
3 2040 4247
2 334
1 1561
1 750
3 271 1931
2 3499
3 4967 4998
3 2562 4654
1 1409
3 394 928
3 1793 2695
3 76 3055
1 1115
3 3293 4605
3 2697 4771
1 2567
2 990
2 3713
3 4908 4914
1 770
1 1902
2 1901
3 1102 4329
3 4428 4665
1 4511
1 3758
1 4692
2 1138
1 675
3 2216 3271
2 1316
3 2416 4045
1 3182
1 1182
1 4226
1 1392
2 4577
3 1832 3322
1 4659
2 1692
2 1100
1 3542
1 3887
2 3619
2 361
2 1968
3 779 1406
2 4692
1 413
3 162 4929
3 4103 4930
1 865
1 1534
1 3602
3 2561 4121
1 3126
3 3023 3402
1 2718
2 1363
2 1797
2 4504
1 56
1 4255
3 1770 2950
3 158 4734
3 2175 4234
1 4761
3 1942 3976
1 3671
3 2718 3101
2 4744
3 4699 4767
3 323 332
2 2335
1 1083
2 4368
3 3483 4800
1 4649
3 3535 3936
3 2587 2646
3 1579 3333
3 3238 4608
3 252 3400
1 3671
1 1080
2 4981
1 4035
3 903 4971
3 4167 4600
3 1843 3186
2 228
3 4157 4683
3 1509 4732
2 2830
1 2058
1 1280
3 3075 3919
2 4112
2 348
1 3031
2 4718
2 3696
2 2712
3 2288 3028
2 2726
2 2169
1 3753
3 358 4198
2 1985
2 4167
1 1957
3 891 4701
1 1719
2 4152
1 4752
3 1222 2379
2 604
3 4975 4979
2 915
3 2857 4582
2 2984
2 855
1 4832
2 4669
1 1648
3 3788 4092
3 2104 3833
1 744
2 4237
3 352 4650
1 1145
1 3636
3 2087 4982
3 627 4778
2 2222
2 3160
2 142
3 1888 3013
3 2297 2958
2 2401
3 1421 2432
2 3168
1 1018
3 3489 3828
1 4027
1 4952
3 2637 4569
1 843
3 2763 4178
1 3537
1 2480
1 3576
2 2436
1 4511
1 78
3 1602 2375
1 3235
3 38 2645
1 4545
2 845
2 3655
3 497 3887
2 1463
1 2759
2 754
1 3086
1 3796
2 1777
3 862 4123
1 859
1 1759
3 438 1235
3 448 4445
1 484
1 4002
2 906
2 4171
3 331 4879
3 1869 3968
3 424 3807
2 1980
2 3128
1 53
1 624
2 2773
1 4206
2 1312
1 2883
2 393
1 280
1 1526
2 387
1 4850
2 1297
3 2950 3195
1 1344
1 3919
3 2938 3957
1 3146
3 316 632
3 1749 3614
1 4051
2 4505
2 4267
1 4588
2 140
1 3452
2 3028
1 1858
2 3432
3 2360 3740
1 1749
1 1608
1 2411
1 1327
3 665 1670
2 1381
3 370 4990
2 3683
1 757
2 1246
3 222 4051
2 1630
1 230
1 4576
2 340
2 3752
2 201
3 3047 3714
1 290
3 2881 4458
3 3487 4787
1 4362
2 2804
3 2105 2498
1 3508
2 4403
1 3806
3 3695 4987
3 3073 4969
1 739
2 1549
3 2504 4844
3 2935 4178
2 2103
3 3833 4672
3 1632 4957
2 2501
1 1361
1 3343
2 3343
3 1591 1882
1 1517
3 1579 3946
3 4343 4483
3 1180 4659
1 4491
2 816
3 1731 3968
2 4798
2 2979
1 1582
3 2065 3982
1 1746
2 2832
3 840 2975
3 1834 4603
3 4758 4858
1 2842
3 3113 3925
2 4416
3 903 1368
1 74
2 3186
2 4009
1 1361
3 3702 4736
1 737
1 2950
3 3917 4518
3 3379 4842
3 9 4387
3 3542 3550
2 1678
1 1774
2 4220
2 1273
2 1744
3 2197 3633
3 3517 4701
2 2556
1 3122
2 2428
1 2988
3 761 3485
3 1380 2595
1 992
2 1402
3 1939 2608
1 1620
2 4094
2 4697
1 1543
2 3385
3 683 2464
2 3209
1 4191
1 3006
3 279 1205
2 4799
1 3407
2 512
1 2331
2 1000
1 388
1 4369
1 1683
3 3537 4474
2 1694
2 4424
2 388
2 2001
1 459
3 2206 2857
1 3809
3 4100 4260
3 719 4478
1 2810
1 3960
1 3663
2 626
3 3976 4858
2 416
2 3296
2 1882
2 1625
2 3165
1 569
1 3791
2 1582
1 1798
3 3081 4128
3 897 4578
2 1242
1 344
3 1179 2588
1 4759
1 3621
1 1334
1 2567
2 4245
3 1806 2810
3 4594 4596
3 8 3300
3 2343 4500
2 800
3 3275 4938
2 731
3 2516 3301
3 1807 2941
1 906
2 4980
2 2387
1 1675
1 4863
3 2782 2872
2 931
1 3376
1 1685
1 1696
2 687
3 4089 4500
2 638
1 2060
1 1378
3 4625 4949
1 4748
3 3720 4922
3 1150 4830
2 188
2 1772
1 3162
3 1356 4476
1 3979
2 4030
3 2844 4652
2 3502
1 4564
3 3112 4909
1 120
2 295
2 2445
1 2967
2 225
2 3515
2 4213
3 4595 4864
1 4690
2 1814
2 4884
3 131 2344
1 4653
1 1670
1 3305
2 2664
1 2340
2 3411
3 518 4202
3 3216 4253
2 4624
3 3438 4043
1 4839
1 3070
3 1028 2332
2 3973
2 2903
1 3551
1 773
3 3166 3459
2 1734
1 1527
2 3585
2 2721
1 245
2 1298
2 4524
3 4873 4937
2 2071
3 3595 4370
1 4402
2 4939
3 1429 1475
2 4609
3 46 2354
2 747
3 1294 3908
2 2398
3 3569 4701
1 4392
3 1821 3595
3 4927 4978
3 158 2085
3 2156 3421
1 226
2 2391
3 3524 3545
2 4386
2 749
2 2252
1 4739
1 4887
1 4545
1 3522
1 3177
1 3844
2 2984
3 280 3548
3 1911 2262
3 4378 4492
3 3394 4399
1 2045
2 4214
3 4540 4616
2 1545
2 2452
3 3198 3952
3 3158 4391
2 713
3 1780 2590
3 3465 3609
3 956 1440
1 4
2 3048
2 2977
2 150
2 3591
3 2868 3044
3 2935 3350
2 889
1 3357
3 4582 4796
3 3396 4490
1 3457
2 1105
2 4249
2 1557
1 4441
3 613 4628
3 3591 4816
2 1185
1 2224
3 1363 2151
2 4807
2 238
3 793 1607
2 4472
3 4190 4851
1 2863
2 4677
1 1033
1 3291
2 1028
1 3
1 855
1 3578
3 4030 4834
1 1067
1 123
3 2335 2887
1 2863
2 4517
2 2324
2 4333
2 1565
2 4592
3 1075 4255
2 2315
3 4931 4945
2 3774
2 590
1 1560
3 3441 4447
2 3665
2 4737
3 4186 4916
1 1616
2 736
2 4077
1 3073
3 1602 3312
2 2867
1 494
2 1999
3 2719 3674
3 444 933
2 1542
1 2981
3 3294 4638
2 2072
3 1789 4285
1 1917
3 398 1820
1 3216
1 2356
2 642
3 4474 4503
2 2178
1 2430
2 1710
2 111
1 1022
2 3031
3 2777 3092
2 4129
1 3780
3 1852 2775
2 138
3 1418 3755
1 831
2 4657
2 1531
2 3362
1 212
3 1017 4935
3 1563 3145
3 2834 3460
2 604
2 2864
2 2838
2 3339
2 4892
3 4840 4888
2 748
2 1587
1 2213
1 2366
1 2515
3 3496 4779
3 4267 4438
2 1172
3 1515 2698
3 325 3241
1 3808
2 1146
2 232
1 3120
1 393
2 233
2 1853
1 2439
3 4675 4866
2 2687
2 987
2 4767
1 3448
2 4228
3 3532 4759
1 3166
2 296
1 2568
2 2762
3 4886 4935
2 4596
3 1708 2933
3 3228 3418
1 563
1 1584
2 1694
2 2873
2 3889
1 3704
3 652 3889
1 618
1 3215
3 77 811
2 2910
1 4163
1 1291
1 401
2 1106
2 2505
3 4733 4993
3 1323 1779
2 61
3 2152 2700
1 387
2 2575
3 193 1980
1 1715
3 46 925
3 2452 3074
2 2133
3 4627 4751
3 4319 4422
1 402
2 2928
3 3467 4129
