5000 5000
1 149
1 1321
3 2350 2824
3 4762 4929
3 2968 4894
3 2137 2851
3 893 3793
3 71 3172
3 2754 3206
2 2938
2 4261
2 1776
3 389 2003
2 3423
3 3455 4875
2 1762
2 3337
2 2033
2 452
2 321
3 695 2578
3 939 1175
2 1993
2 4646
1 283
1 4515
2 4106
2 680
3 3825 4164
3 2468 4200
2 553
1 2540
3 1920 3180
3 1186 4424
3 4876 4939
2 1582
1 1384
1 4067
1 3637
1 3642
3 1405 3916
2 2055
1 4135
3 2936 3751
3 1722 3796
3 2097 2613
2 176
3 2476 4544
3 224 432
2 3936
1 3064
2 3264
3 3659 4953
1 634
2 3276
1 3798
3 3956 4732
3 3119 4012
1 2124
2 971
2 4013
3 4654 4753
1 1140
1 2090
3 1689 2086
3 2436 4480
3 4766 4777
1 1685
1 4057
1 4719
1 2522
1 754
3 4141 4550
3 694 2529
2 2699
2 490
1 3606
3 3347 4278
2 803
3 3898 4285
1 1390
2 2069
3 2915 2954
2 1799
2 1314
2 3414
2 4431
3 4023 4583
1 1659
2 2579
1 2470
2 2523
1 1830
2 3812
2 1746
3 4145 4447
3 1926 4637
2 2778
3 2204 3389
1 4907
2 1455
1 3544
3 4757 4773
2 4347
2 536
1 2633
3 2303 4281
3 3896 4264
2 4851
2 3111
2 624
1 4901
1 3514
1 4952
2 2575
3 3910 4928
1 507
2 2935
3 4025 4379
3 1299 4814
2 4247
3 9 2320
3 4177 4321
3 2475 3555
1 4739
2 4269
1 1643
3 4464 4526
2 421
2 4883
1 3591
3 3605 4496
2 2923
2 3822
2 2199
3 1269 2626
1 4450
3 4311 4565
2 584
1 1231
2 1256
3 2787 4212
3 3411 3796
1 825
2 2639
3 362 4174
3 2914 4274
1 4199
1 2374
2 1405
1 1603
1 3081
1 3903
1 1576
3 1615 3046
1 4136
1 3171
2 1766
1 2286
3 810 4535
1 4764
2 2840
2 2989
1 3278
3 1838 4243
2 2451
3 750 1456
3 2892 4219
1 3435
1 4365
3 2457 2712
1 3169
3 1997 4734
3 990 1424
2 1201
3 3300 3527
2 1292
2 234
3 3288 3728
2 1771
3 307 3517
1 3769
3 3612 4953
1 1054
2 1079
2 3748
1 1130
3 528 873
1 3210
1 1538
2 3571
2 1912
3 3264 4500
1 1695
3 3323 4670
3 1128 2989
1 1667
2 1761
2 4192
3 3148 3615
2 602
3 1704 3457
3 4914 4919
2 3093
1 3208
2 3413
2 4031
1 64
3 1545 3171
3 1057 1694
3 335 1668
2 4971
2 2393
1 1540
3 1781 2018
3 4427 4572
3 4482 4497
1 2475
3 2422 4210
2 1490
2 4084
2 210
3 4246 4806
2 2137
3 2352 2920
3 1169 1502
2 2346
3 2375 4876
1 3399
2 3364
3 1528 1533
2 1339
3 2849 3184
2 2009
3 686 2923
2 1302
2 3898
3 1073 2119
1 1136
1 2749
1 3273
2 2247
2 1470
2 2864
3 817 3503
3 4599 4930
1 2831
2 4461
1 4015
3 2728 3960
2 1144
1 86
3 3937 4923
1 603
1 4345
3 3640 4444
2 2204
1 2465
3 3350 4338
3 3197 4227
1 2496
3 2292 3898
3 2549 4716
2 2114
3 407 2476
1 3073
3 4625 4791
2 4161
2 419
2 2123
1 1527
1 1018
1 3545
2 3929
3 4758 4905
2 2683
2 3180
2 1051
3 602 3817
2 586
3 3186 3730
1 4488
2 2080
2 2847
1 3710
3 3252 4725
3 4960 4969
2 1468
1 236
1 3874
2 1137
2 3911
1 2120
2 3804
3 1981 2565
3 799 3895
3 441 3821
2 2865
1 2207
3 1518 3138
1 2137
1 1454
3 4000 4197
2 2668
1 705
3 1067 4817
1 1378
1 2758
2 1362
1 1564
3 2184 4482
3 3430 4459
3 1120 2206
3 4336 4876
3 3519 4063
1 4506
3 2432 3751
2 2485
3 3808 4137
2 832
3 4165 4564
2 4518
3 1003 2485
3 3378 4322
3 99 4800
3 786 4291
2 4097
2 446
3 3291 4059
2 2186
1 1754
3 3388 3919
2 3370
1 2265
2 3795
2 4562
3 1801 3381
1 2588
3 2170 3256
1 4344
3 3897 4872
3 998 2731
2 4934
1 759
3 1424 3819
3 4136 4890
2 2689
2 2677
3 2848 3007
3 3301 4689
1 4174
3 3187 4712
2 350
2 253
2 3474
2 2869
2 298
2 87
2 581
2 2637
2 2221
1 4018
2 1314
1 4965
2 2487
3 685 4134
2 4822
3 1662 3558
2 200
1 4757
3 2144 2414
2 836
2 934
3 4399 4443
3 3686 4172
3 3739 4448
1 2794
1 1618
2 3862
2 2886
1 2138
2 3823
2 1288
3 633 2960
1 3595
2 2104
3 1280 3585
2 3429
1 4209
3 4831 4916
3 1634 3966
1 493
3 3096 4887
3 1773 4359
2 3340
1 2097
1 3517
1 979
1 88
2 3568
1 2005
3 1770 2967
2 2877
2 4750
1 57
1 1544
3 993 1371
2 2490
3 1839 2556
3 2034 4439
3 4776 4847
1 1443
3 510 1317
1 2469
1 3749
2 3928
1 3135
3 3242 4163
2 4952
1 2026
1 417
2 2951
3 3720 4878
2 1103
2 4228
2 1882
3 1703 4749
2 43
1 4856
3 2852 4506
1 514
3 1959 4170
2 3107
3 2966 4937
1 1714
1 585
2 732
3 80 952
3 1727 3223
1 3814
1 1756
1 3880
2 1913
1 1444
2 338
2 2078
2 4594
2 4966
1 480
3 3986 4390
3 3245 3483
2 1675
3 36 2289
2 4228
1 3344
3 1860 4131
1 1060
3 2046 4526
1 437
1 3888
2 1124
1 3124
2 3029
3 1987 2935
1 558
1 4393
1 2210
1 2505
2 836
2 1366
3 627 4838
1 4317
3 4898 4903
3 4640 4763
3 3773 4535
2 3620
2 1419
2 1516
1 2255
1 3471
1 2650
3 2006 3402
2 4095
3 2965 3926
3 1243 4778
2 245
3 1369 4841
3 1695 3828
2 853
2 544
2 2322
1 1369
2 3711
3 1662 3546
1 2030
1 3090
1 2857
2 1667
2 2640
1 411
1 2191
2 4565
2 1630
3 4313 4323
3 3042 4627
3 2145 3062
1 3535
3 1148 2758
2 1011
2 3456
1 3244
2 543
2 3109
1 2112
3 3661 4354
1 4107
3 1691 3108
2 789
3 2752 4739
3 2196 4638
2 4577
3 452 1513
3 759 4543
2 4984
1 1887
1 520
2 1987
3 1723 2321
2 2866
3 3823 4746
1 3024
3 2284 4999
2 3616
2 1305
1 1369
1 2570
1 2366
3 3182 4593
2 1385
1 2906
1 624
2 125
2 4853
3 4450 4636
3 2360 3939
1 1689
3 3865 4845
2 2913
2 4121
2 3868
2 2392
3 3661 4241
3 2555 4190
1 2012
3 3686 3747
3 422 3064
3 2567 3407
2 1548
2 2823
3 1066 2916
2 4867
2 3285
2 673
3 1919 3118
3 2710 3571
1 3800
2 527
3 4146 4292
1 2879
2 971
3 2769 4566
1 3828
2 2840
3 4912 4977
2 4867
3 1437 3803
1 1224
3 2533 4879
2 4969
1 3026
1 3944
1 119
1 4644
3 1984 4443
3 4422 4472
1 4573
3 2028 2568
3 27 1898
2 730
3 1748 4171
1 4728
3 699 710
2 4650
3 3803 3860
3 3411 4702
2 689
3 720 1528
3 3461 4663
2 988
2 1594
1 3971
2 2934
1 4758
2 2223
1 4854
2 2589
2 1764
3 4822 4882
1 3924
2 133
2 1318
1 2742
3 2769 4010
2 2233
2 1730
2 2092
1 2294
3 3136 3836
1 4238
3 2667 4930
2 498
2 4032
2 3751
1 2074
3 483 2474
3 4744 4883
2 3125
3 2464 3891
1 1526
2 1067
3 4544 4832
3 4904 4918
2 835
3 578 3585
1 1780
2 1976
3 1452 1489
1 3068
1 3312
1 3997
2 3078
3 845 3931
3 3596 4016
1 535
3 3849 4455
3 4035 4293
2 1917
3 3816 4883
2 3574
3 1885 4623
2 1681
1 3261
2 1782
1 1082
1 2032
2 2433
2 1179
1 1155
2 2028
2 244
1 1286
2 1602
2 4324
1 4981
2 155
3 1425 1929
3 2141 2314
3 2013 2050
2 3373
3 4293 4465
3 1099 1104
3 3183 4492
1 2783
1 4741
2 3234
3 4853 4885
2 47
1 4571
2 4097
1 1614
3 2691 3109
3 2436 4126
3 1579 2289
1 2259
3 4931 4972
2 4384
1 1526
3 3155 3827
1 4801
1 1325
1 4096
3 4132 4879
1 4483
2 3684
2 4361
2 60
3 3052 3920
3 1768 1937
3 3441 4703
1 1101
2 556
3 2770 4969
1 2414
1 3858
1 2852
3 3440 3605
2 4475
3 1533 4450
1 2827
2 1999
3 2464 4006
3 3464 3472
3 4164 4484
1 390
3 972 1375
2 1393
2 869
3 1911 2026
3 1182 3365
1 145
2 2738
1 2491
3 665 1467
3 1540 2006
3 2847 3683
1 4378
3 992 4592
3 807 4244
3 1751 3065
1 4972
2 4253
2 1460
2 753
1 1127
1 4342
2 4365
1 4045
1 4348
3 3181 3802
1 1435
3 4145 4267
2 4148
1 4734
1 4000
2 1752
2 1193
2 3732
3 4311 4613
3 2809 3173
3 1841 3835
3 3600 4331
1 3336
3 4254 4318
2 4768
1 3952
3 2212 2815
3 598 956
3 269 666
2 211
2 1727
3 2736 4520
1 793
3 1691 4352
3 2132 3068
1 4640
2 897
2 4233
3 2574 3155
2 1007
2 4964
2 3670
2 1726
1 2844
2 2148
1 4616
2 1065
2 3904
3 981 2917
3 3018 4030
3 1297 2104
2 1679
2 4286
3 2009 2373
1 2800
2 4909
3 2689 2863
1 1852
1 1533
3 443 2579
3 492 1627
3 4347 4773
3 1845 4038
1 4201
2 3125
2 4242
3 3642 3737
3 1177 4590
1 2411
3 1224 1787
3 4530 4952
1 2495
2 1212
3 1511 1545
1 3346
1 1194
1 4270
1 4619
1 4649
2 2668
1 771
1 4126
1 4667
1 249
3 2211 2327
3 4578 4998
3 3516 3748
3 4280 4874
1 2939
3 1396 4004
2 3673
1 3553
1 1994
1 21
1 1111
1 1372
2 811
2 232
3 2183 3219
2 1997
1 4023
3 844 4597
3 821 2330
1 856
3 2404 4386
1 399
3 2889 4953
3 3967 4575
1 2892
2 1866
1 3697
1 2763
2 408
1 3418
2 2610
2 3983
2 3007
2 471
3 4608 4909
2 1125
3 2592 4663
1 4241
1 4240
1 1788
2 4587
3 2347 3434
3 639 3838
3 1017 3865
2 428
3 1491 2820
3 2750 4852
1 3365
3 4662 4778
2 3110
1 107
2 1479
2 3731
2 3927
1 4770
3 4924 4957
2 741
1 2459
2 4505
3 1229 2581
2 4510
3 3783 3891
2 1835
1 1032
2 2606
2 3429
2 4704
2 1265
2 3418
2 3330
2 1224
2 96
1 2294
3 2787 3046
2 1400
2 2241
3 2318 3822
2 4529
1 1186
3 353 779
2 4367
1 1108
1 2199
2 2145
1 2895
2 2923
2 2744
1 1564
3 2108 2466
3 1689 2973
2 3212
2 4180
3 2836 4236
1 3853
1 3653
3 3567 4013
2 2487
2 1759
2 3614
3 4248 4472
1 1526
3 105 1844
1 2992
3 4177 4872
3 3958 4160
1 2417
1 471
1 1210
3 1060 3044
2 2334
1 1502
2 4385
1 513
1 1081
2 4819
1 2806
1 3991
2 3403
2 4509
3 4813 4821
1 3134
1 4275
2 2859
2 2704
3 4759 4985
3 4491 4745
2 3177
2 4580
2 2335
3 3901 4407
1 3733
2 613
2 3839
3 2313 3705
1 3774
3 4022 4066
3 4765 4861
3 2331 2806
2 4281
2 2422
1 655
1 868
2 2508
1 1754
2 2900
3 3273 4420
1 3850
2 1815
1 525
1 974
2 2288
2 439
2 2874
1 2500
3 4926 4962
1 1765
1 1104
2 4847
3 3841 4284
1 4813
2 106
1 4518
1 1698
3 1595 4710
3 4414 4740
3 350 2809
3 2681 4889
1 1788
2 4858
3 3384 4662
2 838
2 2175
1 4254
2 3302
1 2789
3 3253 4337
1 4404
3 2261 4158
3 3388 3643
1 2715
3 4381 4577
3 3247 3977
1 1855
3 12 2002
3 4434 4580
1 2147
2 3185
2 1267
2 2802
1 4404
3 1677 3061
1 4336
3 587 3044
2 126
2 440
3 566 2522
2 913
1 77
1 945
3 584 1854
1 4128
1 363
3 2519 2563
3 4441 4541
3 4880 4940
1 4140
1 2618
2 403
2 641
1 2201
2 4967
3 1664 3495
2 101
1 1984
2 3178
2 4531
2 3994
1 1635
1 2071
3 4954 4956
1 2105
3 1727 2991
2 4238
1 4329
1 3317
1 4447
1 661
3 4704 4935
2 4172
1 1958
3 2446 2463
3 986 1458
1 607
2 3133
1 379
1 3029
1 691
1 1080
1 4574
3 1792 3651
3 2613 4501
1 503
3 1317 1610
2 2460
2 2451
1 2828
2 683
1 3014
3 186 4869
2 2983
2 1367
2 3119
1 3306
2 314
3 4028 4785
2 2702
2 251
2 1644
1 4186
3 4515 4530
3 1807 4257
2 3485
3 3542 4865
2 4252
1 3403
3 3932 4718
1 1180
1 1675
1 4352
2 2294
3 1780 3762
2 1719
3 993 3993
3 2622 3942
3 3980 4806
2 2852
2 3237
1 4485
1 1019
3 4371 4995
2 3943
3 3839 4736
1 4755
1 2642
1 4630
3 4136 4204
2 3729
2 3929
1 1454
2 714
1 1719
3 1580 4727
3 1350 3212
1 3373
2 3583
2 654
1 3760
2 3935
2 3717
2 4708
2 4158
2 4763
3 4410 4802
1 898
1 970
2 1287
3 2865 4237
3 1168 1450
1 2291
3 4461 4543
3 4382 4694
1 3610
1 4515
2 3804
3 1445 2562
2 3832
2 3248
2 2814
3 3396 4586
3 1400 3691
3 4874 4954
1 4178
1 1445
1 986
1 1591
2 1310
3 1511 3474
3 1599 2147
3 2317 3587
1 234
1 1692
3 2475 3604
3 4466 4910
3 3321 3436
1 803
1 2395
3 1995 3757
1 344
1 4802
2 1683
2 4093
3 1442 2847
3 4928 4996
2 987
3 392 1094
1 397
3 2030 3671
1 2518
1 3682
2 4318
3 1430 2789
1 665
3 2061 3636
3 1175 2137
1 3370
3 4753 4893
3 769 2310
1 3706
3 3074 4361
3 4969 4996
3 940 1111
1 3664
3 3779 3815
1 4671
3 4382 4708
3 3514 3765
3 880 4121
2 4890
2 2465
2 2438
2 354
2 1377
3 2497 3565
1 428
2 1060
2 3009
2 2595
3 4583 4669
3 4985 4989
2 4279
1 3333
3 4891 4923
2 4945
1 2292
3 993 1369
2 1449
3 2850 3707
1 1261
3 3658 4562
1 2487
1 3372
1 1509
3 958 2554
2 3748
3 2859 3437
1 358
3 1794 2029
2 65
3 2355 3648
2 3652
3 1330 1650
3 477 4332
2 3813
2 1420
1 935
2 2303
2 2446
2 4929
3 4022 4656
1 4183
2 291
3 3190 4688
2 2558
3 1465 1905
2 2907
3 2004 2701
1 4948
1 1330
3 1602 3370
2 1370
2 1352
2 3366
2 2911
2 193
2 304
1 763
2 1643
1 1640
1 4956
1 3449
3 3372 4838
2 4184
1 3810
1 1403
2 4823
2 422
3 3242 3568
1 4602
1 4119
3 2149 2179
2 1970
1 1602
2 1756
2 886
3 2273 3683
1 1401
2 4876
2 3304
3 2598 3157
1 4378
2 219
3 1623 2089
2 4530
2 3726
2 968
2 489
3 2499 4668
1 1674
3 446 1994
1 1081
2 56
2 3800
1 3866
3 2571 2997
3 3873 4654
1 305
3 3852 3963
2 205
1 465
3 4440 4937
1 183
3 4131 4788
3 1927 2947
2 2911
3 2330 4966
2 3238
1 2635
3 3767 4928
2 1657
1 3500
1 1220
3 4993 4995
3 2360 4298
1 2558
2 3911
3 3773 4448
2 4385
1 1614
2 1846
3 2298 2354
2 1886
1 4687
3 1983 3276
3 4477 4962
3 2015 2873
3 2162 4882
2 3561
2 1746
2 2013
2 551
2 3019
1 1228
3 4827 4989
3 573 3501
3 2806 4313
3 4522 4649
2 286
2 3299
1 903
3 2974 3091
1 50
2 2726
1 2167
2 2071
2 2000
2 3881
2 3533
1 3727
3 2943 4998
1 2458
2 2345
3 4236 4549
2 505
2 3141
1 3344
2 632
2 4462
1 1957
3 2667 4047
1 1846
2 3090
2 2316
3 2117 2565
3 4656 4767
2 2507
1 3611
3 2932 4311
2 1091
2 3443
1 1814
3 1010 1328
3 1622 2316
3 3371 4133
3 830 4187
1 2772
3 209 2282
1 3834
3 962 2083
3 3011 3946
1 2814
2 1068
3 4139 4528
2 974
1 609
2 1837
2 4178
1 1891
3 1026 1279
3 4641 4939
2 4197
2 3470
1 3483
2 4428
2 2718
2 4226
3 368 4289
1 1653
2 1871
3 334 1390
2 3100
3 3453 3786
1 401
2 2373
2 705
3 1552 3897
2 437
1 1549
2 671
2 2323
3 277 3216
1 4789
1 3129
2 3894
1 4714
1 1839
3 3899 4980
1 2267
1 3859
1 836
2 1027
2 322
3 3919 4997
1 310
3 3838 4553
1 1825
2 3563
1 4345
2 2095
1 2412
2 954
2 3021
3 4497 4532
2 3419
2 1077
2 1754
3 1512 3055
2 3184
3 2525 3515
2 4771
1 958
2 3568
1 3071
1 3122
2 2692
2 3552
2 4422
2 1266
3 4262 4504
3 1933 4341
3 2939 3181
1 4680
1 4614
3 890 4387
1 2630
2 595
3 464 2257
1 1433
2 3577
1 2520
3 1626 3904
2 2421
1 574
1 4374
1 1509
1 3304
3 1632 3308
2 536
2 4578
1 1180
3 3232 4100
2 2143
1 2813
3 649 4099
3 1280 3070
1 523
3 87 3794
3 2742 3135
3 3171 3183
2 4892
1 983
1 2181
1 67
3 4826 4941
3 107 3628
3 3323 4516
3 1002 3623
2 2338
1 1233
2 4352
2 1546
1 152
1 4050
3 659 4478
3 2412 4668
1 402
3 948 4977
2 2689
3 4526 4864
1 614
2 3722
1 2288
3 1890 4086
2 1095
2 3838
2 3221
1 3401
3 3962 4149
2 1729
1 1227
2 651
3 2359 4475
1 2936
2 647
3 1307 2097
3 4584 4965
3 1496 2228
3 3122 3657
3 2988 3716
2 1450
3 3250 4169
2 1542
1 1930
3 2835 3154
2 1354
2 1060
3 2248 3705
1 1942
1 2542
1 350
1 3872
2 4813
3 1523 4747
3 123 3338
1 2625
2 2069
1 2623
1 4364
2 2900
1 4458
2 4435
3 4281 4314
1 1760
2 2913
2 2377
1 1510
1 3052
3 1963 3652
1 1827
1 1933
3 1914 4618
2 1675
3 1082 1305
2 2942
3 1556 1837
2 142
3 4159 4603
1 699
2 972
3 427 1831
2 2783
1 2149
3 3358 4677
2 1084
1 3583
1 513
1 3099
2 3227
3 4225 4618
2 3921
1 559
3 3954 4410
1 1836
2 1332
2 1598
3 351 4075
2 2719
3 4481 4990
1 1257
2 1054
2 390
2 2617
1 3321
2 1056
3 3730 4225
2 4895
3 1100 4012
2 791
3 2020 4365
2 1085
3 718 1252
1 1441
2 2255
1 2409
2 4127
3 1781 4849
2 4862
2 1893
1 3341
1 1768
3 305 1486
3 3923 4173
3 277 1861
2 2998
3 4515 4905
3 1188 3789
2 427
3 1478 2725
1 469
3 4693 4765
3 3734 4928
3 279 4610
2 3293
1 777
2 592
1 3059
3 4027 4044
2 2073
1 3254
3 1881 3884
1 4746
2 1211
2 2428
3 178 4298
3 248 3169
3 4040 4558
1 3592
1 1257
3 551 1559
3 825 2342
2 4282
1 1975
3 898 2155
2 1003
1 2868
1 3500
3 3788 3792
3 1578 3360
2 3551
1 175
1 1741
1 2648
1 407
2 3979
1 2392
1 1365
3 4401 4631
3 766 4237
2 489
3 770 2687
1 4209
3 902 4857
3 1946 3834
3 3205 4549
1 1324
3 730 1721
3 4363 4739
2 3517
1 4772
3 4026 4638
2 4804
2 2945
3 3440 4674
1 1008
3 2144 4729
1 3154
2 2435
3 3951 4761
2 4716
1 709
3 117 2165
1 2139
3 1636 4903
3 2362 4648
1 3914
2 4344
3 1059 4410
1 1642
1 2238
3 4593 4914
1 1539
1 1096
3 502 1852
2 3566
1 413
3 406 3953
1 975
2 2577
1 2809
1 2046
2 1918
3 4140 4319
3 3475 4907
1 1414
1 1355
1 2565
1 1674
3 2733 4315
2 4930
2 1119
2 3460
1 1969
1 2442
3 556 788
2 47
2 1691
1 3042
3 1791 2933
2 4671
2 4427
2 707
2 2483
1 2361
1 397
1 3198
2 128
1 4813
2 2943
2 2337
1 4471
3 1051 1815
2 4692
2 3784
3 2060 3741
3 3988 4475
1 3764
3 4867 4928
1 3885
1 4985
1 485
3 1903 3401
1 335
1 2106
2 4176
1 3018
2 4311
1 4552
1 3225
1 1717
3 3035 4932
2 2397
1 3794
3 1670 4866
1 3448
1 996
2 4542
1 2610
2 1431
1 4765
2 2483
1 3072
1 4151
1 1494
3 2797 4135
3 1036 1177
2 3805
1 1534
2 3225
2 3534
3 762 4936
3 2675 3681
1 353
3 2001 3579
3 486 3424
1 505
3 2458 3240
1 3729
2 546
3 3820 3904
3 4633 4752
3 1171 1729
3 2616 3350
1 2829
1 4586
1 1607
3 1894 4164
3 839 4015
1 2282
2 4380
1 2658
3 2534 4252
2 2766
1 4362
1 2309
3 3465 3552
3 2512 3368
1 3531
2 710
3 2303 3747
1 997
2 1164
3 855 2965
1 2229
1 34
3 4803 4833
1 3091
3 3358 4770
3 1572 3661
1 1161
1 1903
3 4003 4801
2 1790
1 4186
2 4596
1 2955
1 581
3 2313 4140
3 2893 4217
3 94 1768
1 2385
1 90
3 2177 3760
1 1688
1 449
3 3686 4636
1 4187
2 1449
2 3768
2 2519
1 3581
1 1826
1 2222
1 3252
3 776 1497
2 2092
1 2793
2 2404
2 2681
1 4948
1 1930
3 1889 4019
1 1397
1 102
1 2056
3 4133 4976
2 3562
2 3070
2 2307
3 1416 3258
2 472
2 2468
1 4129
1 4675
3 2063 3005
2 4191
1 1337
2 579
1 1200
1 623
2 3989
3 4438 4616
3 2031 4203
1 3825
2 3453
1 4813
2 168
2 1492
1 3043
3 4941 4994
3 2509 3817
1 1866
1 4337
1 2417
2 1969
2 2230
3 1627 4848
2 2958
2 3067
2 3874
2 203
1 1581
2 2920
1 3620
2 4198
3 4937 4973
3 3799 4540
2 3763
2 2288
2 2262
1 3800
2 2157
1 4293
3 2564 3071
2 866
3 462 3238
2 3707
3 1204 2169
3 2202 4821
3 670 1806
2 4275
2 4309
1 1985
1 3930
1 2851
2 59
3 239 3162
2 572
3 742 2924
1 4265
2 4817
1 3490
3 2553 2862
2 1782
3 3836 3875
3 3801 4845
2 2932
3 3925 4256
2 4061
3 4166 4273
2 3164
1 2372
1 718
3 583 4716
3 2917 3946
3 2942 4128
3 2973 3727
3 2574 3635
3 242 2688
3 4299 4861
2 2449
2 4179
1 2118
3 3543 4099
2 1392
3 2930 3636
3 3301 3594
1 4421
1 3245
3 718 4560
2 2693
3 2267 4941
1 1159
2 1293
3 1970 2202
2 1446
1 1564
1 4294
1 620
2 2118
2 1202
3 1415 1938
1 4069
3 3145 4499
2 727
1 2753
1 3705
1 615
1 2743
2 3471
1 4198
3 4946 4964
1 4417
3 2576 2691
1 860
2 2933
3 1903 4874
1 2595
3 2060 4495
3 3256 4245
1 117
2 1311
1 3829
1 4516
1 3573
3 2199 3704
3 3966 4973
1 1304
2 3016
3 359 1180
3 1404 2561
3 1357 3448
1 1399
2 3225
2 4727
3 4188 4339
2 2410
3 1731 3632
2 4740
1 693
2 1854
3 3520 4794
3 2268 3668
2 3899
3 52 780
1 2890
2 4718
1 1547
3 804 2751
2 3023
1 2307
1 2344
2 4886
2 1610
2 4923
1 4703
2 4183
3 1774 2545
3 3440 4139
3 1252 2952
2 3731
2 2336
1 889
1 3318
3 3551 4132
1 2343
1 4628
1 119
2 4441
2 1674
3 325 4681
2 3330
1 2914
1 91
1 389
3 1050 3141
2 4672
2 4996
3 3257 3773
2 3450
3 3642 4446
3 3389 4216
2 1979
2 2351
3 2014 3385
1 2127
1 3795
2 706
1 2632
1 376
3 963 3270
1 585
1 2114
3 3793 4806
3 1526 3227
1 3005
3 4919 4984
1 2817
1 4813
1 1483
1 1721
1 3622
2 2114
1 1806
1 880
3 2657 4700
2 2112
2 1722
1 2756
3 2437 4565
1 1272
3 1228 4976
1 3718
2 1362
2 743
3 4457 4627
1 4378
2 240
2 3497
1 3531
1 3545
1 321
2 1732
1 4637
2 2755
1 2327
1 4571
1 3358
2 2718
1 4623
2 2081
2 3366
1 602
3 3210 4467
3 2811 4005
1 4250
1 4368
2 3922
1 4924
3 1959 1973
1 4567
3 1846 4387
2 1170
2 1455
1 3217
2 4046
1 2634
3 182 3287
2 3071
2 4887
3 2418 2466
1 872
1 2727
3 3750 4233
1 489
3 1424 2465
1 3725
3 1042 3455
2 1732
3 4430 4499
1 3290
1 2159
3 2949 3543
2 3602
2 3661
3 2159 3688
2 1556
3 2515 4019
3 2214 2338
3 972 1413
3 1534 4866
3 191 4025
3 399 4395
3 296 2374
1 457
1 4187
2 2205
3 3324 4411
1 4292
2 4473
3 4584 4861
1 673
3 2205 2942
2 4044
2 293
3 230 2760
2 452
3 3980 4324
1 21
2 1709
2 3458
2 1220
3 189 3135
2 2314
1 3834
1 4431
1 2497
2 4618
2 1100
2 3509
1 2606
2 249
2 1239
1 4439
2 2463
3 2492 2831
2 3190
1 1744
1 4936
2 3392
2 2656
2 77
2 310
3 1975 3966
3 4511 4634
2 4594
3 87 3011
2 4527
2 929
1 3203
1 4842
3 1146 3635
2 1594
2 2658
2 44
3 1972 2972
1 2729
1 41
3 1899 3108
3 3632 4880
1 2879
2 2125
1 174
1 2153
2 1987
1 3755
3 3235 4080
1 1335
2 4369
2 3094
1 1669
3 4932 4970
3 3194 4812
3 2926 3413
1 864
2 2248
2 1022
2 1794
2 464
1 233
3 1762 3726
1 2013
1 4436
2 3004
3 3962 3990
1 4209
1 4706
3 4547 4791
1 4974
3 1025 3130
1 4161
3 1193 4897
1 4094
3 1465 3986
2 4015
3 2173 3076
3 4272 4892
2 191
3 4179 4501
1 1819
3 2843 4426
3 4184 4429
1 4714
2 1603
1 803
1 3945
1 2548
1 4584
3 436 651
1 1299
2 279
3 4524 4593
3 4714 4755
3 344 1001
2 4902
2 1859
3 3253 3925
2 3001
1 2654
3 2367 3064
3 4408 4820
2 1069
1 131
1 932
2 2121
1 1512
1 4903
3 336 4529
1 2436
2 387
1 1371
3 1567 1988
1 492
1 4733
1 1956
2 1641
2 4547
3 1650 4660
1 3786
1 4256
3 4351 4773
3 2652 4703
2 4500
2 3541
2 1054
2 1765
2 1621
1 3429
2 493
2 4126
1 3422
2 3027
2 1593
1 3829
3 550 4981
2 999
3 4554 4750
1 3532
3 1705 2650
2 970
3 4166 4495
3 985 3591
3 4545 4928
1 3724
2 3472
1 1207
2 3633
1 673
3 1684 1751
3 1333 1601
2 2995
3 4089 4223
3 4087 4580
2 1239
1 719
3 1005 2551
3 3232 3248
1 211
2 4063
1 3788
2 1390
1 4395
3 2269 3610
1 3171
3 3072 3120
1 2129
1 2052
2 3249
1 1642
1 1843
1 3267
3 542 1228
3 1960 2031
1 3864
3 1682 3982
2 3938
3 1978 4575
3 4814 4913
1 1911
2 4624
2 4603
2 4345
2 48
3 845 4819
2 422
2 862
3 4462 4764
2 2560
2 2837
1 1196
3 2374 3612
2 3568
3 1842 2770
2 1309
2 4034
2 1048
2 3275
3 4188 4797
2 3050
3 1956 3167
3 2937 3455
1 1303
1 660
1 1922
1 4588
2 4964
3 3389 3826
1 4307
1 3272
2 3456
3 4217 4919
3 3854 4109
3 4675 4813
1 3869
3 4153 4393
1 255
3 470 4771
1 1211
1 9
2 3482
3 3353 3984
2 3877
1 2091
2 2860
3 3541 3755
2 3358
2 360
2 166
1 512
2 2220
3 4610 4784
3 3445 3475
2 4813
1 8
1 3351
2 1765
3 2418 2614
2 4435
1 4896
3 189 880
2 4141
1 4133
3 3110 3315
1 301
1 1566
3 102 2349
3 1598 4111
2 1619
3 542 2070
2 2138
3 1237 3178
1 4415
3 1992 4410
1 2927
3 3334 4464
3 638 838
1 938
2 4790
2 1613
2 2024
3 1301 4463
2 2321
3 4843 4925
2 318
2 1647
2 3211
2 1814
2 374
1 1344
3 1539 3080
1 3939
1 2997
2 1431
3 246 2425
2 1784
1 3440
3 4441 4758
1 2653
2 4713
2 1738
2 37
3 399 1051
3 1693 1745
2 2002
1 1685
2 3625
2 2756
2 4559
2 2504
2 3479
2 847
3 2608 3039
2 2539
2 2010
2 3854
3 803 2286
2 449
3 3367 4314
3 2091 2967
3 3519 3902
1 4909
2 3075
2 3724
3 673 943
2 4116
2 1398
3 2794 4665
1 2722
1 1023
3 4498 4818
3 3258 4418
3 3019 4417
3 3871 4471
1 4737
3 3516 4811
2 2209
2 1245
1 4193
3 1897 4522
2 2631
2 4881
2 555
1 4298
1 2551
1 2110
3 770 1549
1 2508
3 1685 1886
2 316
3 4043 4303
2 1669
3 4191 4829
2 111
3 3227 4199
2 727
2 2207
2 3605
1 575
3 2764 4853
3 4943 4999
2 2865
1 4758
2 3327
1 1407
3 4854 4882
2 4168
1 233
1 1624
3 232 3620
2 1674
3 102 3806
2 2599
2 2803
1 4739
3 1504 3319
3 3669 4291
1 412
2 225
1 1664
1 3106
2 4275
3 3568 4266
3 1285 2817
2 585
2 2921
2 1078
2 2916
1 2983
1 4455
2 1172
3 2426 4301
2 4257
2 4069
3 3497 4868
1 827
1 4067
3 673 3823
3 1376 4340
2 2887
1 636
3 3271 3320
2 29
3 2596 3401
1 1872
3 2766 2806
1 743
2 3349
3 2489 2763
1 4560
3 1762 3522
2 4730
1 1103
1 1848
1 2655
1 2623
1 4316
3 3394 4153
2 117
2 3110
2 2868
1 3092
1 462
3 1908 4354
1 1505
1 1298
1 3735
1 1706
2 2108
1 4089
1 622
3 971 3138
1 2151
3 1886 3456
3 889 968
3 2406 4389
3 2100 3084
3 3947 4248
3 3222 3938
1 4940
1 1447
2 4205
1 318
1 2195
1 1680
2 1414
3 1503 1618
1 439
2 3472
3 2539 3831
2 291
2 2355
1 3359
3 236 353
2 4077
2 2887
3 2000 4455
3 3316 4086
1 2246
1 4522
3 664 2729
3 4249 4434
2 2258
2 1171
3 3895 4506
1 1759
3 3963 3976
2 1900
1 1647
2 4399
2 4838
3 4178 4639
2 884
1 715
3 2584 3477
2 1716
2 3594
3 4852 4889
2 4548
1 3242
1 157
1 3131
1 3471
3 123 2246
2 590
3 1383 3133
3 3123 4511
1 3624
3 2145 4703
2 2175
1 2092
3 2995 4304
1 1382
2 4984
3 1927 3543
3 975 3915
3 3671 4476
1 164
3 4870 4920
1 553
1 3995
1 178
1 776
3 1582 4984
1 1320
2 1007
2 2683
3 1280 3759
2 613
2 175
1 1810
3 4413 4793
2 1639
3 4931 4969
1 484
2 3728
1 2938
2 795
2 926
1 2234
1 3951
1 3309
3 1671 2949
3 1117 4979
2 2209
2 1849
2 2593
2 1865
2 238
1 567
2 1199
3 2228 4141
2 283
1 1839
3 1746 4402
3 4193 4702
1 3307
2 2194
3 3801 3887
2 4755
2 1427
3 2570 4675
1 2843
2 1499
3 2227 2534
1 3462
3 4683 4911
2 2445
1 3572
1 1239
3 2198 2982
2 1016
1 2132
3 1933 4107
3 4159 4610
3 513 3553
3 4690 4935
2 75
2 266
3 2579 3523
2 1503
3 2711 3400
3 4945 4970
2 1590
2 1115
2 3657
3 578 4694
2 829
1 4001
3 2962 3398
2 3425
1 2269
2 3140
3 4308 4707
1 4791
3 3041 4240
3 1098 4240
2 3319
3 1426 4760
3 3250 4526
1 598
3 1552 2241
2 2594
2 3
3 1249 1320
1 2452
2 3004
2 2364
1 2281
1 1297
1 4124
1 1689
1 3209
3 360 2444
3 646 3927
2 771
2 4664
1 1076
1 1776
2 4616
2 2217
2 4502
3 2834 3624
3 3316 3992
3 926 2728
1 3191
1 1057
2 3804
2 383
1 3140
1 3639
2 1597
2 1546
3 462 1057
3 2058 2825
3 4176 4368
2 4900
2 3991
1 811
2 83
3 2802 4261
3 1675 3695
3 722 1327
1 559
1 1660
2 1239
3 3319 3620
3 1318 1830
3 3785 4326
2 2098
3 4222 4903
2 2248
3 1964 2044
1 1621
1 793
2 920
2 4998
3 2897 3135
2 2843
3 4627 4716
1 2963
2 4003
1 3042
2 516
3 4929 4968
1 1343
1 3605
1 545
3 4678 4754
1 3393
3 1887 4612
3 4722 4880
1 780
2 2027
1 3988
2 2077
1 3643
2 2978
1 755
2 1887
1 4720
1 2032
3 194 2321
1 3838
3 4138 4801
3 2741 4050
3 2296 3223
1 471
2 358
1 4707
3 1096 3418
2 3645
1 536
2 342
2 4271
1 3030
3 4287 4652
1 819
3 3903 4966
2 31
2 1482
3 3246 3670
1 1569
2 4782
2 3168
1 3764
3 1262 4185
2 2647
3 2127 4958
2 4859
1 3915
3 1680 3146
2 2674
2 1027
2 3158
3 3619 4949
1 3453
2 2413
2 379
3 252 3325
1 609
3 2200 3899
1 3060
2 1135
2 1279
2 257
2 3165
2 1173
2 1491
1 453
2 3435
2 2391
1 4011
3 3676 4766
1 1562
3 2313 3064
1 4566
1 1252
3 647 1888
3 4120 4822
3 4856 4973
2 1034
2 626
1 384
3 3703 4132
2 520
2 2508
1 2066
1 4412
3 679 1958
2 4876
1 4698
1 3701
2 617
3 3181 4692
2 4566
1 392
3 3974 4209
3 4583 4827
3 2086 2759
1 804
3 400 1592
1 2767
3 2145 4555
2 2959
2 2888
1 257
2 2658
3 2796 3760
1 522
1 1850
2 1949
2 634
1 1604
2 1077
3 675 1588
2 1169
2 2443
1 3283
3 3056 4275
3 3916 4659
1 2646
2 1256
1 2780
3 1822 2711
2 1326
3 523 591
3 1420 3882
1 2478
1 3438
2 26
1 51
3 3973 4973
3 219 3960
1 4087
2 4766
1 4522
3 107 4681
1 3390
1 3277
2 984
1 2716
3 4684 4889
1 58
3 2417 3766
1 2025
1 3930
1 1015
1 162
2 239
2 2657
1 4183
3 4606 4961
2 3445
2 3215
3 2049 2311
3 3252 4674
3 4077 4702
3 2187 3371
1 2885
2 2877
3 3795 4588
3 1715 3867
2 3579
3 684 1594
1 2817
3 959 3053
1 3118
1 479
1 2820
1 1117
3 4342 4657
2 1121
2 3694
1 3036
3 4856 4954
2 1447
3 687 1707
1 2239
3 4430 4493
2 4108
3 161 1176
2 2396
3 3287 3718
2 4682
2 1395
1 3015
3 1593 3466
1 4229
3 3301 3584
2 672
2 4234
1 3721
3 413 4349
1 3680
3 4446 4544
2 3654
3 565 4780
2 2697
3 1522 1800
2 4305
3 4452 4550
3 3228 4870
2 2943
3 762 4826
2 1020
2 1431
3 622 2352
2 2246
3 1121 3699
2 2315
2 4669
1 1660
1 4436
3 622 3409
1 3561
1 3143
2 2183
2 599
2 3107
3 1606 4224
2 800
3 2309 3984
2 4653
3 2816 4227
2 4847
1 3164
1 3253
2 3823
2 1004
1 2316
2 4627
1 3843
2 3135
2 2798
1 3884
1 2770
2 2875
1 1908
3 104 2177
1 3613
3 146 2835
3 190 4088
2 1116
2 1900
1 1410
1 2889
1 1593
2 3789
1 4131
2 4509
1 3446
2 3419
3 212 2845
2 402
3 4131 4763
2 3239
2 1544
3 2918 3784
2 4536
2 1144
3 4230 4687
1 4527
2 1123
2 3881
1 793
1 4229
1 4542
1 826
3 3801 3927
3 1669 4277
1 564
2 1777
3 992 3752
2 2844
2 478
1 1538
2 3818
3 1263 4015
2 4630
1 4741
3 4467 4776
1 4415
3 3418 4309
1 837
3 2033 2924
2 4682
2 3731
3 3720 4207
3 2971 3070
1 4118
3 3309 3707
3 3248 4374
3 2217 4620
2 666
3 2391 3137
2 3906
2 4343
2 1439
1 4832
1 4235
2 1143
3 2227 3503
1 4880
2 1168
1 4421
3 196 1730
2 1572
1 2916
2 900
1 864
3 3678 4119
2 826
2 4177
2 3292
1 1105
2 1112
3 491 2206
1 4894
3 1406 2797
1 1436
3 1574 2734
2 3288
2 1531
2 2751
1 52
1 1019
2 1025
3 1553 2708
1 851
3 2297 4906
3 2287 3504
3 4072 4761
3 4391 4417
2 2661
2 4534
2 2009
1 3906
2 437
1 408
3 215 2684
3 2602 4371
1 1916
3 2242 2992
1 4626
1 3765
3 2354 2668
3 1051 4249
3 969 4165
1 2062
3 4473 4876
1 4438
3 320 1198
1 3669
1 4844
3 18 3421
3 1853 4940
1 3483
3 1205 3588
3 3218 4307
2 1975
3 3044 3108
2 1377
1 2163
1 1896
1 2248
1 3502
3 3433 4667
3 4171 4600
1 173
3 3304 4580
3 916 4810
3 1429 2460
3 478 4411
2 1838
1 2179
3 125 4755
2 3764
1 478
1 3889
2 114
3 1107 4291
1 997
2 4793
1 158
3 1652 4320
2 2159
3 2348 4106
2 1620
1 2137
1 3984
2 4378
1 3507
1 4107
2 1363
1 1305
3 4858 4960
2 985
3 3600 4350
1 4670
1 2170
3 3615 3793
3 4033 4942
3 1995 2526
2 2760
3 3187 4777
1 4947
2 1514
3 2569 4767
3 3920 4514
3 4937 4998
2 4532
3 4454 4578
1 2026
3 1950 2683
2 4215
3 4652 4918
3 3609 4630
2 2082
3 3791 4245
2 4751
2 3949
3 561 4040
1 1258
1 1641
1 3212
2 1415
3 1500 2966
1 2634
2 1932
2 778
1 3913
2 1485
3 3448 4334
3 3969 4991
1 2209
1 4221
1 297
3 302 1589
2 1364
2 1829
2 4084
1 3073
2 2165
2 1608
3 762 3953
3 3998 4981
1 3009
3 474 3910
2 217
1 3321
3 1751 4084
2 637
1 1604
2 1119
3 4782 4877
2 1651
2 1598
1 4763
1 352
1 4809
2 1150
1 802
3 3576 3834
2 4780
3 2615 4870
3 2677 3514
3 2124 2497
2 1274
2 3802
3 544 765
2 3675
2 2008
1 452
2 2600
1 2515
2 4061
3 908 4722
2 3996
3 4733 4944
1 2376
3 3545 3812
1 2636
1 4117
2 87
3 2579 4019
1 3572
1 3579
3 477 2879
1 3168
1 1167
2 4078
1 276
1 628
2 4681
3 2785 4789
1 649
1 3572
1 699
3 3964 4163
2 24
1 1643
2 3538
1 394
1 4065
3 1734 4818
3 3614 3738
3 1480 4037
2 3332
1 1650
1 2674
1 1778
3 2361 3548
2 4614
3 1679 3381
3 3293 4720
2 2384
1 3540
2 2261
1 1704
3 4413 4951
2 2403
1 3418
3 227 3634
2 1790
2 3540
3 2042 2321
3 3384 4170
2 2358
1 305
3 939 3038
1 369
3 4462 4700
1 267
1 810
2 3517
1 2631
3 817 4961
1 2434
1 1820
1 756
2 1592
2 4471
2 4725
2 1584
1 3173
2 4754
3 1705 2129
1 3938
3 2482 2706
3 698 4526
3 3147 3826
3 856 1806
3 3259 3363
3 3405 3855
1 4166
3 440 2333
2 356
2 1143
2 1123
2 3813
1 1384
2 3143
1 4498
1 3329
2 3722
3 1621 1816
2 4151
3 718 3157
3 150 838
2 667
3 1653 4393
3 1729 2454
1 750
1 3850
1 4586
2 4405
2 2404
2 1095
2 1646
2 754
2 4748
3 773 1880
3 42 670
2 1137
3 625 2381
3 4135 4220
3 3125 3956
2 1650
2 4270
1 2590
2 3629
2 4383
2 4476
1 4850
2 39
3 3989 4441
1 3231
2 862
3 404 2204
3 8 2225
3 2388 4051
2 181
1 2172
1 1508
2 2479
3 2825 3315
2 4078
2 3016
1 1958
2 357
2 395
2 632
1 3890
2 4765
2 4850
1 3045
2 1874
2 420
1 2776
1 343
2 4385
2 4307
2 3756
2 2775
2 2883
3 4615 4944
2 23
3 2686 4031
1 2089
2 556
1 1942
2 1964
1 818
3 3381 3966
1 607
3 4958 4988
1 3452
2 3149
3 2650 3243
1 3542
1 1138
3 4507 4546
1 2419
3 1124 1573
3 3096 3833
3 1629 3930
3 4642 4727
1 1712
2 4910
1 2231
2 3553
3 1045 4193
1 2198
1 4348
3 3241 3515
3 2472 2664
1 1749
3 745 1556
1 1557
1 4287
2 3882
2 4991
2 265
1 3864
3 4184 4877
3 4478 4625
1 2927
2 4274
2 2946
2 735
3 2688 3029
1 1123
2 3753
2 1097
1 3774
2 1599
3 2729 4811
3 1537 3450
1 4832
3 1400 4258
3 568 914
3 3837 4249
2 1419
3 434 767
3 59 2304
2 1288
1 2902
3 396 2906
2 1135
1 4692
3 687 3527
1 1955
2 145
3 3395 3746
2 3057
2 3547
2 2966
3 4152 4157
1 54
2 970
3 2573 3291
3 4546 4717
1 3302
2 4861
2 4735
2 4098
3 3694 4362
3 3782 4542
3 653 4461
2 1774
3 3861 4718
2 1579
2 723
3 4982 4990
1 272
3 2519 3813
3 4459 4947
3 4384 4956
3 874 2374
3 4327 4670
2 2484
2 198
2 2303
3 1513 4362
3 2465 4318
2 3659
3 1853 2127
1 698
1 4509
2 38
2 3594
3 2508 4911
1 4808
1 4827
2 3290
1 2197
3 3812 4773
1 2513
3 790 2068
2 2360
3 1675 3635
1 621
1 3166
3 1157 4986
1 2157
3 3932 4245
2 1325
1 3209
1 4668
1 1634
3 1729 4392
2 1232
3 1094 2488
3 4150 4373
1 3496
1 750
1 1387
2 1465
2 1684
2 3457
2 435
2 3755
1 4208
3 902 4077
1 1662
2 2013
1 718
1 1915
1 4682
3 4872 4884
1 423
3 74 281
3 1898 3139
3 2917 3121
3 1590 2982
2 2097
2 1464
2 3071
2 2810
2 4341
3 886 2430
1 4949
1 1365
3 3798 4752
2 3711
3 2000 3999
2 2597
2 1993
1 1115
1 352
1 1841
1 4801
3 1844 2136
3 295 897
2 317
1 531
1 1661
2 2267
2 3334
1 4525
1 2137
2 378
2 2341
2 937
1 4464
1 3977
3 189 634
1 3056
2 890
3 1983 3516
1 4555
3 4836 4929
3 918 4139
3 1497 4205
3 4269 4331
3 1228 1957
2 2039
3 3704 3927
2 1876
2 3479
1 2160
3 989 2956
3 2682 4063
1 4693
1 1260
2 2657
1 2556
1 523
3 2560 3014
1 2758
3 996 3746
2 1802
3 4989 4990
2 2902
1 746
2 3703
3 905 4007
2 3061
1 2963
2 371
2 961
2 2896
3 1642 4899
2 3631
3 3255 4937
3 3438 3720
1 4873
3 788 4638
1 1562
1 4234
2 4597
1 2498
3 4871 4887
1 691
2 1121
1 3580
1 3311
2 2107
1 4827
1 3144
2 3395
1 2130
1 538
1 4465
2 778
2 4133
3 3284 3743
3 4619 4839
2 666
3 3186 4942
3 4839 4894
1 1871
2 3223
3 4840 4941
2 590
3 3298 4270
2 2339
3 588 1798
1 684
2 4770
2 3751
2 4659
1 4046
1 3494
2 4557
3 1713 2645
1 4892
1 4109
3 824 3385
3 2579 4688
3 989 1219
1 3802
3 410 1648
1 4373
2 4766
2 2493
1 1574
1 3034
1 603
1 519
3 1590 4942
2 1401
2 2764
3 3239 3393
1 4456
2 3623
2 3223
1 33
1 1666
1 552
1 727
2 806
2 3304
2 89
1 3321
1 2266
1 3041
1 1748
1 4652
1 1715
1 4852
1 3086
3 3715 4846
3 4375 4732
2 3723
2 4769
2 1135
2 4059
2 555
1 4531
1 1810
1 3345
1 1610
2 4162
3 2749 3048
3 3865 4927
2 2143
2 3110
2 4839
3 1732 2401
1 4573
3 3744 4208
2 138
1 3547
2 4836
1 1754
2 4167
1 3731
2 2577
1 3297
1 216
3 3944 4709
2 298
3 398 2695
1 413
1 1460
3 1398 3255
3 3366 3405
3 3328 4712
3 4870 4889
2 2921
2 1534
2 3716
1 3088
1 4044
3 4737 4934
2 2412
3 4176 4740
3 2752 4766
2 3464
1 2761
2 4471
3 1245 4265
3 2537 5000
1 2897
2 3406
2 4717
1 3189
2 3050
2 1572
3 1335 1843
3 714 4011
2 2320
2 3237
2 2704
3 1225 3582
2 2190
3 3910 4374
1 1980
2 4587
1 4928
3 1868 1949
3 4579 4740
3 1701 3407
2 14
3 3065 4579
1 4383
2 2615
1 4441
3 2925 3054
1 4070
2 1265
2 3105
3 2526 4279
2 3780
3 3705 4881
1 3876
2 1904
2 1051
2 4144
3 2543 3587
3 2264 3624
2 1430
2 1770
1 458
1 603
3 2002 4002
1 2850
3 4947 4967
1 1110
1 1835
2 2077
3 8 2648
2 2124
2 580
3 2442 4410
1 2448
2 2735
3 4517 4673
2 60
3 4940 4992
1 3098
1 4236
2 2400
1 2509
2 297
3 1530 3038
3 4986 4991
1 1028
2 4314
1 2668
3 3947 4522
1 422
3 3761 4402
3 3720 4718
2 4939
1 2559
3 4571 4995
3 3584 4161
1 2723
2 1049
1 1494
2 4109
1 375
1 207
2 253
1 3691
3 889 3001
1 1871
1 363
1 2934
1 2767
2 1872
1 3561
3 4401 4765
2 3820
3 3964 4154
3 4170 4398
3 3032 3452
1 2828
2 632
3 2435 2876
2 4290
1 607
3 3130 4704
1 172
3 3694 4171
1 3612
3 1697 2611
2 1036
1 4564
1 3013
2 3098
3 4268 4504
1 32
2 1967
3 2803 3277
3 2865 4376
1 2505
1 770
1 4203
1 2380
1 1835
1 1558
1 40
1 1753
2 4620
2 4980
1 2854
2 4532
1 2837
3 2321 2454
2 3096
3 3687 4932
3 2758 4841
3 2460 4836
2 3341
2 2543
1 2842
2 3050
2 252
3 2731 4901
2 4990
2 484
1 747
2 3898
1 626
2 2547
3 2510 4639
2 2066
2 3878
3 1509 3544
1 1373
1 4382
1 729
3 3884 4968
1 1191
2 2257
2 181
1 4970
2 1431
2 2274
3 1239 3738
3 4158 4199
2 3749
2 3932
2 4418
1 1634
3 2478 2600
3 4169 4560
1 3425
3 4620 4765
2 816
1 1890
2 4837
2 2012
1 1748
3 4765 4948
3 3546 4395
2 3579
3 605 1771
2 1719
1 2236
2 3614
1 2123
2 2846
2 494
3 1949 3894
3 2559 3056
1 4271
2 3715
2 2480
1 810
1 4642
1 4367
3 1926 3536
3 575 1772
3 3400 4841
3 2635 4097
1 4318
3 1947 3847
3 1667 3839
1 4968
1 1965
3 4812 4946
3 3385 4498
1 4024
2 3111
2 4503
2 1828
3 2542 2860
2 1687
3 3701 4274
3 1458 2806
3 2366 3574
1 1583
1 3125
2 1689
1 3563
3 3865 4697
1 2562
1 2244
3 1263 3553
1 4432
3 4191 4894
3 4708 4788
1 2112
1 1897
1 1822
1 1431
3 2823 4042
3 765 818
2 27
3 2349 2840
2 2197
2 4349
2 3239
2 4324
2 912
1 4902
1 29
3 4642 4832
2 2896
2 2628
2 4425
1 4420
1 3393
3 2258 4700
2 3143
3 4310 4918
2 1304
1 3191
1 4823
1 2358
1 4352
3 4371 4699
3 1460 2885
1 905
2 1145
2 659
1 1875
2 3166
3 2844 4286
2 837
1 4752
3 4354 4456
1 3494
2 3037
3 1631 3430
1 1076
3 631 3321
1 2830
2 4398
2 1861
1 983
2 1188
1 809
3 3654 3901
1 4584
1 1246
1 2554
2 1001
2 1440
2 999
3 2001 3457
2 956
2 678
3 2798 3993
1 4219
1 2899
1 3054
1 4755
2 1439
1 4361
3 1036 3981
2 3815
2 4902
1 4909
1 368
2 2329
3 3849 4767
2 3208
2 1763
1 4229
2 1549
3 2649 4659
2 2637
3 2671 4912
3 1238 4260
1 460
3 4754 4835
3 4929 4941
1 2167
1 4017
2 4818
1 1891
3 327 1735
2 3256
3 1923 2061
3 840 3369
3 4113 4825
1 4070
2 259
2 2208
3 2982 4138
1 2394
2 4378
1 1486
3 2390 3116
1 736
1 2486
2 198
3 1854 4811
1 373
2 1504
2 2760
1 1022
2 4079
3 619 1090
1 4012
2 1190
1 1216
3 2576 4340
3 2177 4660
3 996 3490
2 1862
3 1094 3292
2 632
2 4449
2 4219
1 1787
1 7
2 948
1 4349
2 411
3 36 2932
1 4827
2 1529
1 1624
3 364 505
1 2358
1 3424
1 474
2 1884
1 2879
1 4497
3 2018 4762
2 1221
2 293
1 3454
2 3355
1 3343
3 4411 4423
3 4853 4870
1 3323
2 2472
2 3104
2 4159
2 4548
1 360
2 4752
1 474
3 1605 1739
2 2413
1 1278
1 1499
2 2266
3 2387 2678
3 1509 3892
1 2917
3 3928 4253
2 2404
2 4607
3 247 4945
2 1213
2 1759
3 4604 4827
2 3216
3 587 3689
2 821
1 1461
2 2205
1 835
3 712 1524
1 1715
2 4606
1 3017
1 4376
3 1031 1116
3 4970 4978
2 2591
2 3965
2 2621
2 4030
2 1403
3 726 4008
3 3170 4347
1 2902
2 71
2 2447
3 1114 1494
1 705
1 2044
1 3133
3 4436 4594
1 4389
1 4228
1 1848
2 4465
2 1758
3 2571 2855
1 502
1 4970
3 2245 3116
2 4638
3 2192 3814
2 2860
1 37
2 1638
3 3373 4213
1 2979
2 314
2 333
2 1020
2 4216
3 2693 3341
3 843 3627
2 2011
1 1136
3 3187 4969
3 308 953
1 1413
3 2282 4899
3 4219 4508
3 3764 4362
3 1998 4128
2 3482
3 1350 4017
1 3438
1 2268
3 3844 4209
1 1279
3 1568 2716
3 2746 3653
2 3975
3 2287 3269
1 2190
1 2377
1 2642
1 660
2 3241
1 4058
3 2534 3977
2 3248
1 143
1 2489
1 543
3 273 1564
2 903
2 449
1 670
2 3405
3 2574 4414
1 4434
2 4416
3 3085 4402
1 4382
2 530
3 801 1177
3 4936 4937
2 3868
3 4994 5000
3 3119 4836
2 199
1 2353
3 3490 4553
2 1162
3 3265 3312
1 1953
1 2244
1 1681
1 4480
2 4034
1 2507
1 4434
3 4932 4997
3 3867 4586
3 582 1729
1 4466
3 4769 4963
1 1271
1 4069
1 2015
1 4161
1 2506
3 4261 4427
2 1191
2 1825
3 3358 4750
2 3894
3 90 2566
3 3200 4243
2 3428
2 2031
1 1075
3 1094 2285
1 1336
2 2088
2 2429
1 145
2 1684
3 1680 1941
2 4677
2 1934
3 2900 4033
2 524
3 2555 3542
2 4590
2 4978
3 2316 4765
3 2667 4673
3 1387 3892
2 2623
3 4809 4877
2 2832
1 1564
3 4120 4634
1 4616
3 268 3180
1 164
1 1317
1 3874
1 636
2 113
1 1959
1 1184
2 1143
3 4036 4064
1 556
2 2308
1 2908
2 2435
3 1884 4350
1 1434
3 4032 4678
3 3780 4781
1 3861
2 376
1 2175
3 981 4699
3 1060 1542
3 4852 4941
3 3456 3562
1 4100
2 465
2 1761
2 2191
3 385 3922
1 1459
1 4362
1 3742
1 456
1 3731
1 4372
1 525
3 2797 4098
2 2492
2 553
2 881
3 2606 2620
2 4402
2 1161
1 1841
1 1484
1 2367
3 274 3082
3 1240 1405
3 3388 4541
3 4161 4959
2 3646
1 4550
1 3998
2 891
2 1004
3 818 2352
1 416
1 4154
2 568
3 3120 3558
1 44
1 2822
3 3596 4649
1 2974
2 1820
2 673
3 141 4747
1 4179
2 331
2 4418
3 3777 4332
3 866 2279
2 1288
2 4660
3 3383 3831
3 3216 3359
2 3366
1 4014
1 3088
2 866
3 3469 3753
1 1295
3 1470 1820
3 1915 3800
3 4615 4767
3 1636 3581
3 2742 4704
2 3000
1 2423
2 1074
3 1662 3111
2 4743
3 3694 4111
1 2821
2 4335
1 1637
2 1638
2 524
2 2626
2 2092
2 2553
1 4776
3 4031 4079
3 3061 3246
1 3266
3 4944 4988
2 3179
3 598 4781
2 2596
2 2918
3 4255 4309
2 2216
3 191 3734
2 2815
3 3391 3515
3 2808 3624
1 4190
3 140 784
3 2751 3425
2 1538
3 3085 3790
1 1554
3 4303 4779
1 1174
2 1128
1 288
2 1455
1 4084
3 285 500
2 208
1 4363
3 4118 4480
1 1859
1 898
1 1874
3 3918 4449
3 1752 2898
2 1472
3 2434 3676
3 179 547
3 501 857
3 228 717
3 3461 3768
3 4635 4738
3 4691 4978
3 908 1985
2 802
3 1060 4228
2 4235
2 4962
3 4392 4793
3 4967 4970
2 899
3 3980 4421
3 42 4390
2 2991
2 1132
1 1696
1 4368
1 263
2 4160
2 4549
1 1932
2 867
3 3454 4137
3 1118 3273
3 1851 3900
1 4027
2 2271
1 4664
2 901
3 3450 3862
2 654
1 3521
3 1027 3644
3 2166 2727
3 279 2348
3 1568 4938
1 1201
2 1218
2 3732
2 1392
2 1804
3 4868 4979
2 3987
3 3102 4956
2 3606
2 2623
3 1285 4050
3 2606 4061
1 3396
1 3738
1 4186
2 2086
3 4653 4872
3 2306 4801
3 456 4012
1 2404
3 821 4299
2 42
1 2143
2 2888
2 671
2 3673
1 3506
2 751
3 423 2831
3 2687 4375
1 3817
1 4043
2 2710
1 650
1 1007
1 979
3 1416 3400
1 3337
2 1887
2 1801
3 3482 4715
2 934
1 4573
3 3289 3893
3 2319 2834
2 1113
1 3844
3 3833 4055
2 4778
2 294
1 2174
3 3239 4156
1 3505
1 226
1 1458
1 2678
2 2262
2 147
1 476
2 355
1 4626
1 3588
1 755
1 2729
2 4056
3 2915 3267
2 4354
1 2710
1 542
2 3338
2 4728
3 1386 2395
1 1226
3 4204 4704
2 390
3 669 4667
3 202 4201
3 3368 4781
1 4022
2 4952
1 315
2 982
1 2607
1 321
3 2166 2279
3 3988 4633
3 821 1279
1 558
2 1224
3 1664 4328
3 485 1697
2 1218
1 208
2 2766
3 1135 1253
2 191
2 2593
1 1802
2 1216
3 3291 3685
1 3737
1 3271
1 1752
3 2776 4452
3 978 4747
3 4666 4693
2 2132
2 4805
2 4775
1 4293
2 272
3 393 3539
1 639
1 4302
3 3324 3654
1 3897
3 2009 2091
1 2114
3 497 620
1 3984
1 1417
1 3602
1 1363
1 4338
2 4195
2 2589
2 3748
1 4188
2 3017
3 687 2316
3 4718 4967
1 3395
2 4356
2 1036
1 1964
2 2664
3 859 4905
2 2688
1 4937
1 688
1 718
1 3418
1 2434
2 1944
3 4397 4597
1 714
2 1548
1 3266
1 838
1 1850
1 4337
3 1150 1995
2 453
3 3416 3782
2 2622
3 1296 2503
3 2369 4816
2 1472
2 2743
2 1781
2 777
1 4303
1 837
3 2425 3291
3 904 1896
3 2068 4523
1 4084
3 4362 4669
2 2341
2 2449
1 4379
1 759
1 1193
3 2157 2337
2 3843
3 1391 4414
1 2581
2 1114
3 2584 2830
2 4784
2 3830
3 4209 4565
3 4040 4313
3 1785 4028
3 2881 3517
2 1529
3 2354 4497
2 1096
2 583
3 4519 4812
3 3186 4870
1 4457
3 895 2768
1 3909
3 2459 2848
3 4596 4657
3 4617 4935
3 4742 4979
1 4263
2 3543
2 2535
3 2487 4942
3 4261 4570
2 1516
3 4074 4831
3 3212 3273
2 1184
1 4837
1 3208
1 1560
3 1004 1444
3 4754 4987
1 4635
1 296
3 3110 3787
3 609 1122
3 1754 2084
3 2437 3016
1 1583
1 56
2 1032
1 139
3 1164 4016
3 4890 4920
2 3221
2 4197
1 1237
2 1104
2 1986
2 3889
1 940
1 275
1 2058
3 1418 2570
3 900 2981
2 226
2 2920
3 4046 4458
2 1757
2 4884
3 1565 2513
3 2037 3400
3 2686 4571
1 2166
2 4298
3 1324 4285
1 4869
2 3851
1 3621
3 1012 2573
3 1318 3687
1 751
1 792
1 4504
2 723
3 1966 4901
2 1571
2 4147
1 880
2 668
1 1424
2 3689
1 2321
3 4944 4951
2 3752
3 4830 4832
1 3193
3 2206 4278
3 145 760
1 3415
1 3928
1 4663
1 3070
1 507
1 4972
3 463 2959
3 458 1979
1 4370
3 1064 1288
3 4256 4981
3 1960 2038
3 1074 3750
1 661
2 3470
1 2675
2 3192
2 4834
2 1957
1 2276
3 3651 4730
2 1989
2 3487
1 2724
3 2651 4924
3 3556 4841
1 4967
3 4307 4892
2 2848
2 4760
1 567
3 1753 3404
3 432 578
1 4884
2 1703
1 1686
2 848
3 2705 2986
1 1117
1 1025
3 4705 4989
2 1826
3 4561 4706
3 2685 2909
1 3279
1 1586
2 1119
2 4525
1 1398
2 2051
3 2190 4009
1 2346
2 1680
3 4363 4683
1 3119
2 4185
2 345
3 3636 4484
2 4310
3 2863 4128
3 4725 4943
1 4528
1 4223
2 4103
2 1322
2 4654
3 2840 4166
2 2650
2 1107
1 4911
1 1835
3 689 4868
3 3656 4922
1 4860
1 2925
2 1222
1 1711
1 1549
3 4194 4877
1 3833
1 3768
2 3806
1 2217
3 80 4333
1 3366
2 2893
2 4324
2 810
2 4357
3 3525 4938
2 3833
2 3386
3 4563 4672
1 1563
1 3518
3 3373 4919
3 1519 4108
2 1266
2 1452
2 3077
1 677
2 4436
3 1380 2522
3 1783 3327
1 1482
2 4339
1 3539
1 4652
1 2547
1 3032
2 1975
3 4310 4702
2 1737
3 4725 4791
3 4641 4927
3 475 1479
3 2614 4121
1 694
2 2547
3 2244 4665
2 4995
1 2012
1 1323
3 1702 2476
1 1245
2 3770
3 556 4725
2 328
1 216
3 3391 4634
1 3449
1 3241
2 3470
2 3524
3 1324 2915
1 3398
3 2342 4742
2 4556
1 2206
2 2167
2 4989
2 1582
1 3326
1 210
2 238
1 2335
2 908
3 1842 3164
1 4275
2 1081
3 3390 4697
3 1835 1866
1 4781
2 254
3 1762 4231
1 3536
2 3266
2 4648
3 703 4493
3 1122 1441
2 3081
3 2252 4326
1 3498
1 2107
1 4117
3 4936 4959
2 4239
3 265 4105
2 4530
3 4405 4530
1 4926
2 1714
2 3889
3 1536 2835
1 4366
1 4310
2 4504
2 4779
2 1919
3 753 4959
3 606 1549
2 4684
1 3547
1 1001
3 724 3526
2 1664
2 3943
2 1767
2 3373
2 3052
3 529 3794
3 1406 3076
3 736 3511
2 3783
1 3326
1 2275
1 4554
3 1105 2181
2 3763
1 2015
1 3568
2 1027
3 257 1478
1 4319
2 2064
3 462 905
3 2311 3399
1 4951
3 3711 4746
3 3724 4710
2 4712
1 4541
3 1258 1546
1 3911
3 108 4933
1 4898
1 374
2 2774
1 131
2 4071
2 4223
2 4955
1 434
3 314 4280
1 166
2 4389
3 797 3837
3 2774 4198
1 477
3 4764 4799
2 2018
2 4401
1 4553
3 4036 4076
1 4248
1 833
1 2172
2 419
1 4790
2 2240
2 124
3 4898 4936
2 806
3 3527 4753
2 3648
3 171 1846
1 3705
2 131
3 1859 4038
1 2986
1 1134
2 2675
1 2509
1 2139
1 13
1 187
2 3733
2 4598
1 2614
2 4516
3 4177 4869
3 1716 4363
2 3955
1 4683
1 2027
1 1647
3 626 2627
2 4120
3 2499 3021
2 4012
3 2992 3334
2 4169
3 1932 4908
1 2521
3 4965 4972
1 4598
2 2672
3 2566 4480
1 555
2 4403
2 361
3 2421 3785
1 74
3 892 2028
3 3213 3758
1 3227
1 3948
1 2909
1 3266
1 374
1 4352
3 2648 4418
2 1201
3 2520 2532
3 2440 3133
1 1287
3 2485 2962
1 129
1 2883
3 3503 3909
1 210
3 1619 2477
1 2822
