5000 5000
3 3750 4811
2 3967
1 2468
2 2332
1 4318
2 357
3 2458 4280
1 2384
2 1976
2 4045
3 4356 4540
1 3195
3 1562 3036
2 577
3 1391 3128
1 1245
1 2629
3 956 1167
1 4700
2 4261
3 3601 4390
3 1815 1853
3 3761 4965
2 4142
3 3870 4956
1 3909
3 462 843
3 1111 1801
1 4478
3 1732 2624
3 596 2292
2 325
2 965
2 81
2 2155
1 2624
2 996
2 3466
3 3562 4738
2 225
3 3495 3620
1 2782
2 3890
2 1844
1 4524
1 641
3 4247 4947
2 4949
3 2992 3355
3 3926 4169
2 108
1 928
3 4543 4607
3 3864 4071
3 738 2997
1 1721
3 1434 2625
3 770 2058
2 1212
2 222
2 3210
2 3903
3 1274 4891
3 3181 3321
3 95 2279
2 2636
1 3215
1 597
3 3563 4263
1 1119
2 1432
1 82
2 924
1 4059
3 4296 4422
3 3944 4005
1 70
1 4133
3 3083 4410
1 3569
3 2369 3031
2 3868
3 1042 4707
3 4300 4597
1 1524
1 984
1 2712
3 652 4500
1 4853
3 3819 4566
2 4828
2 1241
3 1370 1555
3 183 1435
2 774
2 3523
1 1466
1 4430
2 3252
3 481 3241
3 4681 4892
3 4743 4763
3 919 1641
3 3449 4043
1 3604
2 4377
1 4071
2 3400
2 1578
3 4372 4582
1 4308
2 2392
2 2422
1 2197
1 2291
2 449
3 1196 4043
3 2339 2363
3 527 2772
2 2452
1 2181
3 2469 2817
3 3580 3939
1 4055
1 4902
1 3496
2 3956
1 3743
2 802
1 3961
3 2668 4341
3 1682 2437
3 4779 4821
1 795
2 1981
2 80
1 3190
2 3349
3 2555 3950
3 3512 4288
3 1286 4102
1 1662
1 1601
3 3090 4691
2 314
1 3333
2 3477
2 3619
1 2695
2 4163
3 246 322
1 1195
1 3284
2 1313
1 3833
1 2480
2 2682
2 1112
2 1878
1 2563
1 141
2 1458
2 2956
2 3440
3 800 2651
1 3199
1 73
3 216 4540
3 3816 4340
3 1186 2572
1 3855
3 340 1187
3 2525 4923
2 1829
2 2354
1 3382
3 893 2134
3 2057 4823
3 2280 4234
3 2673 2965
1 4347
1 1951
2 1086
2 3898
1 2141
3 467 3851
3 4562 4783
2 3994
2 1151
2 463
2 4262
3 4391 4427
2 3725
3 4489 4779
3 353 3876
2 3862
1 4669
3 4570 4869
2 4220
1 2748
2 776
3 441 1544
1 4404
3 1520 1767
1 3787
2 3598
1 3848
1 4959
1 2929
3 2116 2916
3 4267 4548
3 1105 4960
2 2418
2 896
1 1071
1 215
3 4432 4646
3 4981 4999
1 2320
3 2178 3463
3 3797 4916
3 4671 4918
1 2464
1 3332
3 2441 3405
1 4811
2 3299
1 2339
3 4928 4977
2 1364
3 4522 4734
1 1703
1 1486
2 4034
3 4682 4940
3 4147 4530
2 2481
3 4893 4936
2 4871
3 2521 4514
1 3711
1 1372
2 1773
2 1460
3 287 2128
3 2692 4105
1 2341
3 4231 4460
1 2043
3 503 1565
3 860 4705
3 4201 4332
2 243
2 3607
3 1187 4725
2 2577
2 3624
3 3180 4696
1 4994
3 2969 4150
3 3818 4160
2 2933
2 2993
3 4093 4544
1 4841
1 1902
1 3149
2 3464
3 4949 4979
3 59 3580
3 2954 3058
3 602 3704
2 250
3 4369 4700
1 1238
2 898
2 4881
1 1789
2 4950
2 3339
3 3344 4411
1 1969
3 2939 4394
2 4849
3 2616 3631
3 1349 2308
1 3867
1 992
2 4599
3 1803 3076
2 816
1 1788
1 1329
3 45 1676
1 4689
2 3225
2 1438
2 4908
3 1441 2161
1 3762
1 2017
2 4562
3 3312 4691
2 4627
2 4622
1 2681
2 4095
3 1095 4614
3 654 4504
1 1890
2 3203
3 1534 3104
1 4787
1 3615
2 3003
3 4958 4963
1 4710
2 756
2 298
2 4926
2 1746
2 2282
2 3750
2 3951
2 1680
2 4656
1 1832
2 332
3 4850 4981
2 699
2 1973
1 1992
1 206
1 2857
3 3346 3877
2 1353
3 4267 4329
3 960 2212
3 988 4695
1 4397
1 1486
2 922
1 1022
1 1705
1 2727
2 3952
3 1728 4295
3 3175 4943
3 1287 4110
3 3093 4154
3 804 1573
1 3333
3 3056 4412
2 3159
2 1204
3 3905 4947
2 3630
1 2741
2 2147
3 3451 4097
1 1283
3 1467 4979
1 1895
3 2929 3019
3 3098 4143
3 2316 4719
2 311
2 2929
1 486
3 2490 4669
2 4669
1 4814
1 2876
1 3956
3 2745 3858
3 942 4019
2 1720
1 4177
3 3691 4056
2 4165
2 1285
2 3823
2 966
1 4508
2 1127
2 1003
2 1438
1 2964
2 3246
3 1918 2001
3 3593 4584
2 4124
2 3771
2 746
1 804
1 3816
1 1031
2 2640
1 875
1 1618
1 4800
2 3118
2 2563
2 2342
3 757 2103
3 3686 4093
2 1279
1 2853
2 849
3 3147 4921
1 3461
1 4275
1 4483
1 2303
1 2212
3 607 3884
2 4750
2 4300
1 1089
1 1377
2 4805
2 2513
2 954
2 3190
3 3345 4527
1 272
1 1528
1 4946
1 2690
3 2349 4274
1 928
2 4820
3 1086 3344
1 3348
3 4550 4700
2 2169
3 4033 4472
2 4499
3 3044 3681
1 4511
3 3650 3685
1 4467
3 3312 4503
3 422 4643
2 1364
1 1027
3 3972 4686
1 3916
1 47
2 1211
3 197 3220
2 4630
3 4334 4697
3 3919 4615
1 214
2 3660
3 1432 1594
3 2627 3116
1 319
1 1640
2 4300
2 3890
2 2980
3 78 1929
2 2801
2 4230
2 2855
2 3575
3 2443 4800
1 1480
2 3608
1 2749
1 3227
3 4412 4733
3 1535 2182
2 1250
1 3692
1 4303
3 4790 4867
3 568 1167
2 1637
2 1069
2 1401
3 43 4831
1 659
1 408
1 4673
1 3960
2 3991
3 4957 4963
1 3892
3 612 4155
3 4173 4213
1 3725
1 4475
1 2344
3 2393 4274
1 736
3 3644 4685
2 4843
2 3011
2 4201
2 1332
1 2746
3 2925 3011
3 3699 4435
2 85
2 3347
2 3201
3 4267 4668
3 3157 3597
1 4750
3 3568 4687
1 2281
1 1715
2 1279
1 2237
1 863
3 2677 2945
1 4658
2 2188
3 3512 3583
1 1603
1 805
3 1343 4113
2 3956
3 4819 4899
3 3830 3996
2 90
2 222
3 1089 3593
3 3207 4089
2 3076
1 3286
2 1599
3 3066 4988
2 1843
3 356 3232
3 3680 4240
2 765
3 3806 3967
3 2379 4231
3 3759 4440
3 4068 4705
2 4890
3 302 1263
2 2466
1 2419
2 3893
1 1038
3 1290 4509
2 1052
3 1532 1617
1 2971
3 2130 4373
2 4999
2 4456
1 535
3 3826 4837
2 1497
1 3918
3 4796 4861
1 1622
3 3446 4588
2 2796
2 4971
2 3359
2 497
1 4536
2 3082
3 1537 3904
1 3512
2 751
1 4896
2 4605
3 3376 4670
2 2808
3 3444 4977
2 767
2 1871
3 3952 4620
3 3517 4533
1 1703
3 4771 4857
3 1424 1902
1 1161
1 4603
3 339 4735
2 1460
2 1614
1 4270
2 617
1 1113
1 4496
1 2528
1 4631
2 4214
3 1471 2297
1 1057
1 2258
3 80 2533
1 3389
1 1267
1 1746
1 2078
3 3735 4339
1 2825
3 2302 2741
3 1433 3438
1 3145
1 2266
3 421 1306
2 3788
2 3101
2 3104
1 4340
3 1111 3743
1 3910
1 2265
2 2195
3 1321 1416
1 1297
2 846
3 1834 3666
3 2208 2443
3 1263 2301
3 3441 4942
1 712
1 1732
3 1710 3197
1 3225
3 1957 4524
3 3504 3953
2 2024
3 842 1461
3 4359 4922
3 1819 3224
1 3835
3 2804 4480
2 3420
2 4900
2 3480
1 4808
3 1341 2619
3 2259 3765
1 4028
2 1288
3 1047 3374
1 1518
3 486 3186
1 2937
2 2934
1 2651
2 259
1 1164
1 3717
2 2640
1 2090
1 1382
3 993 4616
2 1553
1 1734
1 2828
3 1376 2006
3 2140 2369
3 442 2996
2 1021
2 2680
1 4011
2 3541
2 4862
1 359
1 4453
2 274
2 2010
1 1454
3 4130 4716
3 1624 2481
3 3804 4497
3 1465 2482
3 1479 4739
1 4436
3 507 4905
1 2810
3 478 660
2 764
1 4923
3 1835 2118
2 3784
1 3284
3 1539 1685
2 621
1 905
3 618 3145
2 3957
3 3358 3362
2 1009
2 3362
2 32
3 1974 4077
3 4421 4598
1 142
1 3958
1 1916
2 765
2 1993
1 1895
1 4917
2 2305
1 651
2 1331
3 971 988
3 4877 4991
1 1742
3 26 1251
3 2313 3086
1 1488
1 4642
3 4677 4779
2 3079
3 4571 4944
1 4982
2 709
1 4118
1 1519
3 3641 4871
3 1051 1790
2 3022
3 4558 4994
1 4238
1 201
2 3852
3 2907 2918
2 621
3 4413 4579
3 3832 4601
2 3500
2 187
1 4404
2 329
3 1497 4213
1 3300
1 4466
3 2437 4014
3 527 1019
2 693
3 1074 3770
2 333
2 4181
3 2814 3147
1 4221
1 507
3 3446 3886
1 3052
3 1212 2181
3 1193 1793
1 3749
3 523 2729
2 4816
3 3218 3616
3 402 2063
3 4864 4980
2 4150
3 1063 4168
2 3900
1 1623
3 587 1253
3 3631 4510
3 2756 3844
2 4102
2 1902
2 3601
2 3986
1 1793
3 228 4707
1 4784
2 802
3 2980 4957
3 1455 3383
3 480 1089
2 962
1 4366
2 1221
2 853
1 2097
1 106
3 3030 4176
3 3746 4882
2 3679
2 1992
1 3976
2 2055
1 30
2 1712
2 3335
2 4135
3 1925 4136
2 2619
3 491 1904
2 421
2 4867
2 3977
2 3190
1 4030
1 884
2 110
2 3568
2 1777
3 1088 4173
3 4376 4863
3 4093 4378
1 4132
1 15
1 2920
3 377 4110
2 1703
1 2539
1 1279
2 1316
2 3982
2 2238
3 307 786
1 436
3 2590 4574
2 869
1 1331
1 212
3 1846 3298
1 585
3 4989 4990
2 4240
1 1332
3 3028 3591
1 3974
3 2250 3966
3 2909 3645
1 3619
2 686
3 3557 4644
3 3946 4471
2 4144
1 597
1 3111
1 3563
1 2280
2 1461
3 1019 2064
2 1023
3 600 903
3 2305 3347
2 1107
3 936 1223
3 4137 4196
3 4275 4446
1 51
1 618
1 2280
3 3504 4727
1 4465
1 4702
3 1062 4171
3 3931 4343
3 342 2251
2 2800
2 1869
1 4012
2 570
2 205
3 2427 2502
1 3290
3 982 2413
1 394
2 34
2 3423
1 1697
1 3125
1 3466
3 2432 4859
1 4629
3 322 4330
3 1901 2888
1 1147
3 4498 4578
1 1814
3 4073 4202
2 535
1 172
2 3939
1 4504
3 4424 4974
1 2202
2 4794
2 2384
1 2567
1 1013
1 1316
2 4880
3 4199 4528
3 1555 2926
1 2029
2 3788
3 4118 4523
2 4750
2 2869
2 2938
1 346
3 4067 4795
3 4226 4597
2 2582
3 2762 2782
3 2373 4579
3 3240 4580
2 3348
1 1495
3 77 3128
3 1897 4330
2 203
3 4126 4320
1 2797
1 3025
3 1578 4721
3 472 1486
2 2598
3 3429 3441
3 3466 4898
1 4921
2 813
1 576
1 710
3 3151 4875
2 4767
2 329
3 4390 4941
3 3021 3505
2 1398
1 2342
2 2889
2 3812
1 1571
2 1894
1 909
3 4723 4830
3 296 4713
2 905
3 638 1688
3 3258 4544
3 39 1886
1 925
2 1775
1 4978
1 2822
2 2231
2 4815
3 58 417
3 4068 4527
3 2804 3521
1 546
1 519
3 1824 3035
3 232 3462
2 4668
3 3850 4380
3 1520 3209
3 4071 4221
2 2216
2 3175
3 1864 1981
1 2305
2 666
2 1159
2 4517
1 4790
3 2075 3183
2 2899
2 2502
1 216
1 2075
2 3327
1 2341
3 3063 3293
1 2405
3 4771 4875
3 10 3464
3 4414 4494
3 345 2924
1 2877
3 4431 4689
1 503
1 4104
1 1453
3 1276 4784
2 3266
2 1534
1 1741
1 423
3 4856 4944
1 3225
1 3277
2 1560
3 4781 4932
2 2739
1 1073
2 2515
3 3395 3402
1 2754
2 639
3 59 3074
3 2123 2984
1 3910
2 3638
2 4401
3 1907 3536
2 3183
3 2240 3288
3 2503 4665
2 4678
1 3544
1 4680
2 138
2 4955
3 4765 4841
1 984
3 2371 2548
2 2822
3 957 1154
3 2069 3094
1 4107
1 928
3 1227 2426
3 4675 4761
2 1425
2 2500
1 1384
3 1013 3005
1 1236
1 3526
2 4258
1 4983
3 2303 2730
3 3679 4499
1 1839
3 4930 4992
2 3429
2 4324
3 3395 3419
1 1498
3 563 1387
3 3334 4436
3 4251 4404
2 2289
1 3732
3 1451 2262
1 1675
3 2620 4156
3 2239 4781
2 3725
2 1383
3 702 4599
1 1240
1 3497
3 3072 3749
2 903
3 4835 4976
2 1669
2 305
3 4057 4929
3 4357 4552
3 2253 4696
2 4936
1 2093
3 1735 3834
2 4016
3 804 4069
2 2241
3 4711 4922
3 3717 4400
1 633
2 658
3 2204 4862
1 3120
1 1970
1 1913
3 1893 2159
1 4372
1 4779
3 292 2728
2 2537
1 4362
2 3780
3 4432 4877
3 4059 4567
1 1358
2 74
1 3374
1 2443
1 2372
1 3205
1 419
1 3249
1 2657
3 3577 4073
1 4134
1 1483
1 3144
3 3168 4537
1 2491
3 2839 2983
2 3166
2 3652
3 4497 4721
1 291
3 1248 1292
3 2673 4696
2 3320
3 2198 4320
2 3603
2 3221
2 3278
2 4466
1 4099
3 947 4508
3 1307 3587
3 2728 4904
1 2425
1 1295
1 1564
2 3418
3 4908 4986
1 3817
3 465 467
2 2250
2 190
3 4457 4867
2 3657
3 1002 1580
3 3090 4883
1 3973
2 4693
3 3637 3802
3 2277 2762
3 2059 4006
2 4068
1 1054
3 4559 4782
2 4609
3 1382 2713
2 249
3 61 4792
2 225
1 798
1 3188
1 809
3 1124 2628
2 4549
1 2200
3 4859 4876
1 1859
3 3720 4964
3 1196 3142
2 4210
2 2510
3 602 4384
1 725
3 558 4651
1 4607
3 889 1505
3 424 4476
1 4143
2 4252
1 1508
2 2042
2 4842
3 2008 3254
1 1609
1 4685
3 4335 4962
1 2212
3 2707 3233
3 4724 4905
3 2459 4372
3 3132 3694
3 1509 3188
3 3461 4312
2 4822
1 4394
2 764
1 3525
1 3178
2 420
1 4232
1 1216
3 1483 1868
1 1704
2 2677
1 3328
2 2542
3 1700 4757
1 2125
2 2595
1 1286
1 3292
1 1383
3 2731 4123
3 3361 4926
1 4699
3 2825 4032
3 2107 3731
2 717
2 724
2 4522
1 3861
2 3890
3 899 3392
1 2466
1 233
3 1266 2370
3 4063 4533
1 3856
2 1815
3 1352 2783
1 1533
3 2550 4150
3 1881 4556
3 1180 3799
1 70
2 4695
1 1134
2 1327
3 3350 4891
3 383 2573
2 1576
3 785 1408
3 3044 4601
3 1403 4229
1 1501
3 4492 4995
3 3231 3736
1 1739
1 2350
2 403
1 4515
2 4037
3 4023 4921
1 3956
2 4822
1 2870
1 3189
1 2090
1 4462
3 4587 4784
1 1343
3 2529 2759
1 297
1 594
3 303 2284
3 3058 3077
2 66
2 1097
3 4858 4912
1 4495
3 1715 1809
3 2382 3617
2 554
3 2315 3194
2 4046
2 2497
2 1527
3 1479 2876
3 2121 4038
3 247 4397
1 1782
3 1087 2997
2 2074
2 1490
1 3840
3 1546 2678
3 2858 4892
3 1757 3494
3 4084 4153
3 6 4287
1 2757
2 543
3 4226 4903
3 1612 1841
2 1611
1 1901
2 1361
1 677
2 4067
3 1216 3933
3 3148 4332
2 3496
3 1550 2742
3 4838 4974
2 2332
2 1960
3 2695 3555
2 3698
2 2762
3 3077 4450
3 1390 4011
2 4248
2 1887
2 3060
2 159
1 727
2 2719
2 502
2 2953
1 4232
3 904 3954
3 2911 3250
1 4598
3 1496 2191
1 2890
2 4045
1 295
1 712
3 4334 4418
2 2979
3 3557 4245
3 3323 4660
1 2360
3 546 946
2 1833
3 1792 2491
3 953 2861
3 3473 4782
1 1866
3 3260 4959
1 1862
3 3430 4920
1 1888
3 4598 4747
2 3763
2 191
3 3683 4840
2 197
2 1264
3 3218 4934
1 523
3 3913 4393
3 4602 4686
1 4714
1 3093
1 3322
2 2959
2 2835
1 739
2 1447
3 4741 4827
2 637
1 4020
3 2343 2507
3 2893 4197
2 1953
3 1151 4520
2 905
3 2916 4478
1 4767
3 1520 2245
1 4325
1 749
3 1682 3286
3 3263 3777
2 2002
3 3092 3898
1 1253
2 1828
3 2958 4250
3 4329 4859
3 2534 4958
2 3196
1 904
2 1458
1 3678
3 745 4973
2 92
1 2840
2 472
3 4595 4950
2 1380
2 1798
1 4937
3 1432 2329
1 95
1 2086
1 4689
3 4935 4952
2 4449
2 2396
1 3262
2 1904
1 3915
1 1553
1 1064
3 2870 3295
3 655 2958
2 1234
3 1255 3129
2 2951
3 2308 4228
2 1923
1 244
2 2762
2 4970
3 2732 3879
3 3828 4330
2 2044
2 3954
1 4453
2 4391
2 4138
2 591
2 1541
3 948 3818
2 1537
3 2913 3418
1 944
3 1231 3070
2 3326
2 1363
2 2675
1 4622
3 790 1136
1 1456
2 3659
2 3091
3 4549 4734
3 3540 4906
2 3773
1 4588
3 2573 4984
1 293
2 2408
1 1357
2 4824
1 3659
2 3029
3 236 992
1 1144
1 1086
3 3041 4370
2 1894
1 3364
1 2737
2 3077
2 2657
2 4454
2 79
2 4408
1 1939
1 1896
1 4397
2 3021
3 1354 2694
3 668 2023
3 2431 2781
3 4997 5000
1 1144
2 865
3 13 4072
3 625 1501
2 1618
3 4836 4873
1 4694
1 2282
1 1369
2 752
2 1905
3 906 4418
1 1905
2 4460
1 1480
3 338 4184
1 3731
1 2934
1 1716
2 3752
1 3686
1 4476
2 3111
1 2387
3 4429 4969
1 2870
3 4080 4703
3 3362 3742
1 415
3 4384 4982
1 104
2 2619
2 2154
2 96
2 4882
1 1560
2 4237
3 3105 4264
1 12
2 2857
2 3061
3 706 3144
1 4930
3 3824 4849
2 1594
3 603 1595
1 4785
3 4449 4953
1 34
1 3730
1 1128
3 2258 2941
2 2318
1 2031
1 2709
3 4905 4966
2 3417
1 1940
2 1910
3 492 2790
3 3723 4497
1 3799
3 1912 4898
2 3636
2 1512
2 1194
2 1720
2 409
1 697
1 2481
2 1655
3 3594 3850
1 3350
1 2650
1 3195
2 3414
3 1583 2469
1 4070
3 4165 4465
1 4244
2 3258
2 531
3 2847 3993
1 927
2 2817
1 357
3 4069 4981
2 2757
1 3597
2 4286
1 442
3 3071 3470
3 2797 3405
2 4180
3 1632 3200
3 3859 4354
2 4302
2 1203
3 1541 4169
1 897
1 637
1 3844
2 1091
1 4248
1 1723
3 4982 4990
1 174
1 4651
2 3862
1 4940
1 4823
2 3191
3 4307 4806
1 684
2 275
1 4871
1 2873
1 152
3 3831 4850
1 3771
1 305
3 1649 3923
3 1109 1137
3 967 4783
1 3946
1 635
3 196 1854
3 4593 4626
3 2552 2786
2 4173
2 3258
3 1202 1738
2 1144
2 3652
2 3941
2 820
1 85
1 1314
3 2404 3332
3 1378 3086
3 2179 2840
2 4991
3 3012 4638
2 2721
1 98
1 494
1 1109
1 621
1 1165
1 4196
2 1061
2 1690
2 3282
2 770
2 4303
3 1967 2999
1 4702
2 1174
2 3756
2 3557
3 693 3421
3 1042 4000
2 2656
1 1966
2 409
2 4713
3 4113 4452
2 1905
1 1431
3 1104 1322
2 1964
1 3545
1 3232
1 1777
2 3282
2 3156
3 3532 3999
1 293
1 3621
2 4952
2 1149
2 3544
3 1113 3438
2 1831
2 827
3 2829 3828
3 2882 3368
3 4445 4560
1 3167
3 3342 3543
1 3182
3 1016 4031
3 2646 4227
3 1996 4289
3 2828 3072
1 3285
3 3555 4740
3 4521 4905
1 1279
2 2139
1 2834
2 4086
2 1121
2 2318
1 4174
2 1871
3 3762 4216
2 4599
3 4452 4983
2 1421
3 1225 4637
1 1307
1 3750
2 3444
3 3236 4511
2 2483
2 2846
2 3116
2 1468
3 951 1311
3 1379 4078
3 2590 2970
1 2418
1 1602
1 3178
2 1725
2 2192
1 4722
2 972
2 3760
2 2929
3 2215 4992
1 359
3 4354 4415
3 4674 4898
1 798
3 3868 4571
2 2117
3 4818 4923
3 1956 3519
3 4681 4880
3 2638 3230
3 2944 4203
3 1605 4169
3 552 4513
3 931 4816
2 1893
2 3998
3 3011 3890
3 1075 1991
3 3767 3770
1 4933
2 47
3 3906 4978
3 2241 3504
3 3957 4349
3 1571 4496
1 3636
2 1794
1 2398
3 981 4300
3 1926 2522
2 4740
1 466
2 347
3 2458 3613
2 3256
2 332
3 583 2962
2 377
2 4099
3 4664 4741
2 86
2 3135
2 1265
1 3837
2 4920
2 318
2 4542
3 3376 3691
2 4149
3 4205 4395
3 3152 3366
1 4694
1 4977
1 1978
3 3649 4018
1 1116
2 3858
1 2127
3 3434 3759
2 2031
3 3646 3986
2 103
2 2666
3 2075 2638
1 1957
1 96
3 3326 3619
2 4220
2 1032
1 4391
1 4607
2 2889
2 2653
2 1004
1 1177
2 949
3 68 4015
2 4402
1 1367
2 4856
2 1524
2 1903
2 3962
2 2887
2 855
2 2372
3 3479 3532
1 1814
3 2421 4802
1 2775
3 2821 4505
3 437 1708
2 3065
1 1285
3 4182 4843
2 4405
1 1685
1 3997
1 981
1 28
2 2353
3 3305 3986
2 73
2 81
1 3208
1 172
3 94 4177
1 1300
3 1001 2148
1 1255
1 4851
1 2411
3 650 2136
1 1221
2 2290
2 2611
2 1323
2 3649
2 2398
1 233
2 3273
2 133
3 1216 3920
3 547 3939
1 2087
3 3123 3835
3 1316 1816
2 4255
2 1290
3 4758 4973
3 1596 2486
2 3303
3 1543 3021
3 229 2726
3 3599 3718
2 2696
1 2310
1 1078
2 456
2 4113
1 1308
1 755
1 4025
1 2733
1 4907
3 4097 4641
2 1783
1 3253
3 400 2981
3 2624 3453
1 1944
3 4696 4905
1 2240
1 617
3 4937 4996
1 4672
3 3101 4955
1 2636
3 1896 2825
1 2707
3 713 2507
3 3304 3310
1 4978
2 2241
2 3498
1 904
2 674
3 4057 4433
1 4467
1 826
1 2334
3 3730 4198
2 4226
1 1551
2 835
2 2280
2 148
3 3333 3766
2 1324
1 3590
3 969 2604
1 3858
1 4294
2 2928
3 514 4618
1 4025
1 3128
2 4925
1 1460
3 3440 3730
3 2721 4916
2 832
3 411 1618
1 2313
2 3097
2 4406
3 4273 4658
2 1136
2 973
3 3793 4212
2 4334
2 1460
2 1874
2 3455
2 1096
3 2461 3238
3 4101 4325
1 2041
1 2796
3 4054 4842
2 4283
2 956
3 4280 4970
2 1151
3 3593 3606
1 4257
2 4248
3 4837 4966
3 4471 4865
1 455
1 682
3 2443 3351
3 3907 4782
2 154
2 1642
2 1225
3 809 1007
2 4771
2 1024
3 2408 3262
1 2206
2 223
3 1609 4153
2 1914
2 147
1 1719
1 858
2 4426
3 4855 4981
3 805 4296
3 4035 4404
2 1050
2 4188
2 4429
2 4687
3 1910 2558
1 3418
2 1235
2 154
3 3254 4839
2 2396
2 1186
2 2060
3 2823 2910
2 4701
3 2443 3976
3 2248 3635
1 751
2 26
1 4204
3 87 338
2 2705
3 3889 4265
1 3986
2 1391
1 3470
2 799
3 2459 2642
3 1959 3567
1 2931
1 2322
2 2683
1 392
2 770
3 2424 3743
1 562
2 4636
2 96
3 1275 2504
1 3693
3 3185 3505
1 4003
1 3925
2 4939
1 3441
3 3799 4042
1 591
2 3612
3 2407 4293
3 1021 2435
1 2396
2 2445
2 4606
3 1139 2909
3 2949 2970
3 2086 4735
2 1219
2 2325
2 201
1 2046
3 4886 4925
3 1612 3395
2 3326
2 1995
3 1978 3121
2 4883
1 2723
3 1001 3541
3 4857 4978
3 4897 4938
2 1363
1 471
2 145
2 664
1 4235
2 4934
3 4115 4173
1 225
3 3356 3656
3 4445 4860
3 3781 4496
1 1761
3 3411 4823
2 2212
3 2223 4384
2 4602
1 1076
3 3356 4251
3 754 4386
1 3238
1 3011
2 3950
1 471
1 3589
2 4713
2 1622
1 4228
3 1343 2604
2 1043
2 130
3 2056 3431
1 3335
1 80
1 4868
2 2707
2 3558
2 4442
1 2579
3 3171 3347
2 1721
2 150
3 4707 4953
2 2243
2 2472
1 729
1 4981
2 3152
1 2295
3 1378 1666
2 3607
3 751 3542
1 1369
3 4728 4773
1 962
2 3003
2 1266
1 3781
3 2346 2890
3 4923 4968
1 4922
3 3984 4289
2 609
2 4264
1 1646
1 4663
1 131
2 765
3 1483 2072
2 317
1 4206
3 4752 4975
2 4866
2 663
2 1375
3 3390 4601
1 2297
1 704
1 3789
3 341 2031
2 4490
3 1933 4690
1 127
3 3910 4831
2 2958
3 716 1618
3 799 4840
1 706
1 1376
3 1695 3077
2 2718
2 882
3 4111 4740
2 3570
3 4397 4710
2 3972
3 2190 3908
2 2008
2 1037
3 3893 4060
3 1368 2293
2 4360
2 4359
1 1396
3 877 4032
1 4099
3 3043 4558
3 565 578
3 3940 4940
1 4306
3 2573 2825
3 4195 4311
1 1404
2 2739
1 1644
2 3224
2 2919
2 1214
1 3873
1 1714
1 2145
2 1277
1 2127
1 3197
1 4930
2 3802
1 310
2 3471
3 1622 4185
2 581
2 1734
1 2331
2 1877
3 1276 1317
3 2739 3526
2 551
2 48
1 4662
1 3128
2 557
3 2768 4152
3 4899 4919
3 3664 3823
2 285
1 837
1 4241
3 1137 2594
3 1126 4817
1 1641
2 2075
3 3598 3674
1 3503
3 2248 2876
2 2258
1 3114
2 1802
3 4219 4834
2 4363
2 3133
2 4306
1 2273
2 3071
1 3055
2 2805
3 4755 4765
2 4515
1 2308
2 2313
1 1528
3 1025 3201
1 3340
2 2281
3 262 1245
3 3579 4310
3 2433 2894
2 1976
3 626 4708
2 63
1 4974
3 4092 4923
1 3946
3 2460 4646
1 3360
1 1959
1 154
2 2192
1 4207
1 3551
2 4149
1 2337
3 180 1212
2 1660
1 1357
3 1423 4968
2 1265
1 3520
2 903
1 3686
1 3617
1 710
1 1198
2 4359
2 2364
1 4667
1 2721
2 820
2 4931
1 4748
2 71
1 1610
2 4273
2 357
2 3208
3 4585 4719
1 1737
3 3643 4042
1 130
2 1136
2 3664
3 3567 4828
3 350 1979
1 2749
2 4558
3 3237 4790
1 2593
1 1393
2 2454
3 1751 3733
2 4882
1 2971
1 4304
1 4811
3 4685 4739
1 2194
3 4056 4203
2 3328
2 4782
2 3671
1 1472
2 1412
3 606 4977
1 38
2 666
1 2235
3 3848 4575
3 3 4629
3 1305 3512
2 678
3 1804 3974
2 1379
2 1368
3 4733 4978
2 2295
2 2894
1 599
2 3997
3 4666 4953
1 3917
3 1624 3901
3 4654 4685
1 4911
3 4243 4931
1 112
2 406
2 4845
3 3255 3729
3 672 2936
1 462
3 74 324
1 4879
2 3465
1 856
1 3250
2 2539
1 2930
2 3674
1 4323
2 36
1 4518
3 2111 4708
3 2306 3845
1 2004
2 3468
2 4783
1 4581
3 888 1797
3 66 343
3 4936 4966
2 2421
1 86
1 4008
2 2111
1 1714
3 773 2355
3 1054 1575
3 4665 4853
1 1116
2 2443
3 324 2645
2 3901
1 4095
1 1764
1 1621
3 1298 3755
1 1994
1 4451
3 4038 4920
3 2540 4178
3 1652 3958
3 2369 4887
3 3151 4681
3 3633 3932
2 4079
2 3656
2 607
3 1739 4315
1 4327
2 730
2 701
1 2447
2 4673
2 668
3 3452 4874
1 2538
3 3114 4058
2 3410
3 4504 4846
2 1545
1 1582
2 4749
2 2411
3 2555 2857
1 919
2 242
3 4095 4100
2 956
3 1687 4444
2 3161
3 3437 4614
2 3768
1 334
3 664 3667
3 2861 3023
3 3191 3568
2 2061
3 1043 2353
3 777 3020
3 1056 4270
3 458 1034
3 1766 2475
1 1885
2 4317
3 1713 3484
3 2023 2667
2 4100
1 704
1 1549
1 3257
2 2787
2 1760
3 3319 4323
1 1772
1 4086
3 2792 4825
1 4438
3 635 3071
1 3897
2 1019
2 303
2 4003
3 3600 4779
3 1704 4969
3 330 1601
1 4143
3 393 765
1 2167
2 1093
2 2282
3 1093 1534
3 1748 4062
2 4831
2 2820
1 4551
2 4942
2 731
2 3933
3 4144 4264
2 630
3 1614 3250
3 4210 4519
2 4780
2 1767
3 2443 4018
2 473
1 3524
3 3795 4431
2 2987
2 1917
1 3530
1 3574
2 2307
2 4626
2 1496
1 1327
3 2523 4280
2 4832
3 3060 4960
2 2045
3 3961 4982
3 3447 4547
3 3100 3558
1 3757
3 3806 3992
3 118 1076
2 3425
3 3775 4882
3 4619 4951
3 2866 3146
2 3060
3 3182 4705
3 4807 4958
2 1252
2 2283
2 3815
1 1687
2 3198
3 4623 4917
1 2831
2 2015
3 4846 4894
1 3189
1 2347
3 1284 1628
1 1784
1 4369
1 1899
1 4389
2 647
1 1223
2 1830
3 2424 3185
3 1870 1924
2 3511
3 3141 4372
1 1020
3 4658 4692
1 4251
1 819
3 3833 4241
1 4549
3 4076 4851
3 445 1534
3 1611 1766
3 688 2541
1 2438
3 249 490
2 790
1 1943
1 2627
3 4633 4850
3 3583 4610
3 2277 3296
3 1540 4533
1 2900
2 3012
3 508 3340
1 956
1 2006
1 418
2 1022
2 2251
3 1265 4737
2 3593
2 3850
1 4841
3 3819 3844
2 1741
3 2919 4797
2 1373
3 3397 4380
1 3827
1 2593
1 1949
3 4663 4677
1 1872
1 200
1 2514
3 2152 3867
3 522 3319
3 1853 2150
2 1510
1 3685
2 2733
1 4809
1 4540
3 3668 4224
2 1393
1 2059
1 1225
3 3770 4240
1 3402
3 2717 4630
1 3868
2 1419
1 604
2 1757
3 564 4390
3 3450 4739
3 2690 3340
3 3298 3863
1 713
2 3695
1 4686
2 1628
3 2199 3010
2 3870
1 1594
2 3425
3 3590 3724
3 150 3733
3 1098 2612
3 2095 4946
1 1654
1 3141
2 3218
2 1272
2 8
2 3712
3 2869 3660
3 3513 3931
1 2610
3 3097 4734
1 1133
3 4605 4978
2 4634
1 3534
1 3752
1 3283
3 3683 4158
1 3509
1 3048
2 1463
3 3245 4801
2 1242
3 3857 4948
2 1573
1 1832
3 4138 4363
1 3598
3 4960 4965
1 3414
3 3842 4217
3 2505 4935
3 1036 2647
1 4421
3 2978 4242
1 3259
3 4964 4969
1 526
1 4105
3 626 1921
1 4899
2 4107
3 1772 2379
2 1405
1 3234
2 1929
2 1175
1 1898
3 3182 4396
2 4177
2 4222
1 2420
3 4361 4607
2 887
1 1580
2 1567
3 344 4277
2 4924
1 2462
2 4931
3 326 1302
1 3952
3 3878 4782
1 3504
3 3721 4819
3 2375 4435
3 2140 4637
3 584 921
2 2676
1 4392
2 3862
2 1026
1 4392
1 3570
3 3344 3388
2 1231
3 3661 3705
1 2200
2 3413
1 4706
3 629 2099
3 2313 2739
3 1335 4457
2 3394
2 3696
3 522 4354
2 1373
1 4306
3 222 3276
1 4320
3 4088 4461
1 1783
3 203 3624
1 4698
2 2432
2 583
1 2578
1 2623
3 4822 4829
3 4728 4836
2 2474
1 628
2 1343
1 2365
3 559 3597
3 1383 3195
1 3630
2 2351
2 942
3 2697 3558
3 3410 3724
2 4940
2 3974
3 1802 3406
2 3913
2 1234
3 84 1489
3 4357 4979
3 4370 4957
3 22 253
1 624
1 4324
1 3991
1 733
1 1621
1 2111
2 416
3 357 4704
3 1082 3850
3 4942 4981
1 870
3 3630 3781
3 4326 4856
1 2097
2 4684
3 543 3571
3 133 2308
2 1449
3 3488 3771
2 3804
1 2017
3 3587 4521
3 635 964
1 3927
1 2098
2 4582
2 4037
2 3021
3 4239 4788
1 1924
1 4206
3 3712 4653
1 3702
2 2736
2 928
2 63
1 2364
3 1092 2149
2 423
1 4139
2 3012
1 468
1 2974
2 368
3 3353 4420
1 4244
3 4163 4415
3 4382 4925
3 3071 4098
3 3471 4274
2 3654
2 1493
2 1097
1 4897
2 4622
1 3719
3 2317 3673
3 2134 4285
1 2557
1 2177
3 1636 2456
2 906
1 1923
1 3484
3 4330 4439
1 1158
3 2387 2548
3 3659 4658
1 2922
1 629
3 1547 4579
3 540 1414
1 2486
3 4343 4994
3 1029 3875
1 1649
1 2863
3 4498 4734
3 2006 4964
3 3757 4041
3 1885 2121
3 1360 4223
1 704
3 4880 4958
3 1753 3549
1 1306
2 4332
1 118
2 992
2 2178
2 1358
3 1637 3205
2 3526
1 4902
2 3874
2 2277
1 2935
2 3415
3 2353 2951
3 1023 4758
3 1124 3660
2 4665
1 3749
1 3996
2 3413
3 1517 1671
3 3757 4407
2 2055
1 4037
1 1955
1 744
1 442
2 271
2 183
3 4186 4332
2 242
2 3096
3 2960 4760
2 1374
2 996
3 2619 3660
2 422
2 3725
3 4688 4874
2 162
1 4874
2 3327
3 1494 1938
1 3919
3 1414 3815
1 4825
2 4880
1 967
2 519
3 1799 1964
2 4816
2 1165
1 1928
2 3956
1 1451
2 3216
1 256
1 257
1 1016
2 3073
1 95
2 3452
3 4871 4998
3 430 584
1 3708
2 275
1 1094
1 2410
2 3282
3 769 2079
1 2387
1 568
2 1833
2 3152
3 4192 4260
2 293
2 3028
3 4306 4387
1 1296
2 3162
2 4420
1 3121
3 3616 4812
1 4703
1 2843
2 4561
2 3394
2 3858
3 1566 4956
2 1024
3 2826 4493
2 2932
2 1566
1 260
2 1392
2 3462
2 28
1 4286
3 3698 4058
1 3382
2 2687
3 3624 3945
1 2235
2 4685
2 4626
2 1202
1 2433
1 2733
2 972
1 3178
3 1758 1871
1 1640
2 4639
2 2999
2 1274
2 3415
1 2168
3 4130 4828
1 4983
3 869 3738
1 3460
3 3113 3363
3 4275 4771
3 3217 4615
2 4470
3 540 1397
3 4800 4849
1 433
1 629
2 1488
3 2283 3527
2 2139
1 1539
2 1550
3 3973 4409
2 3904
2 2107
2 4181
2 4387
1 4301
3 3053 4133
3 235 286
3 479 3124
2 4741
1 899
2 4217
3 882 4563
1 4047
1 271
3 2146 4556
1 3300
1 249
2 1175
3 1697 3466
3 2270 4210
1 1311
3 392 3384
1 1372
1 4977
3 2617 2759
1 4898
3 2621 4635
3 3790 4126
2 3690
3 2586 3839
3 4067 4628
2 3036
1 994
1 4411
3 1760 4896
3 3845 4029
3 379 2462
3 2275 3487
3 3963 4254
2 4851
1 3340
1 4871
2 4909
3 3340 3543
2 3437
1 312
3 3503 3533
3 2881 4345
1 250
1 3979
3 990 4205
2 524
1 4896
1 4725
2 172
2 4933
2 4203
2 1241
3 939 1090
1 2145
2 3305
2 1321
3 1702 4993
1 4100
3 1429 1488
1 82
2 937
1 39
3 2664 4697
1 3263
1 4906
3 1660 3322
1 3162
2 4761
3 1091 1505
2 1003
1 3750
3 4481 4503
1 3639
3 4181 4414
2 4288
1 1041
2 4022
2 2935
3 1815 4058
1 2612
3 3258 4733
1 4892
3 2286 3419
3 305 831
2 3938
3 3165 4966
1 1837
3 652 4333
3 2892 3362
2 4000
2 3670
3 3502 4872
2 1690
3 924 2761
2 3640
2 3473
1 1826
1 4228
1 1438
3 4286 4730
1 4981
1 1096
2 484
2 3242
1 4775
1 3318
1 2645
1 4781
2 4028
2 1561
1 3973
2 3136
1 3168
2 4176
2 1499
3 1162 3326
1 3188
3 3114 4087
1 1133
3 1865 4606
2 3525
1 4244
2 3953
3 3387 4254
1 1297
2 106
3 3119 4869
3 3052 4191
3 934 4649
2 4444
1 925
3 2661 3799
2 3109
1 3363
1 2086
2 4848
1 4617
3 2290 4105
3 570 1976
1 1970
3 4973 4991
2 572
3 507 4041
2 747
1 3599
3 4936 4972
3 2513 3776
1 3695
2 243
1 605
2 3442
3 2944 4849
3 3458 4894
1 2088
3 2418 3285
2 3657
2 4765
2 2726
2 4060
1 1795
3 2758 4776
3 3565 4317
1 780
2 2267
3 2411 2986
2 786
3 3967 4140
2 1257
1 1519
2 2695
2 1382
2 1467
3 2986 4674
1 3148
2 2503
3 1910 2925
3 4515 4624
2 1007
2 1069
3 3355 4921
1 1789
3 2323 2640
3 2339 4676
1 5
3 857 2616
3 789 1621
3 335 3836
2 2439
1 3998
3 4520 4530
2 695
3 281 4826
1 4098
3 1298 2315
3 3186 4433
2 3123
2 2005
3 2166 3631
1 738
2 4787
3 2296 2378
2 2816
2 1758
2 4269
2 2725
2 2004
3 2219 4039
1 2072
3 932 2654
1 1182
3 1322 3653
2 589
3 4451 4922
3 822 1172
1 1059
2 3733
3 3896 4580
1 4471
3 4951 4997
2 2563
2 2642
3 1523 3313
1 839
1 4438
3 4898 4914
3 202 3585
3 4967 4992
1 2312
2 957
2 3808
1 4302
3 3794 3976
1 4623
2 1918
3 191 868
3 2469 4619
2 2044
2 4461
1 4274
2 3461
1 3611
1 1829
3 3843 4007
2 3804
3 2486 3003
3 1587 3196
3 3340 3456
2 4864
2 1327
2 2246
1 634
2 4303
2 313
1 659
1 1
1 2859
1 3405
1 3511
3 2447 3906
2 3909
1 3991
2 2598
2 3691
2 4910
2 2746
2 3304
2 3861
3 2187 3543
1 801
2 585
2 1665
1 3705
1 1875
2 1868
3 4096 4301
2 675
1 1379
1 1574
2 2687
2 4146
2 955
3 4430 4513
2 2035
2 4552
1 3689
1 3029
3 1407 4910
2 4589
2 1621
2 4211
1 4403
1 3748
3 1384 2144
2 3962
3 2789 2800
2 4589
3 4929 4943
1 806
3 869 1722
2 4999
1 433
3 595 1932
1 4241
1 4026
1 1991
3 1842 3468
2 2716
1 792
3 2211 2743
3 4013 4168
2 3279
1 3140
3 663 3390
1 2029
2 3544
2 3535
3 1932 3265
1 1172
1 3919
1 1100
1 4541
2 4736
2 2091
2 654
3 424 552
3 807 3767
3 3829 3998
2 971
1 2388
3 4591 4711
2 354
3 1180 3634
2 3505
3 692 1866
3 4658 4874
1 3851
2 782
2 258
2 2949
3 1213 4852
2 4921
2 1425
1 2421
1 4132
1 4992
1 1071
1 4582
1 658
3 1435 2275
3 3501 4360
1 920
1 2472
2 1526
2 1773
2 4267
2 2936
3 1393 4384
2 2139
3 1247 2939
3 1352 4486
2 1080
3 1922 4847
1 3318
2 2611
3 2286 3190
3 60 4166
2 4741
1 3324
1 319
2 3428
1 872
1 2115
1 400
2 3273
3 217 4420
2 3834
3 1712 3395
3 254 4655
3 1139 2297
3 4752 4850
2 2413
2 1302
2 2349
2 3953
3 4679 4867
2 395
2 689
1 4182
1 2703
2 4586
1 3675
1 1995
3 4283 4395
1 423
3 1011 3847
2 3592
1 100
3 2381 4649
2 3386
3 4284 4955
1 2993
3 1671 1999
2 815
1 4845
2 2450
1 2750
1 420
2 2855
1 1645
1 2267
3 4878 4895
2 1382
3 4924 4949
1 1109
2 4776
1 446
2 1994
3 2523 4991
2 2584
3 1968 4287
2 3599
3 2358 4890
1 4535
1 2923
1 3
2 1110
2 279
3 748 4319
1 2376
3 448 1057
2 933
3 3807 3818
2 879
1 379
2 3304
1 2883
1 1293
1 1561
3 83 4622
1 915
3 1999 3795
2 2805
3 2243 3499
1 3272
3 3572 4159
1 2207
1 2765
1 4936
2 372
3 3114 4749
1 533
2 3949
1 527
2 1533
2 2116
3 3442 4492
1 2935
3 4618 4959
2 3938
2 2535
3 718 2686
3 738 2311
1 2863
1 3146
3 449 1237
2 4605
1 269
2 3083
2 2747
1 3264
3 4498 4500
3 2013 4089
1 2374
2 2872
2 4137
3 103 2468
3 4607 4937
3 3847 4542
1 608
3 2316 3743
1 3045
1 2009
2 414
3 2459 4095
3 2588 4999
3 1885 3891
3 2511 3399
1 2750
2 2252
2 3608
2 4798
3 2712 3450
2 4580
3 688 2222
1 3861
3 507 4916
2 1759
2 3590
3 962 4616
1 4877
3 1687 4196
2 1142
3 3744 4733
3 989 3804
1 1484
3 958 1733
1 3072
1 4648
2 2938
3 4136 4507
3 935 3281
2 1607
3 4938 4998
1 974
1 924
2 2647
2 3606
2 2904
3 3346 4306
3 1561 4568
3 1861 2493
2 2286
1 1037
1 3190
2 3339
1 89
3 872 3007
2 2975
1 922
1 1520
1 2930
1 99
1 4409
3 3558 3912
3 1769 3807
2 3728
2 1474
2 2466
1 4114
3 4550 4963
2 1842
1 3388
3 479 823
1 4707
3 4197 4516
3 3103 4159
2 2027
3 4170 4662
3 1583 3189
2 1358
3 1479 3822
3 2417 3729
2 3128
1 558
3 661 2144
3 4247 4335
3 2740 3169
2 2619
2 3328
1 3130
1 3731
1 1044
1 3455
3 2476 3873
3 222 1501
3 4286 4408
2 3950
3 3558 5000
3 592 4578
1 4560
2 4292
3 468 1766
2 3446
2 1628
3 3016 4819
3 1432 3052
1 2878
2 265
2 4220
1 2866
1 4398
2 3958
3 3890 4842
2 2353
1 381
2 379
3 916 3685
1 422
3 4923 4926
2 2770
1 3665
2 3873
2 1939
2 1200
1 3834
3 3232 3932
1 3985
2 1087
2 2474
1 1455
3 4387 4563
3 3217 3988
1 2999
3 2521 4936
3 339 2228
1 433
1 2392
3 1968 3266
1 395
3 1899 4067
2 4422
3 1444 1540
2 4459
1 333
3 4703 4838
1 2301
3 712 1099
1 4465
3 1605 2097
2 1950
1 1683
2 3177
1 256
2 2651
1 1713
2 3167
2 2028
2 80
1 2486
1 1944
2 4013
2 4846
2 3056
1 3974
1 1009
2 103
2 3241
2 17
1 3061
1 2988
2 357
1 1969
3 1309 4241
1 2362
3 161 408
1 4808
3 2338 3582
1 2849
1 2272
1 532
2 906
2 995
2 3644
2 1347
1 958
2 3388
1 3363
1 3674
3 3391 4831
2 1115
3 1123 4469
3 2733 3317
2 2541
2 4541
3 2393 4794
2 2618
3 3257 4068
1 3867
3 2366 3392
2 4839
2 2352
2 2972
1 435
1 4747
3 2305 2380
1 3129
2 2117
1 1444
2 452
2 2864
2 3315
2 4150
3 3602 4813
3 1626 2787
3 85 4241
3 1395 3274
3 2102 4774
3 2269 4709
3 4049 4642
1 4108
1 3553
3 453 3590
3 1897 4792
1 145
3 2236 2809
1 1618
1 490
2 4778
2 4086
1 2601
3 3068 3419
2 2630
2 4558
3 1262 4405
3 4531 4781
1 2254
3 2505 3539
3 3343 3572
2 4321
2 2218
3 2885 3195
3 2234 4167
2 4742
3 2871 4431
1 2586
2 4070
2 1949
3 441 4482
3 3373 4065
3 4021 4736
1 1687
2 3904
2 4229
2 2225
2 2767
2 1692
2 4341
3 4003 4020
3 1581 3191
2 2437
1 3032
1 710
3 2952 4561
1 2315
1 344
2 3232
1 4810
2 1612
2 1512
2 837
2 2898
1 4249
3 4469 4974
2 3966
2 1826
3 128 2792
2 4317
3 2047 2301
3 3997 4566
3 2177 3438
2 2150
2 2783
1 2504
3 878 3705
1 2892
3 4211 4603
1 4
1 1994
2 869
3 3553 4336
2 4465
2 2642
1 4684
2 699
1 1771
2 4978
2 559
3 2534 4156
1 4999
2 95
1 4165
1 2334
1 1064
2 4464
1 1763
2 157
1 1050
2 1682
3 4074 4335
1 4720
1 1822
3 284 3051
2 3520
1 1520
2 1348
1 4622
2 2282
2 3364
1 3236
1 2348
2 3688
2 2918
2 2236
1 2399
3 4136 4461
1 1645
3 449 2230
1 615
3 1806 3448
2 3906
2 1116
2 4554
2 1809
3 3239 3588
3 3876 4206
1 1723
1 2567
1 2598
2 4722
1 3620
3 3581 4278
2 1819
3 1012 1576
1 4891
1 2302
3 2348 2914
1 3421
3 4931 5000
1 3106
3 4790 4890
3 4531 4753
2 3386
1 4020
2 2783
1 3884
3 1986 2724
2 1057
1 2978
1 1841
2 2720
1 28
1 1394
2 648
3 2211 4706
2 2651
3 522 4675
1 66
2 1335
3 2697 2891
1 4072
2 17
2 1030
3 99 234
1 4892
3 441 1753
2 2630
2 4113
2 4231
3 3516 3747
1 1756
3 1373 4312
1 2581
3 1123 3681
1 847
3 3819 3862
1 3840
2 3908
1 1622
3 868 2261
2 3595
2 1633
3 4159 4847
1 4519
1 698
2 1216
3 4321 4383
1 2165
2 4479
2 4034
2 4070
1 2881
3 2480 4952
1 1744
2 4021
3 2990 3489
3 600 4655
3 128 4791
2 1787
2 3569
3 4179 4975
3 149 1238
3 396 925
1 2777
2 2807
3 3215 4082
1 3373
1 620
2 1088
1 1360
3 1002 1012
3 2937 3859
2 4963
2 19
2 1676
2 2819
3 2984 3743
3 2101 2761
3 205 294
1 3394
3 742 4829
1 3529
2 1023
2 1053
1 83
3 4606 4686
2 4775
1 3596
1 961
3 1960 4359
2 2497
3 2131 2558
2 4529
3 512 3867
2 4308
2 4544
2 766
1 2341
3 1585 3981
3 3806 4823
2 2652
3 4287 4854
1 965
2 1730
2 56
1 4364
2 2551
1 2938
3 1271 4610
2 1849
3 2604 4251
2 372
2 1150
3 3164 4584
3 3615 4710
3 3226 3536
2 897
3 3844 4393
2 1752
3 2636 3429
3 4928 4963
3 1062 4406
3 1779 2578
2 2017
2 4173
2 2851
3 4318 4797
3 799 4884
3 1661 4089
3 1011 3130
1 2921
3 2558 4388
1 1630
1 4107
1 709
3 2222 3158
2 1374
2 4391
1 278
3 2433 3383
1 1823
1 3664
1 3109
3 3278 4692
2 2670
2 2451
2 1427
3 1933 2228
1 2098
1 3929
2 1075
3 1403 2000
2 1425
2 1058
3 1110 1541
1 2857
3 4416 4929
3 4932 4991
2 4529
2 1306
1 4615
1 3447
2 2996
1 2013
1 4725
1 2792
2 4291
3 1588 1627
1 4364
2 256
2 2382
2 3037
1 1268
2 3644
3 1147 2419
1 861
2 3738
3 3723 4190
1 1677
2 1383
3 4167 4803
1 4722
3 3078 3256
1 2299
1 4793
3 57 4002
2 4066
2 593
1 2163
3 2619 4962
1 4630
3 3315 3527
2 4086
2 1614
1 2043
1 2471
3 235 1759
1 3560
2 1338
1 3552
3 2778 3682
2 1923
1 1872
3 759 3817
3 140 373
1 3234
1 1687
1 2701
2 3894
2 3257
1 924
1 4400
2 3835
3 754 4324
3 4494 4531
1 3158
1 3230
2 1714
1 622
1 4167
1 4404
2 1565
3 3331 4651
2 1520
3 912 4212
3 2168 4917
2 4118
2 4674
2 2241
1 1127
1 2793
3 1599 4011
1 4772
1 2547
2 2811
1 108
3 2268 3635
1 2790
3 4738 4986
2 367
2 2230
1 3859
3 1142 2714
2 1804
3 690 3302
2 4871
3 2254 3348
2 3700
1 2572
2 1137
3 4150 4557
2 489
3 4378 4508
2 2540
2 1659
1 326
2 2744
2 2607
2 3588
1 3555
2 1882
3 4949 4977
1 3726
2 3678
1 1298
2 4750
1 2340
3 4808 4963
2 2106
3 1668 3502
2 3574
3 1100 4238
1 462
2 1626
3 1823 4955
1 1624
1 4366
1 2699
2 3977
1 3335
3 4144 4220
1 2463
1 3821
3 4861 4873
1 2676
3 1241 4687
3 3097 4441
1 3389
1 1742
1 453
1 1843
1 1363
3 2745 4130
3 296 1750
3 1911 2841
3 3060 3495
1 2324
2 2554
2 3819
2 2540
2 2561
3 4502 4812
3 2622 3314
2 4997
1 1976
2 4479
2 1429
2 2439
3 4769 4907
2 2198
2 2481
1 4512
3 3391 4421
1 325
1 3049
1 1963
2 2114
1 437
2 3480
2 3554
3 640 3912
2 1561
3 1146 4392
1 3218
1 2865
1 4566
3 4952 4972
1 416
2 3388
2 1073
3 92 4576
2 1007
1 2327
3 3 3945
3 3275 3742
1 4352
2 1110
3 576 4889
1 583
3 2428 4498
2 1109
3 3346 3578
2 1940
3 2608 2984
2 1322
2 2364
2 4121
2 4973
3 3137 3426
3 3106 3978
1 2828
2 300
2 2461
1 728
1 3117
2 2167
2 591
3 4435 4881
3 237 2417
3 1652 1822
2 4108
1 2009
3 2006 2365
1 676
2 4399
3 3555 4892
2 4530
2 2996
2 1736
2 2900
2 4998
3 1042 3229
3 2861 4849
2 828
2 3789
1 2330
2 4643
2 3599
1 4572
3 887 4442
3 3847 3942
1 1379
2 3577
2 3911
1 4369
3 786 4234
3 65 1365
3 2791 4946
1 1756
1 4862
1 2538
3 4347 4630
3 1428 3122
2 3647
2 1515
2 1554
2 831
1 3050
2 3495
2 2984
2 2575
1 3393
3 3203 4286
3 278 898
1 426
3 527 3401
3 1895 2282
1 2895
2 994
2 1931
3 3403 3669
2 1880
2 4173
1 4349
3 228 2536
2 4337
2 592
3 2465 4105
3 441 3223
1 3236
3 1359 4828
3 681 2247
1 3433
3 3461 3993
1 189
2 4663
3 1253 3629
2 1293
2 325
3 3567 4440
1 4130
1 116
2 321
2 4224
2 3811
2 3330
3 4521 4928
2 2119
3 3515 4416
1 3644
3 4971 4980
3 2245 2486
2 185
3 265 2168
3 3888 4928
3 2568 3900
2 3617
3 4196 4896
2 4849
1 4735
3 3489 3554
3 4059 4898
1 3470
3 4911 4947
3 2967 4220
1 4008
1 3484
1 3618
3 368 3135
3 749 4685
1 2309
3 1228 2337
3 4516 4979
1 102
1 2088
3 2403 3475
3 3789 4125
2 799
1 859
2 3600
3 337 3151
3 4433 4519
1 3545
3 1425 1848
2 3545
3 408 3932
2 3431
1 3551
3 4315 4493
1 4617
3 764 2130
3 3510 4483
2 1878
3 800 2438
3 1879 4049
2 4138
2 2230
2 4664
2 3916
1 713
1 2407
1 699
1 1264
1 256
2 4648
1 2177
2 4145
3 3099 4580
1 1990
3 4076 4613
2 959
3 4296 4775
3 3830 4747
2 2887
2 4298
3 1554 2914
1 3011
3 3165 4844
2 3445
3 208 223
3 4051 4897
1 3675
1 1309
1 2687
3 4621 4770
3 4661 4914
3 4432 4952
1 2895
1 2070
2 4735
2 4468
3 3199 3798
3 179 2516
1 2674
2 1214
3 978 4901
3 1128 2494
1 4794
2 2567
2 322
1 192
1 1049
1 4991
2 2819
3 1090 2850
1 1691
3 3329 3802
1 1162
3 2731 3694
3 2345 4590
2 4765
3 2685 3630
3 888 4200
3 1190 3176
2 3673
3 3304 3983
1 3524
2 800
3 4875 4999
3 1633 3046
1 4108
2 3706
1 258
1 1082
1 3807
1 4435
1 1247
2 1614
1 3693
3 4459 4730
2 1702
1 3284
2 3379
1 517
3 3140 3849
3 1072 3763
1 3127
3 1241 3474
3 3257 3780
3 4078 4707
3 3592 3949
1 795
1 1287
2 1283
1 3389
2 928
3 4626 4749
3 4829 4908
3 703 1146
3 3972 4139
2 4724
1 4986
2 2364
2 39
3 1225 1914
2 4588
1 1832
3 1373 3073
3 4363 4793
2 4318
3 4294 4937
1 4917
1 4512
2 3312
3 710 923
2 3639
3 1723 2113
2 1958
2 4888
2 3696
2 716
3 1671 1718
1 1397
3 978 1536
3 4188 4237
2 3187
2 4565
2 3169
1 1822
1 334
2 1787
1 2994
2 2859
3 969 1581
1 479
2 3265
1 2693
2 2840
2 1175
1 4638
3 2728 4159
3 2164 2404
2 4842
1 4295
3 2047 4162
3 2538 2903
3 1967 3476
3 2327 2910
3 2548 3577
2 3974
1 4951
3 1007 2714
3 2011 3047
1 3740
1 4302
3 4506 4571
1 4862
3 2121 3963
2 856
3 1624 4076
1 4610
2 2491
2 3171
2 3043
1 1846
1 4054
3 1019 1231
3 4434 4493
1 337
3 3632 4951
3 1716 3091
1 910
1 3430
2 3423
2 1082
2 2930
1 296
2 4702
3 1873 3287
2 2775
2 2727
2 1029
1 2800
2 2625
2 4089
3 2296 3863
1 698
3 196 1254
3 501 3799
3 132 3402
1 4647
3 2383 3466
1 409
1 4740
2 2006
3 1221 4689
3 4932 4942
1 209
2 794
3 2659 2904
1 961
3 4838 4898
3 1850 1897
2 4904
1 4922
1 3184
3 1342 1912
1 3649
3 602 4793
2 1543
3 359 1556
2 4031
2 1309
3 1210 2022
2 1238
3 2430 4919
2 4379
2 1220
2 3569
3 4761 4848
3 1472 2178
3 2293 4559
3 2447 4711
1 1969
1 4142
3 1532 3440
3 853 3592
1 347
1 768
1 3434
1 4005
2 4606
2 57
1 750
3 2937 4579
2 2350
2 2407
2 1838
2 1471
1 4196
3 4900 4992
3 1514 3910
3 792 4168
2 1988
1 2319
1 621
3 1686 3841
1 2865
2 1048
3 3811 4209
2 4340
2 861
2 3947
3 1940 4288
3 4624 4966
2 2433
3 3221 3426
3 3159 3327
2 741
1 1498
2 4909
3 4316 4404
1 2018
2 4175
3 969 1356
1 258
2 1522
2 3293
3 2176 4860
3 1697 2401
3 1122 3406
2 1310
2 1061
2 490
2 2760
1 3494
3 946 2263
2 4184
2 3178
3 2040 2399
1 4531
3 3178 3598
1 3527
2 2087
1 2481
3 4938 4960
3 2676 3736
3 4900 4959
2 2800
2 1522
3 747 3880
2 2370
2 2220
2 1895
3 2054 3060
3 3210 3932
3 4104 4118
1 3554
1 779
3 3104 4668
3 3002 4045
2 1561
3 4920 4940
3 4007 4452
2 298
3 2688 3902
2 3942
2 3863
3 4748 4901
1 3454
1 4871
1 4182
3 215 4065
3 778 4413
1 4700
3 4746 4750
1 335
3 3678 4751
1 2626
2 2809
3 4395 4399
2 964
3 845 4315
2 4691
3 3674 4681
1 2206
2 4500
3 1727 2333
2 2306
3 3003 3901
3 3608 4776
3 1802 3774
1 4987
1 2690
3 2043 4262
1 1751
1 4381
1 226
1 2510
2 436
3 4174 4915
3 363 1890
2 103
3 2592 3824
1 767
3 4411 4455
1 987
1 2820
1 2326
3 4785 4958
2 1883
1 4534
3 3567 4345
3 687 1193
1 85
1 1864
2 4460
2 3488
3 2115 3836
1 4034
1 3028
3 4707 4856
1 96
2 2125
2 3021
3 4771 4888
2 4433
3 2143 2918
2 2115
1 2747
1 2339
3 4946 4953
2 3642
3 4700 4704
1 2028
2 2833
2 385
2 3698
1 596
1 1574
3 2984 4711
1 1398
2 3490
3 4857 4951
2 3437
1 3415
2 4852
3 150 1831
2 810
1 4860
3 6 1306
2 3080
1 3526
1 740
2 3766
3 1132 2600
2 1524
2 2743
1 200
3 3403 4801
2 3217
2 4065
3 1749 3017
3 3724 4869
3 1527 3841
3 736 4298
3 1010 4000
1 2613
3 4512 4522
3 1805 2454
1 4205
2 4358
2 3608
3 864 3547
1 2858
2 3774
1 701
2 1244
1 3179
2 4829
3 4128 4411
2 772
2 4888
2 2338
2 4887
3 4216 4290
1 4464
3 1583 3178
1 3555
1 1392
2 2519
3 545 3361
1 1146
2 2263
2 4156
3 2383 3984
1 1439
2 4869
1 4526
2 303
2 3856
2 4994
1 324
2 201
1 74
1 1198
3 1661 1711
2 1441
2 4799
2 3405
3 3553 4374
1 4152
1 4121
3 3372 3642
2 2761
2 2217
1 4690
1 1017
3 4775 4861
3 2233 3563
2 4942
2 4139
1 1552
2 4887
3 1358 4610
2 2747
3 249 322
2 1579
3 599 4033
2 565
1 1429
3 3150 3707
2 1316
3 104 4667
2 4466
2 110
2 4298
2 4865
3 3611 4316
2 2650
3 1138 3617
3 2327 4823
1 1843
3 3164 3639
1 4729
1 3391
3 4448 4502
2 4845
1 19
3 3126 4796
1 2730
3 794 3469
2 169
1 460
3 4530 4816
2 392
3 3540 3647
1 4285
1 3858
2 2848
1 1237
1 2359
2 4277
1 395
1 3449
3 3171 4896
1 837
1 1999
3 2754 4537
3 2939 3054
2 4439
1 1036
3 4182 4307
2 1095
2 1218
2 1076
2 72
2 3779
1 244
1 3715
3 4511 4971
1 3873
2 1459
2 3306
3 333 1678
1 941
1 252
1 2978
3 4533 4556
3 860 1173
3 285 714
2 2452
1 672
1 1477
2 4520
1 1584
1 1618
1 2347
1 4037
3 1587 3222
1 690
1 4727
3 1737 2217
1 4845
2 3147
1 3264
3 4284 4438
3 4290 4687
3 4355 4385
3 3619 4577
3 994 3199
3 838 3900
3 1177 2732
3 4964 4969
3 3932 4780
2 10
3 4346 4917
2 1346
2 354
2 3035
2 885
2 2668
3 2130 4988
1 2906
2 3361
3 3903 4203
1 398
1 4555
3 2078 4476
1 275
1 2560
3 1657 1727
2 332
1 4248
2 1794
1 3022
3 4309 4907
1 3765
2 4052
2 2231
2 316
1 4283
1 807
2 3610
2 4743
1 2033
3 4093 4674
3 4307 4479
1 477
3 2926 4171
3 4505 4910
3 1716 4497
1 212
1 1688
1 4397
2 4806
1 3169
3 2776 4776
1 3995
1 4554
3 3784 4140
1 1827
2 224
3 1843 1959
1 4477
1 2109
1 2827
3 804 4384
1 4153
3 3802 4437
2 3886
2 1334
2 3875
2 3164
2 4216
1 2663
2 2374
3 507 626
1 1116
2 1145
2 4957
1 3728
1 1397
1 2410
1 3313
3 4407 4801
1 2521
1 2066
2 1709
3 1888 2885
3 4613 4850
2 405
2 4683
1 3735
3 2429 4732
3 1856 4396
3 2660 2810
2 2524
3 122 2314
1 1890
1 407
2 2212
1 3942
1 3385
3 2861 4811
1 562
3 718 1241
2 3879
1 4221
3 701 3633
1 1682
3 874 1944
2 3387
2 2159
2 3504
2 849
3 2773 3468
2 751
2 951
1 4042
1 2087
1 4686
2 3910
2 2438
3 3201 4440
2 3020
1 2466
2 559
1 3492
1 4370
2 4989
2 2428
1 1886
1 1826
3 2940 4295
3 240 2686
3 778 2406
3 2320 3170
1 3559
2 3835
3 4243 4464
1 3657
3 1625 1890
2 983
1 451
3 3479 3742
3 1843 3806
1 1184
1 432
3 3847 4865
2 1809
2 1779
1 3667
3 847 3341
2 189
3 3090 4170
3 1927 3690
2 2603
2 4685
3 420 4963
3 214 2935
1 3487
1 4137
2 674
3 4109 4276
3 3739 4716
3 2223 2807
2 2364
2 4496
3 2662 4772
1 738
1 1064
3 95 1411
3 4425 4674
2 3167
2 169
2 3852
3 680 4940
1 4456
2 4548
1 517
1 3619
2 4305
2 3695
2 3133
1 2407
3 2281 3111
3 2791 3186
1 4321
3 708 4331
2 236
3 608 2798
3 811 1587
1 2877
1 72
3 2134 4020
3 2203 3424
1 3789
3 4455 4481
1 4655
1 3040
2 4321
2 38
3 190 1900
2 4107
1 1614
3 3881 4891
1 45
3 947 3039
1 46
2 1447
2 3981
1 961
1 2905
3 3314 4807
1 906
3 2564 2657
2 4422
1 3093
2 2598
3 1547 2255
3 432 2888
1 4368
3 1054 4691
3 3471 4354
2 4558
1 3628
1 4021
1 4974
1 536
3 2274 3203
1 3429
1 118
1 2848
2 2652
2 1530
3 2150 4804
2 3177
3 3292 4204
3 4702 4706
3 3031 3938
1 4816
2 926
1 43
2 3383
3 2528 3390
3 689 2631
3 2956 4674
3 4577 4811
3 2162 3176
2 3337
1 2732
2 1555
2 1309
3 556 1317
3 3830 3911
2 141
3 4208 4648
2 547
3 3588 4877
3 2583 4124
3 234 2440
2 2786
3 3288 3927
2 1506
1 2401
3 3576 4506
2 2899
2 1784
3 1467 4380
3 1180 2600
2 2556
3 767 4034
1 1681
2 1781
1 2510
1 3369
1 1341
2 3944
3 3276 4093
3 1521 3782
2 4345
3 3809 4827
2 2210
3 4139 4970
1 1881
3 1521 2486
2 1540
2 4976
2 1565
3 4861 4892
2 1771
1 2983
3 310 2687
