5000 5000
1 3350
2 2448
3 2023 3423
2 2922
3 4977 4985
3 1335 2026
3 1100 4974
1 3307
1 4216
3 4544 4926
2 282
2 837
3 66 1309
1 3824
3 2665 3543
1 3416
3 1011 3956
1 4800
1 3473
2 2714
2 721
2 3674
3 1931 3075
3 3636 4579
1 1973
3 743 2528
2 2039
2 2538
3 2608 4581
2 4538
2 1514
3 3858 4712
1 3477
1 827
1 979
1 4680
1 310
1 3843
2 3286
1 3106
3 3547 3957
1 977
3 1827 3587
3 4876 4991
3 4990 4995
1 657
3 2401 3132
1 4378
1 146
3 4591 4733
3 1233 3688
2 826
2 96
2 346
3 443 892
2 1965
3 3079 3360
2 4963
1 3226
3 4207 4695
1 3157
1 1615
2 1260
1 3764
3 4815 4827
1 1954
3 957 1036
1 1061
2 4376
2 3901
3 4651 4811
3 939 4990
2 207
3 2616 3523
1 4880
2 1937
1 4259
3 4282 4438
3 3605 3626
3 2247 2302
2 3367
2 2612
1 756
3 3896 4499
2 942
1 4409
1 4921
2 4982
2 4048
1 1892
3 100 390
3 3918 4884
2 2848
1 1308
1 4181
2 4757
1 4701
2 1641
3 191 4479
3 4143 4388
2 526
1 252
3 1282 3467
2 458
2 880
1 4803
2 2635
3 3582 4763
2 605
2 3488
3 3742 4525
1 4241
2 903
2 3843
2 962
2 3074
3 1005 1829
2 1895
2 3330
3 4063 4235
3 325 1472
1 1522
3 2824 3805
3 3555 3833
1 3905
2 2476
3 74 2113
1 414
2 1983
3 488 2707
1 2642
3 4284 4400
3 830 1574
2 873
2 3158
1 878
1 2620
3 396 2891
2 684
1 3119
2 2606
2 751
1 4460
2 3391
2 430
2 2332
2 2213
3 3002 3452
1 2645
3 3183 4154
1 3739
2 3692
1 1453
2 3217
3 4489 4979
3 1193 4824
2 4628
1 939
1 3019
3 2073 4497
1 949
2 3435
1 2360
3 4144 4709
2 2863
2 3277
3 4730 4862
3 2328 3143
2 25
3 4770 4928
1 1852
3 3367 4056
3 2525 4987
3 4012 4781
2 4363
2 3801
2 3404
3 4489 4495
2 1377
3 3103 4650
3 6 2524
3 3680 4124
2 4387
1 1596
2 898
2 635
1 1719
2 3106
1 1775
2 2829
2 3193
2 4731
1 3021
2 1114
3 1334 1473
2 3841
1 3463
1 2480
2 2885
3 4998 4999
3 3555 4102
1 2640
3 3799 4563
3 4951 4973
1 467
2 2914
1 121
1 2910
3 1157 4643
1 4675
2 4215
1 2798
2 4927
2 4658
2 3928
2 2964
2 3226
3 1298 1789
2 3644
3 1023 3316
3 668 4872
1 3276
3 2074 2392
1 2823
2 189
2 4331
1 2937
2 3688
3 2309 4480
2 1211
3 4626 4879
3 834 4714
3 3317 4780
1 520
2 68
3 1895 3340
3 3035 3275
1 415
3 3426 4940
1 4995
2 2157
2 1443
2 21
3 1994 3502
2 3378
3 4742 4982
3 309 4066
2 2745
1 1730
1 796
3 3549 3662
1 282
3 2487 2658
2 2765
3 468 3925
1 3576
2 4653
2 2488
1 4129
2 1604
2 4671
1 4336
2 3219
1 3261
3 490 2751
1 759
2 4635
2 1664
3 3227 4588
3 753 3340
3 2725 4533
2 3550
1 4106
3 887 4046
1 4407
2 3978
2 4256
1 1213
3 3341 4652
1 3952
3 303 1889
1 1079
3 2071 2541
2 3843
3 2740 3959
3 2036 3891
3 2844 4166
3 2103 4865
2 1047
2 2345
3 4199 4875
3 4352 4783
1 3216
3 426 1266
2 2012
2 3225
1 1034
1 593
3 307 3784
2 2595
1 248
2 2866
1 604
1 613
1 3918
3 1532 4507
2 748
2 817
2 1179
1 1130
1 4785
1 36
1 4609
1 1983
3 127 3233
1 4895
2 3522
2 3548
3 2614 3482
2 4689
1 70
1 891
2 4374
2 1036
1 4127
1 878
2 1310
1 4634
2 965
2 4231
2 457
2 683
1 693
2 296
3 2843 3942
3 2030 3606
3 103 4024
1 3057
1 2269
3 3379 3650
2 2680
3 4190 4573
3 3441 4999
1 4837
1 380
3 1001 2726
3 253 1019
3 52 1685
3 367 1300
1 3951
2 913
3 3003 3708
3 3043 4295
1 4777
3 2112 3219
1 375
2 672
1 1063
1 1669
3 1330 4266
2 1387
1 2518
3 4843 4844
1 4513
2 1143
1 84
1 1699
2 2897
1 2496
1 3021
3 641 4037
1 4294
1 4316
1 454
2 4951
1 4644
3 599 3969
3 1227 1698
2 1886
3 1887 2926
2 2242
3 3303 4630
2 4236
3 72 2424
3 4410 4468
1 1764
2 4468
2 1417
1 2091
2 4131
2 1263
3 3693 5000
1 421
3 433 458
3 3596 3747
1 3463
1 3190
3 2839 4865
3 566 4174
1 4780
2 1597
3 1723 4253
3 2587 4617
2 922
2 526
1 61
3 1049 2790
3 4524 4874
1 250
3 1440 4329
1 328
2 1087
3 2527 3529
1 2028
2 3608
3 3361 3699
3 780 4023
1 2397
2 239
1 26
2 4535
1 1201
1 3936
1 3193
2 1406
3 1592 3983
2 1538
2 2205
3 1482 3516
2 568
3 4188 4856
3 4697 4785
3 4072 4955
1 1955
3 2967 3607
1 2214
3 4206 4335
1 4925
2 3149
1 4794
2 2061
3 4044 4876
2 2328
2 2693
1 919
3 3311 4239
3 1532 4611
3 4805 4974
3 1089 2744
2 3482
3 3751 3983
3 4833 4923
3 4597 4730
2 1290
3 4040 4401
3 462 3698
1 2869
1 4354
1 3279
2 2558
1 315
1 1683
2 2966
3 2182 4270
3 2852 4492
2 1590
2 3270
3 3508 3952
3 1538 3498
1 3351
1 117
1 1339
2 95
1 1408
1 1903
2 4982
1 361
3 1168 1580
1 4502
1 1250
3 4911 4966
2 3802
2 2427
2 148
3 1226 2416
1 2598
3 848 4759
3 4376 4547
3 2980 3957
2 1774
3 2409 4549
2 2507
1 3234
2 3518
3 4370 4972
3 3365 4447
1 1424
1 494
1 4753
2 2090
3 3574 3706
2 4986
3 4896 4899
1 4882
2 704
3 950 1176
1 4919
2 768
3 1867 2741
3 3186 3849
3 3408 4319
3 3404 4303
3 1544 2839
2 4856
1 911
2 245
3 4333 4443
1 3887
2 3829
1 4871
2 4613
3 4884 4892
2 4762
3 4786 4983
3 2671 3504
3 1128 3591
1 2573
1 1539
3 2832 4383
1 4248
2 3518
1 2354
1 3398
3 252 1156
2 70
2 683
2 3458
3 808 1508
2 3077
3 17 4458
2 3943
3 4623 4978
3 1436 1681
3 2582 4805
2 3916
1 4824
3 2611 3592
3 4535 4783
3 4012 4794
3 1184 1824
3 1439 2357
1 4579
1 4205
2 4795
2 3777
2 4873
2 1365
2 1622
1 3245
3 3593 4321
3 4496 4633
3 2362 4830
1 242
3 1826 3851
2 4883
3 1032 4954
1 4482
2 3476
1 247
2 209
2 1620
3 1083 2063
2 705
2 1559
1 4033
2 1993
1 2347
3 3697 4571
1 3322
3 2320 2730
3 1449 4304
1 285
1 3922
2 971
3 965 2866
2 3301
3 1476 4539
3 1786 3005
3 3757 4641
3 1091 4884
3 2945 3658
1 2743
1 29
2 2965
3 1203 1745
2 1408
2 1765
2 2040
3 3568 3588
2 2389
1 4495
2 1897
1 4462
1 2167
3 31 4902
3 1541 3755
1 2507
1 3351
1 2673
3 930 2297
1 4034
1 3302
1 1952
3 703 3954
3 1058 4400
1 237
1 4875
2 167
1 3568
3 4520 4735
3 572 900
2 3905
2 3329
3 976 3572
2 4677
2 406
3 3514 3944
3 1609 3572
1 1911
2 3077
3 166 4258
1 3449
1 863
3 1718 4896
1 3015
1 635
1 4201
2 64
1 342
2 86
3 2417 2974
2 3250
2 880
2 2824
3 1451 1920
1 3299
1 1394
3 3941 4077
3 211 1229
3 4757 4996
2 2627
3 2387 4926
2 2915
3 2731 4463
1 736
3 2199 2688
1 1547
2 2861
2 2451
2 1214
3 191 4820
3 903 4495
2 2474
3 1568 2853
3 237 2682
1 1985
2 2212
2 3814
2 2770
3 4757 4953
2 3008
3 1696 1736
2 2773
3 2684 4396
3 1282 3750
2 1854
2 3553
2 3644
1 472
3 683 901
3 1125 4708
3 1437 3040
2 860
3 2875 3237
2 2582
2 3121
2 3249
2 3730
3 4184 4191
1 4190
3 1063 1826
3 3864 4475
1 2845
2 3699
2 4206
2 4752
2 1924
1 766
3 1643 2654
3 4374 4497
3 2729 4543
3 4380 4577
1 2433
2 3690
2 3117
3 3778 4807
1 4297
2 68
3 257 3827
2 51
3 724 4279
2 1874
2 2124
2 2128
2 3002
2 2936
3 2542 4315
2 3405
1 3228
2 3399
1 1573
3 2742 3888
2 3619
3 2991 4319
1 3976
1 464
2 3372
2 1525
2 4490
2 2888
1 1303
2 4403
1 1979
3 729 4297
3 187 2770
2 4439
1 1650
1 2755
3 2310 3465
3 1676 4317
3 4725 4807
2 3056
3 963 4547
3 2486 3251
2 639
3 4840 4867
2 4204
2 1000
2 2335
3 2762 3078
3 4764 4941
2 2708
3 4428 4786
3 3507 3743
3 2858 4999
3 3085 4671
1 1370
2 741
2 2511
3 2767 3322
1 4343
3 4087 4629
3 1680 2822
3 482 780
1 553
1 3922
3 87 1202
2 4548
3 4771 4922
1 2022
1 90
2 1521
1 4338
3 4252 4476
1 3910
2 1759
3 3593 4290
2 2621
1 1193
1 4821
2 334
1 1811
2 4733
2 1538
2 1482
3 3843 4587
2 3720
2 3476
1 4856
2 1100
3 3745 4015
1 2598
1 4186
1 2398
3 2743 4601
2 2772
2 582
2 4628
2 2123
3 3499 4111
1 1992
2 4817
3 946 2117
3 3449 4595
2 1066
2 4465
3 89 308
1 3471
3 1876 3172
3 2955 4186
3 1897 2624
2 4263
2 724
1 631
2 4848
1 3901
1 3494
3 2522 4847
1 3143
2 1298
3 2098 4583
2 1477
3 3547 4235
1 970
2 1132
1 1625
2 3714
3 1640 3680
1 586
3 2037 4473
1 4495
3 2471 4222
1 3110
3 4625 4910
2 2806
3 2642 4445
2 180
1 532
2 1944
1 4768
2 449
3 3986 4615
2 1364
3 1000 4121
1 3970
3 3164 4402
1 1698
1 4369
3 3422 4541
1 1934
3 2068 4283
2 1573
1 182
3 4027 4897
3 1065 1897
1 1183
1 2344
1 2559
2 1185
1 1484
1 3816
3 2905 4310
1 1778
2 3243
3 1566 4705
2 1234
1 4651
1 691
2 341
1 2697
2 609
3 1666 4470
1 152
2 4496
2 795
2 4519
1 1001
2 1931
2 3116
3 337 2604
2 3152
1 3489
2 644
3 2208 2604
3 2166 4772
3 1452 2971
1 966
1 486
1 837
3 72 895
3 4104 4927
2 3787
2 4975
3 627 3332
1 3845
3 4777 4849
1 2767
1 1585
1 177
3 1993 3628
3 1805 2506
2 3810
2 4160
3 4823 4985
2 2721
3 383 4382
1 4369
1 2859
2 3917
3 2191 4791
1 3957
2 4301
2 1451
2 323
2 2447
1 3715
1 3115
3 1112 1398
1 850
1 2184
2 501
3 3476 4437
2 2057
1 2309
2 4174
3 2524 4433
2 2190
1 1831
1 2997
3 572 3552
3 4118 4446
3 373 3850
2 804
2 3343
3 4078 4653
3 4299 4830
1 4561
3 2119 4468
2 2764
2 2331
3 4998 4999
2 3996
2 923
2 1107
1 3937
2 3563
2 448
1 1836
3 155 2974
2 3248
3 944 3284
1 475
3 1726 3869
1 1994
3 2705 3317
1 4629
2 1218
2 725
1 1001
3 2439 3600
2 4439
3 2948 3647
2 1605
3 3709 4384
3 1733 2804
3 878 1947
1 3074
2 2792
1 2274
2 3521
3 2074 4275
1 4757
1 1689
2 309
2 4963
1 2641
3 2830 3005
3 1726 2755
3 710 846
3 1471 4374
2 2160
1 650
3 3416 3621
2 1914
1 4212
2 3451
3 600 2038
3 1657 2566
2 1422
2 2274
2 33
1 1665
2 3526
2 3407
2 575
3 1905 3304
3 833 2535
3 1691 2905
2 4880
1 1839
1 1192
3 2097 2711
1 4003
1 4285
1 2131
3 270 1194
3 4503 4659
1 3029
2 747
1 3190
1 2521
3 2076 2868
2 1257
3 1464 1873
2 2649
2 1296
3 1791 4794
2 2773
2 970
2 615
1 626
3 345 3660
1 3115
1 4547
1 3997
2 2547
3 2080 3341
2 2839
3 3781 4001
1 4586
1 433
2 4920
1 2387
3 4208 4613
1 3450
1 409
1 1240
2 1210
1 2475
2 1623
1 4398
2 4870
3 4054 4401
2 4139
2 4392
2 135
1 3340
2 4795
1 4857
2 605
1 2672
2 4711
1 3224
2 1929
1 2346
3 1079 4643
2 2299
1 4011
1 4957
3 1398 2711
2 3974
1 2405
3 4081 4191
1 4901
2 3557
1 1212
2 3169
2 2650
3 2869 4035
1 2061
1 103
2 4760
3 2410 3409
1 1962
3 1158 1235
1 4459
2 2213
2 4923
3 4962 4966
2 3315
2 4903
3 2028 4561
1 2698
3 1597 3936
2 2162
3 975 2409
2 2813
1 3811
1 4038
3 475 3671
2 2254
1 1760
1 3059
3 349 4721
1 3093
2 2920
1 1001
3 2582 3865
3 275 4083
1 2572
1 4528
3 605 4988
2 79
2 2045
2 2435
2 3703
1 4633
1 4735
3 4822 4884
2 2146
1 4299
3 2434 3652
3 2061 2567
2 2765
3 4114 4934
1 354
3 1103 2303
1 4710
2 538
1 4077
2 922
3 3591 4583
2 774
2 258
1 3695
1 1399
3 2457 4781
3 4846 4929
3 1441 3468
1 3863
1 1892
1 2523
1 44
1 4409
3 1160 4823
1 3748
2 1382
3 3528 3867
2 4728
3 1795 4223
1 3326
2 2313
2 3997
1 3374
3 4065 4602
2 2137
1 4396
3 3875 4033
2 2877
2 3451
1 14
2 1446
1 1771
1 4188
1 1399
2 4278
2 2892
1 1320
2 3771
3 4477 4861
2 1074
1 3995
1 4671
2 4736
2 836
2 4602
1 531
2 4300
3 186 3440
2 1045
2 3972
1 2422
2 3381
2 1757
1 3267
2 1052
1 3270
3 3732 4858
3 3861 4653
2 1043
3 304 1960
2 1336
1 4032
2 1907
3 948 3319
3 3707 3800
3 4312 4852
2 1956
3 2191 3314
1 2055
1 3153
1 1554
2 3697
3 572 1430
2 698
1 2559
3 871 4281
3 2770 4128
3 2932 4095
2 3625
1 3812
1 3040
2 2381
1 3364
1 2060
3 3720 3726
1 2285
3 1769 3289
1 4123
3 3084 4739
3 2373 3358
3 1824 4358
1 1217
1 2314
1 1393
3 4019 4305
2 1521
1 2390
1 2320
1 1399
3 2784 3436
1 1049
1 3188
2 2934
3 928 4038
2 3808
2 476
1 2431
1 2755
3 784 875
2 730
2 10
2 1272
2 337
1 2752
1 4595
2 1768
3 396 966
3 2428 4316
1 750
1 4123
3 581 4911
1 2161
1 4445
1 3731
2 4113
3 851 1633
2 772
3 1652 3009
3 4746 4888
3 1045 3613
1 3619
1 924
1 3682
2 3489
3 2135 4018
3 3597 4035
1 279
3 288 1187
2 4128
1 2364
2 1593
1 367
1 1698
3 897 1900
1 2452
3 2362 4401
2 901
2 4388
1 4113
2 2346
2 495
2 3721
3 4960 4961
1 4167
2 1440
2 4251
2 1438
1 4905
2 1933
1 1614
2 2418
1 3303
1 2992
3 2247 2461
2 2902
2 975
1 807
1 54
1 4717
3 2380 4170
2 2379
2 297
1 1824
3 4428 4877
3 2722 3652
2 2280
1 4506
1 332
2 1760
3 484 2474
2 705
1 4493
1 513
1 857
1 828
3 1771 4915
2 545
2 2669
2 3193
1 559
3 491 2603
1 562
3 244 1280
2 96
3 4847 4979
1 3647
2 4723
1 4620
1 1827
1 690
2 100
1 3409
1 203
2 3340
3 1495 3760
3 3015 3997
3 2991 3893
2 611
3 2238 3432
2 3384
3 3119 4387
3 460 3281
2 717
2 1013
3 3936 4359
3 3270 3846
2 4398
1 2182
3 2436 4013
3 4777 4884
1 4166
2 492
2 3045
1 2653
2 4404
2 2312
3 4763 4825
3 1377 4716
2 3856
2 3300
2 2144
1 145
3 154 2095
3 2009 3523
3 574 2281
3 4333 4870
2 820
2 4665
2 2116
3 656 2781
1 1268
2 490
3 2449 2683
1 2241
3 2221 3424
1 2827
1 1060
3 2484 2607
3 4030 4900
3 4510 4648
3 529 2454
3 2509 4975
2 3035
3 4211 4687
3 591 1256
2 3268
3 3081 3816
1 4567
3 1489 3161
3 4181 4184
2 3517
1 4842
3 2056 3697
2 499
2 4524
2 4885
1 623
3 4586 4935
2 4717
2 3023
3 1779 4679
3 3841 4268
1 1210
2 118
1 1824
2 343
3 1182 1275
1 2447
3 2544 2674
3 2107 3062
2 4760
1 171
3 1190 4668
1 62
3 4463 4547
3 4467 4667
1 1169
3 4563 4804
1 1581
2 3762
3 811 4970
3 1801 2022
1 3480
2 1402
1 2815
3 4056 4991
3 2057 3260
1 9
3 3235 4541
1 3482
1 437
2 4880
1 4399
2 1338
3 284 1782
3 1406 4700
3 448 2341
2 4036
1 1592
1 3866
1 2568
1 1763
1 3883
1 3892
3 4898 4995
2 1110
2 4880
2 4457
2 3146
3 3280 4362
2 3456
3 706 1359
3 4820 4927
2 1948
2 1562
2 4773
3 2414 3627
1 2014
2 1692
1 2184
2 2998
3 2766 4265
1 40
3 1186 2238
2 4496
1 3021
3 3123 4549
2 2549
2 3599
3 1842 4030
1 1021
1 3122
3 3505 4516
1 4952
1 3925
1 3857
2 4774
2 2977
2 1797
3 3698 4777
3 4187 4490
2 3859
3 4999 5000
2 3344
1 1124
1 4976
3 3137 3625
1 1304
3 3561 4922
1 174
2 1239
2 293
3 3960 4171
2 1513
1 388
2 4380
1 1968
2 3974
3 4223 4471
2 1065
1 1574
1 1767
1 3174
2 2626
3 4956 5000
3 3531 4938
1 2081
2 2070
3 2276 3916
3 4534 4637
1 4434
1 3706
3 3320 3775
2 3064
1 2876
1 4072
1 3463
1 3487
2 3416
1 2881
2 4970
2 2392
1 1676
3 3833 4742
1 4256
3 821 826
1 2962
3 147 2315
1 3718
3 3450 3528
2 4336
2 1867
2 4503
2 1767
3 3296 3761
2 575
2 1234
3 302 4864
3 3370 4951
3 3336 4991
3 830 3905
2 3773
3 4909 4985
3 3476 3784
2 863
1 4107
1 2622
3 4633 4703
3 3514 4041
2 2922
1 58
1 2160
1 1468
2 1660
3 4113 4641
1 2441
1 1332
3 1524 3053
2 2278
3 3236 3465
2 2070
2 1393
2 4712
2 1744
3 4256 4886
1 3939
2 2607
3 4125 4253
1 3752
2 4266
2 719
2 2075
3 496 2189
3 674 1427
3 191 4079
3 2840 3234
3 3004 3529
1 1394
1 4819
2 781
3 1303 3554
1 3338
2 17
3 2300 3451
3 4587 4597
2 4631
2 3907
1 4722
1 2377
3 1884 3827
3 4722 4923
1 1991
1 2877
1 4518
1 638
1 3592
2 2
2 2054
2 2074
1 347
3 4555 4974
3 1924 2925
1 4477
2 3908
3 1173 4781
1 3462
3 2075 4374
2 1235
3 943 1497
2 4488
2 3244
3 4491 4695
3 2012 4472
1 4641
2 3182
2 3980
2 1247
1 1790
2 1592
3 1976 3376
3 2056 3662
3 4720 4983
1 4974
2 539
2 511
3 973 1499
1 1849
3 4557 4696
1 1716
2 1850
1 3740
3 4544 4631
2 1465
1 2820
1 2554
3 1956 4984
3 90 4124
3 4250 4838
3 1811 3354
1 667
3 2825 4191
2 3505
3 1832 2315
3 2146 2913
2 85
3 3637 4507
2 4415
1 256
2 3277
2 4115
3 331 2826
3 3984 4755
3 3830 4006
1 4239
1 242
1 3423
2 4356
3 1381 4096
1 1602
3 3431 4955
1 242
2 1741
3 3016 4354
3 429 937
1 3881
3 4791 4854
3 2591 3256
2 3516
1 652
3 3518 3691
1 4502
3 3238 4777
1 2879
2 3642
1 2632
1 4863
1 1785
3 1242 4041
2 2917
1 2815
2 1535
1 4269
2 4327
2 4976
3 197 1932
2 3585
1 3623
2 4485
3 3737 4803
3 3492 4564
2 3697
3 1925 1936
2 3281
1 2693
2 8
3 4011 4144
1 466
1 4896
2 4176
2 183
2 1783
2 3412
1 1545
2 2351
1 2966
3 3457 4336
1 1745
3 4083 4524
1 4075
1 217
3 4971 4993
3 405 2278
1 645
1 3719
2 3767
2 405
2 4752
1 2297
1 2917
3 3189 3852
3 4264 4772
3 4304 4924
2 3112
3 1231 4053
3 2171 3931
2 1006
1 1303
3 510 1662
3 1978 4235
2 4172
2 1297
1 713
3 1122 1393
3 3565 4290
2 334
2 758
1 1840
1 3995
2 1000
2 1908
1 1078
2 4125
2 2989
2 1537
2 1393
1 4825
3 2151 3532
2 811
2 3861
1 4144
3 446 3737
2 1884
3 1748 2349
1 89
2 2830
3 2181 4501
3 846 4017
1 4644
3 4584 4644
3 3762 4733
3 4405 4935
3 4520 4650
1 2608
1 4500
2 1158
1 1878
2 3647
2 4779
1 2197
2 2799
1 507
1 4796
2 4506
1 884
2 1837
2 829
2 2687
2 2558
2 1995
2 1810
3 819 3989
1 1154
3 4744 4846
1 1073
2 2406
2 4595
1 3680
3 314 1014
2 3218
1 1603
3 1110 1355
1 4854
1 2487
1 1662
1 1389
3 1423 3992
2 1108
2 2379
2 161
2 3809
3 622 1939
3 2557 3461
2 4732
2 3688
3 3117 4682
3 2776 3821
1 3117
1 2450
1 1568
2 812
1 1288
1 724
1 1511
2 212
1 118
1 2028
1 789
1 317
2 2357
1 4247
1 1923
3 2221 3147
2 2688
1 435
1 800
1 1929
3 4068 4308
2 2885
1 3116
2 1909
1 1077
1 2135
3 2672 4765
1 4975
1 3339
2 1598
1 571
3 4027 4708
3 2904 4041
3 4513 4937
3 697 1494
1 1079
2 3441
2 4804
2 1214
3 126 3849
3 1509 2043
3 1681 4256
2 4504
3 1916 4064
3 4450 4851
2 4930
1 901
2 3693
2 785
1 2085
2 4261
1 3022
1 3421
3 798 3621
2 1169
3 2599 3697
2 637
2 2294
1 4416
1 4015
2 1365
2 1659
2 1184
2 1870
2 3837
1 2004
2 175
1 29
2 4510
3 815 1160
2 1501
2 1420
2 4035
1 1756
1 3631
2 1705
1 3055
2 2356
2 2775
1 1482
3 4127 4334
1 3253
3 712 4472
2 313
1 884
2 2041
1 1280
2 628
2 3392
2 4498
3 829 2726
3 3379 3922
3 181 2104
3 1534 2430
2 4058
2 2528
2 3669
2 1348
1 3408
3 4391 4996
3 4656 4743
1 1287
1 439
3 565 4518
1 1128
2 4522
2 2389
2 2684
2 3538
2 2862
1 3761
3 2621 3966
3 851 4320
1 860
1 2726
2 3939
2 1427
1 2105
3 3523 4312
1 2790
1 1621
3 2898 4750
3 4593 4782
3 3370 4056
2 1331
3 2549 2814
2 2771
3 3817 4650
3 1898 2679
1 2950
3 4148 4589
1 3606
1 3490
3 425 4433
2 756
1 2
2 4669
2 2338
3 3046 4293
1 2728
3 4090 4231
2 4822
3 2309 4426
1 1741
1 3453
2 2954
3 526 631
3 1425 2551
2 1893
2 4847
2 1006
3 3841 4128
1 4824
3 4237 4761
2 2690
1 152
3 668 3833
3 2563 3174
3 4365 4922
2 2176
1 18
1 3439
3 3830 4466
3 2947 3265
2 91
2 303
2 2825
1 1913
3 1125 4888
2 1949
3 1206 4139
3 672 4337
2 4081
2 4060
2 290
3 3112 4206
3 3309 4105
3 4829 4841
3 1259 3392
3 2240 3934
3 2739 3926
3 4074 4336
3 4608 4614
2 3843
1 2676
3 2619 3677
3 1032 2463
2 1786
2 3713
1 326
2 2461
1 575
2 1185
3 1059 4795
3 3920 4280
2 2280
3 3761 4561
3 3449 3774
3 2914 3487
3 4857 4890
2 3196
1 3274
3 4231 4893
2 2039
2 3228
1 655
2 3505
1 3108
1 4254
3 1607 3846
2 1395
2 1545
1 3971
1 2081
3 1943 4139
1 4763
3 4109 4320
2 2002
3 4524 4730
1 3196
1 1787
1 1970
3 3443 4046
2 150
1 2560
3 1355 3836
1 2389
3 4563 4801
2 976
2 10
2 585
1 846
3 1134 4449
1 1434
2 1731
3 4019 4808
1 3859
3 2904 4976
2 3168
1 3972
1 2760
1 4057
1 2572
3 2961 4279
1 3394
3 1139 4599
3 4552 4824
2 436
3 4172 4760
2 3930
2 2347
2 3177
3 1685 4703
2 3797
3 4892 4932
2 3355
1 4707
3 4577 4578
1 1133
1 2874
1 80
3 94 4531
3 3889 4620
2 2742
2 2016
3 156 2250
2 2437
1 2731
3 3751 4713
1 1732
2 4562
1 2886
2 1238
1 2266
2 296
2 621
1 176
1 2072
3 1880 4743
2 2776
2 1587
3 4516 4998
3 657 3528
1 2212
3 4398 4786
2 850
3 3060 4149
1 1079
2 1057
2 1784
2 3922
1 2257
2 4047
2 304
1 2888
3 1789 4218
1 3197
3 4167 4851
1 1374
1 4620
2 3193
2 1003
1 609
3 3739 4220
2 575
3 2019 4868
1 1049
2 2777
3 4252 4452
1 577
2 3401
3 4952 4969
2 3224
3 3067 4363
2 2144
2 3247
2 4089
1 3086
1 4528
3 1682 1778
2 4185
3 4254 4473
2 4672
3 2012 3266
1 3631
2 1386
2 942
2 840
2 4017
3 2972 4587
1 2119
2 4553
1 2380
1 436
2 2758
3 523 3669
2 1021
1 681
2 4404
3 1819 4613
1 3727
3 2022 4533
1 3838
2 3583
1 4614
3 3380 4327
1 3031
3 3398 4455
3 4383 4384
3 763 4848
1 2551
3 1904 2566
2 2110
3 4567 4774
3 1184 4542
3 2515 3616
3 2780 2945
1 4964
1 82
3 440 497
1 4220
3 1541 4265
1 2379
2 2319
1 1949
3 996 4627
3 385 1514
2 2526
1 3588
2 4600
1 707
3 3340 3915
2 798
3 3893 4683
3 1503 2492
2 3724
3 2772 3214
2 370
2 1706
2 1255
2 4423
2 2983
1 446
3 1201 4831
2 3989
1 680
3 4824 4958
3 3418 4978
1 3414
3 4314 4627
2 4472
3 1319 3640
2 805
2 3822
3 4435 4547
2 1575
1 4250
1 4988
1 2390
2 2373
3 2277 3118
2 3046
2 4963
2 3215
1 2788
1 2012
2 1829
2 3900
2 4009
3 3887 4067
2 3223
3 2323 2740
3 4908 4991
3 2511 3049
1 2308
2 2206
3 3425 4946
1 3297
1 949
1 4951
1 3648
2 2687
1 113
3 4169 4665
3 4568 4749
1 329
2 3034
3 2195 4582
1 4842
1 3772
3 1071 4130
1 3597
1 665
2 3414
2 287
3 1871 4326
1 4092
1 4673
2 1240
3 1145 4224
1 2724
1 1229
1 1075
1 3739
2 2319
3 621 3412
1 664
1 1826
2 2272
1 830
1 4601
3 2650 4556
2 664
1 576
2 2060
2 2361
2 4603
3 4267 4320
2 2884
1 2236
1 1884
1 3909
3 4730 4887
1 137
3 99 1733
1 4022
3 2314 4789
2 4344
3 2233 3358
1 747
3 1341 1478
1 3440
2 1307
3 2664 3478
2 2337
3 1357 1545
3 3434 4872
2 1333
1 4618
3 4125 4708
3 1638 3224
2 307
1 4593
2 3183
1 3364
3 359 2021
3 3362 4829
1 4742
3 3503 4172
3 1308 3718
1 2770
2 4904
3 840 1456
1 2149
1 4380
2 3317
3 2485 3520
2 1922
1 2179
3 2383 2454
2 2908
1 191
3 3063 4188
1 1388
1 2449
1 870
1 4810
3 4542 4804
2 3349
3 4756 4993
2 1019
1 2409
1 1889
1 4021
1 1130
1 1686
3 4281 4540
3 4700 4769
2 3335
1 1675
3 3869 3924
3 1179 4706
1 830
1 2806
2 4251
2 2781
2 2519
2 3259
3 4544 4698
1 2661
3 2112 2986
2 2448
1 34
1 1906
3 4212 4334
2 1571
2 31
3 3806 4725
3 2570 3087
2 2477
3 1335 2575
3 1391 3347
1 750
2 1033
2 2603
3 1706 1767
3 1058 4402
3 4298 4456
2 1281
3 3576 4258
2 3688
1 4849
1 2383
1 2334
3 3527 4891
3 4033 4706
1 207
1 2081
3 670 2511
3 2828 3190
1 2592
3 2412 4560
3 2443 3215
2 1066
2 513
2 1850
1 3817
1 787
3 2098 4694
1 393
3 1216 2750
3 2523 2830
2 345
2 2801
3 2416 3804
3 3513 4115
2 2216
2 3288
3 1611 2600
3 1276 3016
1 262
2 445
3 2456 2546
1 2923
2 1869
1 4157
3 1308 4269
1 4352
2 1800
2 1610
3 460 2082
2 1986
2 1648
1 1037
3 1523 4975
1 4364
3 1339 2094
2 459
1 166
3 248 1204
1 1139
2 3519
1 744
1 1653
2 1027
3 2187 2228
2 1038
2 2612
2 2488
1 2753
2 2652
3 4974 4992
1 4914
1 3293
2 1358
3 4907 4936
2 3110
1 4378
2 4816
3 3139 4338
2 4955
3 4005 4236
1 4150
3 4632 4637
3 1578 3414
2 2865
3 200 3013
3 2234 3907
2 3881
2 63
3 2062 4030
3 3758 4445
2 1226
3 4531 4682
2 840
3 3387 4793
2 2566
3 3045 4937
2 2232
1 2582
3 1492 3713
3 4124 4972
3 578 2599
1 785
1 2807
2 4071
3 4359 4725
2 4994
1 4674
1 1557
3 1077 4641
2 535
2 795
3 2369 4244
2 121
3 1505 4566
1 3495
3 357 4560
1 4388
3 1413 4749
2 4657
3 1909 2285
3 3370 4925
2 1844
3 4785 4927
3 2123 4718
1 2857
1 590
2 181
2 4298
3 3854 4295
1 2123
1 271
1 3229
2 1732
1 2335
2 1551
2 1567
2 2729
3 1456 2064
2 4006
2 309
2 2651
1 3978
1 3320
2 149
3 2199 3877
2 1301
3 4915 4933
3 1626 2180
1 145
1 488
1 3920
1 336
3 1707 4694
1 4935
3 1301 4750
2 4037
3 1296 3397
2 1998
2 4369
3 2951 3550
3 1864 2726
2 2934
3 446 2802
1 3865
3 301 4844
3 3675 4622
2 1107
2 86
1 2524
1 4125
1 259
1 3807
2 3655
1 220
1 2870
2 856
2 2495
3 2576 4612
1 2464
1 2691
1 4740
2 1584
1 256
2 856
2 1667
3 2174 2234
2 4109
3 2288 3183
3 2244 2580
1 3954
2 2334
1 4834
1 3420
1 2392
2 2355
3 1020 2759
1 4685
3 4860 4998
2 2045
2 2319
3 2515 2585
2 4032
1 767
2 3786
3 3940 4231
2 996
2 2125
1 4532
1 3346
3 1453 2943
3 1594 2956
2 1513
3 2661 4182
1 3676
3 928 1727
1 3186
3 3396 3902
1 4953
3 1732 2668
2 4905
2 4353
1 2028
1 4931
2 4529
2 3859
3 134 4731
2 3098
1 4443
1 3181
1 1097
3 3764 4951
1 4398
2 761
1 2589
2 3608
1 1181
3 862 4135
1 204
2 4869
3 1893 4111
1 2951
2 1211
1 2978
1 298
1 1159
1 1825
2 1693
3 4374 4885
3 1535 3422
1 2072
3 3248 4358
2 3797
2 588
3 421 2467
1 4156
2 2809
2 1886
3 4048 4858
3 363 2587
1 570
1 4934
3 283 319
3 2874 3585
3 679 1420
3 3184 4009
1 4218
3 118 3803
2 360
2 3321
2 719
1 2587
3 3998 4030
3 2629 3771
2 3662
1 1847
1 1549
2 4228
2 4041
1 3257
1 4974
2 3941
2 2890
1 3253
1 984
3 4315 4922
3 4540 4790
2 764
3 1573 3830
1 1733
1 3234
2 3284
2 229
3 3378 3548
3 2008 3626
2 2743
2 2301
2 1624
3 11 4742
2 2615
1 2613
1 3629
3 3082 4057
2 2394
1 1730
1 3296
2 1344
1 1049
3 3617 3647
1 4714
3 4915 4974
2 3335
3 4189 4807
3 3913 3949
3 4700 4740
3 1379 3231
2 538
2 319
3 3289 4867
3 1826 4764
3 1595 1978
3 580 2409
2 3956
2 1097
1 4085
2 4608
3 2567 4926
3 4880 4977
1 3539
2 1415
1 3099
2 2634
2 470
3 4722 4723
2 2751
1 4184
1 1096
2 3830
3 1557 3997
2 553
2 2092
1 2439
2 896
2 2944
3 2182 4254
3 4140 4764
2 3249
3 643 2734
2 4292
3 762 3071
1 3270
3 3779 4594
3 1382 2697
3 2391 4103
1 923
3 3354 3884
3 3669 4805
3 3645 3901
3 2741 4657
1 4301
3 4591 4906
1 1799
1 603
3 3629 4128
3 1670 3557
2 1552
1 276
3 553 2966
2 4826
3 3237 4269
1 2581
3 118 436
3 245 4181
3 2264 3758
3 2385 4098
1 1125
3 3001 4308
2 1531
2 4136
2 3990
3 2891 4473
1 1150
2 2781
2 1333
3 1792 1933
3 998 3883
2 1762
2 2709
2 1367
2 2296
2 748
2 3509
2 4325
1 3902
1 4144
2 1782
2 3002
3 160 1303
3 3790 3853
1 834
3 912 3833
3 942 1361
1 4927
3 4971 4990
2 484
2 3607
3 3483 4239
1 3105
1 3587
2 4797
3 1726 2706
3 2904 4286
2 2655
1 1759
2 1112
1 4739
3 2423 3014
1 1372
3 3177 3740
1 2815
2 407
3 3841 3967
2 1005
3 2674 4514
3 3302 4140
2 1199
3 3321 3956
2 1012
2 4769
2 50
2 4235
2 2596
1 81
3 2619 3296
3 3081 4792
1 1444
3 3562 4996
3 4777 4876
1 1480
2 2615
1 3268
2 2199
3 3613 4453
3 4074 4670
1 1344
1 2634
3 4350 4415
1 3944
2 4222
1 1262
1 2451
2 100
2 1554
3 2214 3705
1 3776
1 697
2 4093
3 2600 3848
3 3652 4650
2 378
2 4782
1 1930
2 2976
1 268
3 4331 4596
3 891 2255
2 1851
3 4600 4636
1 467
1 346
1 1690
2 1038
2 3981
3 4545 4730
3 4430 4620
3 3778 4454
1 399
3 3299 4831
3 1436 4305
1 41
1 1102
1 3017
2 1564
2 1986
2 1963
1 3572
2 2506
3 3053 4144
2 155
3 4630 4942
1 3022
1 1502
1 2026
3 2193 2933
2 370
1 1208
2 8
2 3973
3 2561 3207
1 2220
1 3911
3 4022 4858
1 4812
3 2736 4437
3 3905 4475
3 2541 3674
2 2059
3 2059 3683
3 3165 4634
1 3464
1 2216
1 3155
3 4813 4987
2 430
3 1590 2471
3 3532 3801
3 1027 1890
3 4520 4634
1 875
2 1950
1 790
3 3376 4453
3 2890 3277
3 2815 3526
2 776
1 4741
1 1287
3 883 3152
2 1463
1 1207
1 2113
2 4522
2 2067
1 1886
1 256
1 294
1 2978
3 1718 3740
2 2696
1 853
1 3423
3 2724 4111
2 302
2 3050
1 3552
3 3769 3913
1 464
1 3324
3 4473 4611
3 1137 2552
2 3645
1 994
2 2101
3 4851 4879
1 694
2 3821
3 3043 3228
2 4215
1 4900
1 2160
2 2673
2 315
1 2759
3 1882 4736
1 1652
2 3941
2 4062
2 3630
1 995
2 2341
2 848
3 4369 4946
2 1049
3 2594 2844
3 538 2559
3 2885 4217
2 4288
3 4188 4953
3 3787 4989
1 3599
3 354 2307
3 831 4335
3 2727 3323
1 733
1 1014
2 1341
1 1791
3 4224 4570
2 2336
2 3869
2 4074
3 4798 4998
2 2342
3 3710 3928
1 2099
1 1311
1 627
3 2699 4341
1 3305
2 4087
1 1794
3 3909 4844
3 98 2995
2 1783
1 1443
2 4566
3 2293 2568
1 4834
3 3000 4858
3 1626 2694
1 3822
3 1008 1812
2 3452
1 3401
3 2591 4623
1 842
1 2033
1 1207
1 4059
1 26
1 2697
1 3940
2 2664
3 2358 4751
2 3078
2 2648
1 2386
1 4534
2 172
3 4755 4971
3 554 3736
2 622
3 1672 4741
2 819
3 3196 4322
1 4020
1 88
2 469
2 4940
1 4233
2 3680
3 3509 4302
1 2519
2 4837
1 4338
1 3978
3 3484 4004
2 4924
1 3335
2 3639
2 2016
3 3855 4015
3 4724 4888
1 1864
2 80
1 94
3 532 4192
3 4428 4927
3 2694 4913
1 4515
1 2116
2 3907
3 4642 4894
2 1106
2 2541
2 274
1 3466
3 3322 4140
2 784
2 3016
2 725
3 428 4082
1 2086
1 4153
2 4068
1 2626
3 1725 4461
3 3852 4937
2 3699
1 2622
2 4044
3 608 4075
1 3994
2 3662
2 4335
2 1872
2 897
2 2753
2 1636
1 2607
1 3762
3 665 1198
2 1147
1 4110
1 3549
2 3955
2 3470
1 3998
3 1985 4980
2 4601
2 749
1 4821
2 792
2 4788
2 1674
2 888
3 1692 4368
2 3395
2 3835
1 3388
2 3624
2 1770
2 2413
3 4887 4947
2 3220
2 277
1 4007
3 670 1625
2 611
2 1204
3 1508 4078
1 3833
1 2971
2 1002
2 447
1 3436
2 2691
2 1490
1 295
1 4553
3 1168 3274
2 3148
2 97
2 983
2 146
3 4875 4964
3 303 3410
3 1285 2498
1 512
1 1493
2 361
3 488 3924
3 1078 2901
1 1921
3 2318 3224
1 4548
3 3610 4975
1 4877
2 4124
3 2427 2934
3 4622 4800
2 4687
1 2558
1 2961
2 2581
1 1173
1 1566
2 504
1 3166
2 1423
1 643
2 634
3 2400 4134
2 3365
2 2939
1 4106
3 1550 3578
3 847 3465
2 1333
1 1596
2 2869
2 1707
3 2981 3892
1 1878
1 4705
1 1162
3 3019 3467
3 472 4543
1 4795
3 928 2604
3 2087 4668
1 4766
2 513
1 647
1 1320
2 711
3 1097 1929
2 546
2 1438
2 504
3 801 1879
2 4259
2 2445
2 2242
1 3283
2 2878
1 15
3 320 4343
1 2698
2 110
3 3081 4011
3 2543 3868
1 4405
2 2357
1 71
1 4497
3 791 3115
1 2781
3 1721 3977
1 625
1 512
3 3207 3272
1 1476
1 2288
1 1622
2 1562
2 3638
2 3973
2 4854
2 4460
1 4563
2 882
1 1782
1 4480
3 3772 4829
2 274
1 261
3 2200 2687
2 465
1 1733
2 72
3 1875 3760
3 1125 3037
1 2446
2 615
2 982
3 874 3904
3 2909 4093
2 3817
3 2563 2640
1 1346
2 4428
2 4774
3 1764 1777
3 4118 4579
1 2664
1 1393
1 98
3 1462 3881
1 704
1 2198
2 1984
1 281
3 2514 2882
3 315 4025
1 148
1 3390
2 415
3 292 4969
2 88
2 4044
2 1183
1 112
3 367 1894
1 434
2 2867
2 1973
3 3816 4779
2 2612
2 3886
1 2754
2 4565
3 1646 2554
1 327
2 4867
2 3504
2 558
3 3889 4983
2 2180
3 3490 4074
1 4832
1 1415
1 1034
1 4320
3 260 3974
2 2191
3 1917 3777
1 3801
3 2140 3299
3 1493 2223
3 1503 2277
1 3910
3 3716 4137
1 1295
2 2042
2 1836
2 2816
2 2197
1 42
1 193
1 2497
2 3302
1 3471
3 2431 4133
2 4274
2 1781
1 3542
3 2207 3711
3 1102 2642
2 1848
1 2755
2 670
3 4010 4542
1 988
3 4418 4855
3 783 4192
1 4319
2 2935
3 4150 4803
3 3040 3316
3 3912 4256
2 18
2 4567
2 4737
3 3147 3649
3 4554 4783
1 2625
3 2930 3520
1 635
3 4913 4992
2 2344
2 3668
3 3754 4073
3 3281 3500
1 3457
3 1662 3246
1 4272
1 3814
3 114 4410
3 2127 4094
1 4536
2 2989
1 3227
2 2499
2 3675
2 1427
3 93 2373
3 410 929
2 212
3 2785 3980
2 1554
3 3762 4946
1 691
3 4895 4951
1 3492
1 3095
2 3219
2 3415
1 4342
2 4001
3 4808 4991
2 1673
2 1129
1 1032
1 1499
3 4029 4616
1 4359
3 4524 4537
2 1743
1 730
3 3749 3965
1 2398
2 1687
2 378
3 2535 2815
3 1906 3454
3 2554 4573
3 2391 4145
1 4173
2 3933
1 2137
3 978 1921
1 2804
1 2807
1 1636
1 4956
2 1987
3 4150 4677
2 4594
1 3247
2 4912
2 4340
1 3300
3 4018 4303
1 3696
3 4367 4514
2 3573
1 4478
1 3117
1 2966
1 1907
2 602
1 3384
3 1391 2478
1 1076
1 3052
3 344 1023
3 1233 1658
1 4667
3 4289 4626
2 3096
3 913 1174
1 1117
3 570 4411
3 2207 3334
3 32 2140
2 4301
2 3490
1 1948
3 1301 4323
2 1467
2 2
2 3155
1 2606
3 2663 4516
3 2391 3045
3 4517 4653
2 4459
2 3229
3 2659 4626
3 743 2997
3 978 1373
1 3424
3 2674 4059
3 1896 2161
3 1789 3877
3 1098 3457
1 2829
2 768
1 3954
2 4065
1 3712
2 613
3 384 3548
2 3345
3 3645 4545
2 1585
3 3190 4183
1 2619
3 4939 4942
1 2219
3 1587 2538
1 1058
3 3849 4041
3 3480 4756
2 2377
3 297 2262
3 3318 4053
2 2949
3 2445 3543
1 398
1 766
1 4397
2 1324
2 2232
3 3690 4616
2 1902
2 2754
2 1820
1 45
1 2622
1 1345
1 390
1 3960
1 2731
3 2493 4569
2 4464
2 3155
2 1175
3 2122 2861
3 178 1094
1 3437
1 2618
2 1993
3 4995 4999
1 1423
1 302
3 3996 4238
3 4239 4553
3 1326 3454
3 645 4798
2 1888
2 2258
2 3639
3 2981 3121
2 3923
3 2720 3461
1 1943
2 3291
2 4630
2 2918
3 588 1197
2 3195
3 3707 4318
3 395 4148
1 2961
2 141
3 1385 2646
3 556 1795
1 1245
1 1143
2 3352
2 818
1 3710
1 3478
1 1908
1 1373
1 4688
2 3783
2 2161
2 293
1 1687
2 4809
2 2046
2 491
3 4499 4955
1 1357
3 4416 4860
1 835
1 1238
1 4811
3 2879 4912
3 3764 4143
2 4781
3 2533 3845
3 1161 3507
3 396 3282
1 1200
2 2689
1 4509
3 2411 3362
2 2574
2 2179
3 730 2510
3 3020 4710
3 4930 4993
2 1882
1 4085
1 398
3 3151 4083
2 4955
1 3573
2 693
1 789
1 3031
1 2397
3 1102 1880
2 4026
1 3006
3 1582 4968
3 1980 2357
2 1128
3 182 1307
3 1294 1497
1 1021
1 2889
3 493 4614
3 1625 3381
1 678
2 4411
3 340 2240
1 4396
2 3282
2 419
2 1438
3 4172 4866
2 3074
1 3781
2 1711
3 1448 3567
2 2240
1 2866
2 3852
3 189 1518
2 3214
2 669
3 1235 1988
1 957
1 477
3 957 4532
2 591
1 4908
3 1111 3249
1 2149
1 2850
3 2191 4080
2 564
2 844
3 4035 4648
2 405
3 1731 3866
1 4381
3 2703 3775
2 3784
1 705
2 1838
3 1163 1503
1 2657
1 1862
2 3257
3 4028 4706
3 2445 2687
1 4855
1 697
2 38
1 888
3 895 4530
2 2578
3 3501 4378
1 2201
2 3753
2 3666
3 2468 2603
1 448
1 4010
1 2429
1 2371
3 3143 4308
3 603 2655
2 2995
2 2267
2 4284
3 1781 1961
1 3223
1 3765
1 3608
3 479 1493
3 1758 3178
2 3627
1 3237
2 4589
2 2982
3 1494 3269
1 4677
2 1271
3 899 4125
2 679
1 730
2 1516
1 297
1 2108
3 3018 3896
3 2037 2568
3 4374 4490
1 4084
3 1658 4985
2 4288
3 4391 4777
1 151
1 3192
3 4321 4862
2 694
1 4381
1 2343
2 1497
1 1557
2 4091
2 3654
1 1647
2 1867
3 3560 4967
1 4963
1 3284
3 149 4146
2 4956
3 3033 3623
2 2375
1 1883
1 2313
3 1635 2495
3 1933 2797
3 1565 3110
2 3635
1 2530
3 1038 2938
1 2426
1 1040
1 52
3 4575 4673
2 2206
3 2565 4287
2 413
3 2023 4963
3 2647 4264
1 721
1 3659
1 2718
1 358
3 3141 3673
1 4830
2 2046
1 946
2 1375
2 4387
3 3469 3621
1 2911
2 1467
3 2136 4052
1 1828
1 4027
1 4779
1 3193
1 572
3 624 3955
1 3672
1 3364
1 4060
3 396 3191
3 1120 3479
3 1784 2205
3 4913 4979
3 37 3561
2 497
2 2088
1 312
3 1628 2856
2 1376
3 2882 3012
3 1986 3716
2 3345
3 619 4975
1 3855
3 1629 3210
3 4006 4691
3 2022 3128
3 4613 4714
3 1415 3662
2 1186
2 2418
3 1899 2015
2 4085
3 1767 4073
1 4944
3 3329 3822
1 2049
3 2625 3543
1 2632
2 4258
3 4069 4462
1 352
1 218
2 2390
1 2567
3 4277 4325
3 2759 3343
3 4061 4775
3 4513 4582
3 171 1996
2 518
3 2130 4488
3 1448 2483
2 4747
3 4943 4948
2 3218
2 1111
3 2632 3027
1 2575
3 43 1677
2 3532
1 4660
2 2900
1 2103
3 3804 4579
3 3211 3591
1 2920
2 3861
1 3351
1 2163
1 4539
1 4685
1 3213
1 917
2 4414
2 1359
1 2858
1 1481
1 1720
3 4689 4901
2 2015
1 3380
3 4309 4714
1 2490
2 3409
3 500 1698
2 1523
3 1610 4275
3 3960 4693
2 256
2 3228
2 2492
2 1457
2 4642
3 2729 3910
3 456 2183
3 2988 4061
3 4225 4635
1 2700
1 1706
1 2555
2 3670
1 2703
3 186 2049
1 306
3 3709 4719
1 932
3 108 4326
2 4889
3 507 2792
1 2552
1 59
2 1813
3 4195 4410
3 771 2335
2 848
1 4939
1 2693
1 204
3 3609 3687
2 1194
3 2533 4109
3 1796 2946
1 85
1 3146
2 3463
3 4359 4620
2 1393
1 546
1 4008
3 4184 4473
3 3435 3594
2 4327
2 3732
1 2243
3 1069 2220
3 1826 4539
2 2952
1 403
2 3913
3 3311 4798
3 1559 2104
1 1471
1 3646
3 4320 4395
3 4015 4528
3 3146 3968
2 2829
1 3506
3 2214 4247
2 1512
2 2001
3 2431 3765
1 443
2 793
3 2564 4655
2 2150
1 1427
3 979 2918
3 2660 3258
3 3341 4587
1 4548
1 932
1 2967
1 800
1 3249
2 3362
1 2462
1 621
2 544
2 1057
3 4978 5000
2 859
2 2702
2 3171
2 3302
3 3164 3179
2 1612
1 4011
1 3277
3 2101 4320
1 2228
1 601
2 3620
1 461
2 1803
2 1098
3 2188 3548
1 3107
1 43
2 3221
1 1415
1 4955
3 2905 3744
2 4539
3 4636 4997
3 2466 4026
3 1405 1717
2 4397
3 4178 4991
2 1997
2 885
3 2002 4402
2 3929
3 1458 2467
3 4950 4973
1 270
2 2808
1 3985
2 3507
1 2454
1 2934
1 1522
3 1202 1482
2 768
1 4765
1 2552
1 192
2 2565
3 2789 3724
1 3332
3 1968 3417
3 2536 4712
2 3568
1 1378
3 3576 3759
3 1129 3465
1 1757
2 2212
3 3804 4839
3 4040 4177
3 3326 3816
1 1930
3 2132 2998
2 4810
3 3457 3611
3 2477 3949
2 1911
3 4167 4549
2 1839
3 4776 4851
1 4322
3 4252 4557
2 4687
3 1013 1180
2 1246
1 1017
2 3041
1 1587
3 1495 1678
3 4911 4982
2 1952
1 3013
3 897 4835
2 2100
1 555
1 2256
3 1423 2692
3 327 930
3 1425 1664
1 3467
1 3772
1 3448
2 958
2 2901
3 2641 2958
1 2407
3 403 4820
1 3020
2 3178
2 169
3 809 1992
1 644
3 4969 4988
2 3560
1 1544
2 215
3 4610 4714
1 3153
3 2641 4416
2 2339
1 3647
2 105
1 98
2 2355
2 701
3 717 3240
2 1588
1 1998
3 553 1288
2 3418
1 4252
1 2868
1 2667
3 665 4211
2 1892
3 3033 3401
3 3334 3856
1 4235
3 4969 4977
2 281
3 3080 3098
1 625
1 915
3 4493 4744
3 1337 1495
2 3680
2 2338
1 316
3 4197 4354
2 3893
3 1469 2101
3 2275 4936
1 3449
2 4661
1 1456
3 2723 4905
2 3248
2 2026
3 4167 4724
3 2109 4695
1 1603
3 4900 4999
3 1257 3339
1 2557
2 2596
3 1886 3334
1 3690
3 4698 4998
3 3947 4425
2 3716
3 2959 4685
1 596
3 178 3365
3 113 740
3 2286 3038
3 3737 4295
2 1202
2 1587
2 944
2 2136
2 2043
3 4406 4411
2 724
3 1364 3700
1 1471
3 52 1808
1 2206
3 3447 4965
2 39
1 2
3 4318 4850
3 4517 4627
3 1168 1909
3 119 4193
2 1988
2 2001
3 3503 3945
2 4702
1 4711
2 839
1 4623
2 2791
3 899 2351
3 3877 4497
1 4583
2 976
2 4860
3 3798 3893
2 2902
1 236
1 3777
2 1650
1 3360
1 350
1 1421
2 3479
3 2607 3676
1 458
1 933
3 972 1848
1 1732
2 259
3 521 2107
1 2401
3 1192 1376
3 2927 4155
2 4343
1 2422
1 290
2 2462
2 1315
1 1822
3 1336 1532
1 3044
2 4865
1 1495
3 3423 4644
1 1771
1 4958
3 2976 3159
2 5
3 4722 4891
3 3779 4182
2 4552
1 3883
2 1099
2 2070
3 793 1782
2 4021
3 361 2616
1 3389
2 3847
1 1914
1 3978
1 1191
1 3103
3 4167 4678
1 1281
1 1883
2 3361
1 4069
3 2088 3898
2 4759
3 4599 4829
2 2365
2 4955
2 4072
1 3038
1 1408
1 4105
2 2082
3 4420 4714
1 2327
2 4635
3 335 2990
2 3143
1 2201
1 948
1 3033
2 2333
3 2370 4152
2 3669
1 1859
3 1749 3893
3 3319 3837
1 1724
1 2185
3 4574 4730
1 2689
1 2695
3 2363 2855
1 4940
1 556
2 1063
2 752
3 2288 2454
2 1173
2 629
2 3467
2 562
1 1734
3 132 4324
2 50
3 30 1585
3 4618 4703
1 1427
2 4371
2 3075
2 4977
2 2669
3 1077 4442
2 922
1 1507
2 3688
1 732
2 3633
3 3227 4554
2 3828
3 1585 2901
3 4178 4677
1 4328
3 1228 1788
1 925
2 1593
2 1764
3 2543 3653
3 590 1157
3 978 2255
3 2815 3701
2 3885
3 1060 4478
2 47
1 3596
2 1706
2 1211
2 3816
1 4358
3 3084 3457
3 1220 4508
2 2885
1 552
3 3098 4019
2 1961
3 4524 4881
2 2261
1 3777
1 2614
1 4368
1 1206
1 891
1 4781
1 1446
2 2202
2 3265
3 1265 3168
1 2811
2 1403
3 1362 3043
2 3549
2 4867
1 2901
3 4999 5000
2 4433
1 3060
3 442 1924
1 1579
1 3993
1 3441
3 62 1109
3 4996 4997
2 1317
3 842 3157
3 1473 3022
2 2750
1 1373
1 1102
1 723
2 296
1 4737
2 1224
1 1949
3 1421 3124
2 4513
3 3407 3756
3 513 3798
3 1594 4387
1 3716
3 3791 3865
3 2333 3457
3 4297 4731
2 360
1 4021
3 3688 4367
1 1973
2 3113
3 4037 4280
1 2302
1 4632
3 1672 3987
2 2186
2 3803
3 2041 2603
1 135
3 4349 4753
3 4677 4747
1 2204
3 4417 4447
1 509
1 2422
3 4520 4643
3 809 2259
3 4301 4432
1 453
1 3229
3 2169 4750
2 2255
3 845 4656
1 4886
2 3974
2 1230
1 3943
2 2231
2 1071
2 3496
1 2277
3 2035 2060
3 4957 4985
2 2118
3 3092 3997
1 2576
1 313
1 4053
2 1612
2 4370
3 846 1214
2 2977
3 1276 2611
2 4947
3 3525 4193
3 584 1758
3 1570 2713
2 1176
3 4624 4880
2 1408
2 3565
2 2814
3 4741 4897
2 3093
2 2268
2 789
2 4101
1 1644
2 2764
3 3111 3135
3 3020 3851
2 607
2 3309
2 4100
3 917 2860
1 1531
2 2293
2 3747
1 3996
3 3585 4709
2 2171
2 4457
3 243 1138
1 180
1 248
1 3062
2 700
2 3753
3 4353 4996
3 1700 2702
2 541
2 2755
2 3559
2 4911
3 2461 3472
3 2864 4038
1 226
3 4502 4658
2 2929
3 4125 4154
1 3788
1 1802
2 958
3 2291 4427
2 1225
2 4513
2 2102
1 192
1 773
2 1881
2 414
3 2836 3387
3 1962 3070
1 4758
2 2493
2 289
3 3177 3322
3 134 1499
3 2855 4403
1 3562
1 3874
1 1245
3 1369 4492
2 3834
3 3946 4328
1 1315
1 3629
2 4107
2 4014
2 1591
2 483
1 2105
1 3144
2 1208
2 1354
1 1147
2 2971
2 252
3 3157 3349
2 1282
1 4289
3 1738 4865
2 4420
1 3438
2 1431
2 191
2 3141
3 1805 3596
1 4117
1 1750
1 1642
1 1497
1 3038
1 2802
1 1630
2 1585
3 2952 3840
1 4431
1 2119
3 2589 3245
1 3866
3 2261 4417
1 4097
2 4275
3 1926 2807
2 2528
2 1228
2 3111
3 3597 4989
2 3097
3 2787 4220
2 2641
1 1805
3 94 1312
3 4379 4431
3 872 1001
2 4862
2 3800
3 2105 4989
2 1516
3 685 789
3 2446 4629
1 3375
3 1004 1742
2 878
3 4982 4989
3 2845 4034
2 4375
1 42
2 3534
3 406 1696
2 9
1 4556
2 9
2 972
3 1135 2537
1 4163
1 1232
2 2616
1 3383
2 3294
3 3606 4057
2 1895
3 2185 2463
1 4563
3 3348 3998
1 1546
3 3234 4745
1 4048
1 1090
1 1328
3 3027 4286
1 415
2 3649
1 3138
1 3958
3 3572 4895
1 465
1 2911
2 2040
1 3232
3 4162 4728
2 802
3 2532 3413
1 1365
2 2212
1 1520
2 2488
2 1795
1 3671
3 4798 4964
2 2717
1 586
2 3730
3 3380 4565
1 2984
1 1140
1 666
2 4916
1 3596
1 1454
1 3302
1 4546
2 3906
1 3103
3 3373 4194
2 4115
1 4022
3 1570 3491
1 2905
2 1810
3 2142 2635
2 941
3 1837 2688
1 2473
1 1485
2 1826
2 3769
3 2850 3015
3 2738 3278
2 4365
3 3488 4464
3 1212 2797
1 2189
1 3037
2 4215
2 2970
3 2116 3590
2 149
1 1507
1 2193
1 4795
1 2319
3 4583 4910
1 1792
3 3327 3506
1 3484
3 52 1534
3 2471 3478
3 3121 4292
3 1040 3989
1 1531
1 2187
1 4947
2 315
1 3442
1 3541
3 2361 3913
1 250
2 3813
1 2229
2 1076
3 49 2714
2 4801
2 2166
1 4451
3 3200 4107
3 794 4755
1 84
3 2063 3711
2 2934
3 861 4719
3 4839 4989
3 2447 3913
3 2760 4603
1 4621
2 4887
2 688
3 2308 2604
2 1968
2 39
1 3605
2 49
1 3122
1 2325
2 1745
3 3245 4382
1 3376
2 4650
1 845
3 4273 4611
1 3712
1 1570
2 1452
3 1950 4263
3 1843 3913
2 214
1 3992
2 4734
1 4258
1 2057
3 1185 2695
2 3934
3 4201 4411
3 3513 4377
2 2254
3 758 1508
3 2054 4735
3 13 4449
3 2882 3851
2 4345
3 639 2679
1 3731
1 132
2 2345
3 2674 4854
3 956 3949
2 2139
1 3550
2 169
3 372 509
2 3146
2 1867
2 3243
3 813 4759
1 2526
1 2936
3 2991 4594
3 3385 4726
1 3084
2 427
1 885
1 4417
2 1529
3 2793 4624
1 2232
3 3554 4515
3 2972 3008
1 3117
2 4439
1 1042
1 3613
2 4425
3 2775 3029
3 506 626
3 2793 2852
2 3407
2 2169
2 3126
2 1406
1 658
3 4576 4599
3 214 4526
3 1547 1723
2 4093
1 857
3 4496 4892
2 1671
2 4109
3 612 2883
3 4806 4970
3 2060 4116
1 2933
3 4768 4864
3 2803 4135
1 1285
3 2018 3600
3 4158 4468
2 4559
1 544
2 2117
2 257
2 4436
2 2208
1 4877
3 4988 4991
3 3460 4414
1 1646
2 61
3 2038 2141
1 1157
2 717
3 2681 3897
2 2471
1 3224
1 1986
3 895 3254
2 63
2 2798
1 3379
3 343 507
3 1048 2919
3 148 4940
2 693
1 17
1 2991
2 1497
1 4237
2 2496
3 3697 4938
2 4629
1 4415
2 4053
1 237
2 1304
1 1075
2 3656
1 232
1 860
3 4529 4726
1 2981
1 4042
1 1555
2 4718
1 4540
3 3164 3544
1 3758
3 1335 2658
2 3271
2 3044
2 1812
2 4416
3 2805 3508
1 2803
3 1006 2653
3 4261 4519
2 4146
3 181 787
1 1693
3 4148 4167
1 4417
3 127 4444
2 1044
1 128
2 501
1 3375
2 2205
2 4634
3 1422 1742
2 2671
3 3212 3895
1 1253
3 3410 3465
1 3348
2 400
3 497 4622
3 2832 4459
3 1883 2959
3 72 2009
3 1861 4165
1 4600
1 2514
2 2616
1 469
1 4398
2 1780
3 1943 3814
1 1863
2 2395
1 2108
2 1363
2 1959
1 4471
2 3902
2 4133
2 1093
1 285
1 4377
1 3528
2 2392
2 4737
3 154 267
1 3942
2 3938
3 2029 3648
1 2314
3 1168 2306
1 1391
2 4957
3 829 4916
3 3855 4754
1 2464
3 3365 4298
2 4584
2 11
1 1044
2 1602
2 864
3 3257 4665
1 4665
3 1714 4885
2 4221
1 2569
2 796
3 2846 4045
2 130
3 4717 4984
1 961
2 159
1 3154
2 3718
2 3904
2 3929
1 2404
1 3215
3 2014 4658
2 3213
2 3945
2 302
1 233
2 4220
1 3812
1 618
3 3630 3719
1 3294
1 4170
3 4079 4222
2 2824
1 1148
1 1884
2 346
3 3623 4721
2 3924
2 3590
3 56 133
2 1656
1 3143
1 883
3 2304 4412
1 3740
1 2901
2 4623
3 4533 4960
1 3343
3 329 1438
2 4159
2 74
3 2545 4550
2 2364
2 2794
1 4135
3 2550 4006
1 150
3 2587 2791
2 3962
3 2656 4081
2 4550
1 1285
2 3335
1 1589
2 1757
1 116
2 2174
3 2268 3285
2 3982
2 1263
3 4662 4807
2 3584
1 3433
3 962 2390
1 1697
3 1818 4650
2 3362
1 1275
3 3635 4516
3 1922 2352
2 3657
1 3705
1 4711
2 2922
2 3131
3 4497 5000
1 1180
1 4243
3 4967 4997
2 1293
1 2140
1 331
1 4529
3 3819 3853
1 385
1 105
2 4933
3 3030 4499
1 1399
2 3799
2 1472
1 803
3 1083 1297
1 3956
2 3951
1 2145
3 1718 1783
3 1177 2072
1 1095
3 3641 4925
1 1237
3 4315 4600
1 3110
3 1799 1835
1 415
3 3714 3923
1 3261
1 673
2 4416
3 3956 4147
2 3689
1 769
1 3847
1 3569
2 3074
3 2173 4582
3 810 4780
1 1816
2 4017
2 972
3 504 1323
3 1594 3876
1 4385
3 3276 4784
1 4157
3 4320 4459
3 1935 3878
1 1197
1 4851
2 3606
2 2062
3 2246 3748
3 1882 2633
1 2004
2 209
2 4472
2 406
3 3881 4951
1 3650
3 4156 4563
2 3928
3 1219 1436
1 493
3 1258 3055
1 4460
2 4027
1 2303
3 404 415
1 264
1 403
3 609 4298
1 2408
2 3436
2 1046
1 472
1 2582
1 2232
3 2356 4085
1 2704
1 2625
3 138 920
3 495 3434
3 2597 2937
1 3732
3 631 2920
2 2765
2 3438
1 3616
1 4332
3 2762 4325
3 3222 4424
1 1930
2 2463
1 3513
2 4166
2 3267
1 3984
2 799
3 1732 1991
2 13
3 166 2166
2 1326
3 989 4403
1 1362
2 203
3 3098 3309
3 3135 3641
3 498 850
2 3082
2 627
2 2473
3 4646 4669
1 1993
2 2653
3 4211 4531
2 2830
1 2775
3 4104 4722
1 2617
1 2208
1 561
3 4246 4752
2 425
1 684
2 4507
2 1172
2 2636
3 2336 3566
1 1804
1 1753
1 1584
3 3013 3309
1 2607
2 3690
1 4196
3 826 2168
2 5000
1 2948
1 4778
2 4689
3 2035 2186
1 4051
1 3263
1 102
2 4932
1 2457
1 644
1 2252
3 2755 3581
1 1738
2 1824
3 542 815
1 1856
3 3396 4829
1 2990
3 3903 4425
3 4740 4822
2 1882
1 2054
3 2143 2992
1 2369
1 4672
2 3190
2 376
1 1075
2 1063
3 3007 4164
3 1225 2988
2 1818
2 2353
3 661 3391
2 1264
2 3712
2 1396
3 1670 2076
1 4403
1 1773
3 867 3946
3 3117 3380
3 1453 4039
2 4833
1 1789
1 3079
2 3933
1 2761
1 3745
2 1755
3 3736 4997
1 2234
1 4229
3 1927 4651
3 4021 4387
3 4663 4798
2 438
2 4336
1 4496
3 2845 3741
2 2900
1 2731
3 2105 2437
3 3933 4959
3 1277 1902
3 845 1132
