50 5000
1 16
2 18
1 29
1 7
3 21 49
3 34 36
2 36
3 37 39
1 38
3 15 38
3 10 18
2 39
2 12
1 17
2 33
2 10
1 23
1 45
1 37
3 10 41
2 10
2 42
1 42
1 12
1 41
2 20
3 1 8
3 22 33
3 40 42
2 17
1 46
1 11
1 23
3 4 15
3 10 24
3 28 39
3 28 34
3 40 44
1 13
2 31
2 19
1 34
2 15
1 19
2 17
2 36
2 38
3 14 41
3 35 41
2 13
3 6 18
2 2
2 15
3 37 48
2 2
3 49 50
3 32 38
2 27
3 12 42
1 14
2 35
1 25
2 45
1 5
3 33 47
3 34 47
1 24
3 46 49
2 19
1 40
3 46 50
3 28 29
2 37
2 14
2 22
1 44
3 10 13
3 27 49
1 21
1 39
3 14 17
1 26
1 40
2 40
1 19
3 18 31
2 23
3 23 48
3 46 48
1 36
2 10
3 1 9
3 11 36
1 40
1 16
2 12
1 27
3 31 49
2 18
1 15
3 38 39
1 12
2 23
3 37 47
3 6 38
3 31 35
2 32
3 11 27
1 21
2 11
2 11
1 31
1 19
3 43 49
3 12 13
3 27 31
1 19
2 49
1 43
3 28 48
1 42
3 13 32
1 11
3 48 50
3 13 44
3 47 48
2 44
3 12 40
2 16
1 31
2 10
1 9
3 3 4
3 41 48
1 13
2 2
1 45
2 13
1 8
3 24 38
3 19 46
1 16
3 24 34
1 24
1 46
2 36
3 5 11
2 10
2 19
1 24
1 19
2 40
2 34
3 27 39
2 40
2 22
3 28 46
1 42
1 25
2 27
3 21 37
3 17 49
1 22
3 21 34
2 42
3 44 45
3 24 45
3 10 31
1 16
2 35
1 36
3 32 34
3 41 47
1 2
2 22
3 18 43
3 23 28
2 29
3 38 45
3 17 38
1 17
3 35 48
3 1 11
3 24 37
3 26 27
2 41
1 1
3 20 50
3 47 50
3 12 16
3 30 44
1 40
1 2
2 42
3 39 46
1 30
2 34
3 47 49
3 13 42
2 16
1 8
3 20 44
1 1
2 34
3 38 42
1 27
2 15
1 44
2 42
3 13 21
2 47
2 13
2 9
2 47
2 48
3 24 49
2 31
3 6 24
2 35
3 16 41
1 1
1 14
1 3
2 2
2 50
3 22 31
3 11 40
2 46
3 29 45
1 24
2 7
1 31
1 33
1 4
2 22
3 6 8
2 16
3 49 50
2 46
2 12
3 23 35
2 20
2 20
1 49
1 28
2 36
1 48
3 15 32
2 22
1 17
2 41
1 49
3 23 37
3 46 50
1 2
3 34 40
2 6
3 8 40
2 16
3 48 50
2 8
1 46
2 30
3 47 50
2 22
3 36 40
3 20 50
1 10
1 39
1 48
2 13
3 18 46
1 44
2 19
2 34
1 21
1 32
3 38 39
1 4
2 49
2 33
1 5
1 30
3 17 39
3 33 41
1 26
1 28
3 11 17
2 47
2 43
3 20 37
3 34 42
2 7
3 14 24
3 8 23
3 27 42
2 47
1 34
1 20
2 46
1 22
3 48 49
2 46
3 3 39
3 44 50
1 8
2 15
1 13
2 50
1 13
3 45 47
2 15
1 15
1 38
2 17
2 2
2 20
2 42
2 28
2 18
3 40 46
2 35
3 43 49
1 20
2 26
2 40
2 49
2 29
3 47 50
3 19 35
1 18
1 29
3 34 37
2 14
2 44
2 3
1 42
2 47
3 4 16
3 43 45
3 16 24
2 2
1 47
1 28
1 26
1 35
1 28
1 38
1 19
1 15
1 20
1 2
2 20
1 31
3 23 39
1 31
2 40
3 16 47
3 34 49
3 1 38
3 7 31
1 5
3 35 38
2 37
3 25 40
2 15
3 38 44
1 35
3 28 44
1 22
1 1
3 31 32
2 19
1 19
1 5
1 38
1 28
1 37
1 41
3 1 18
1 38
3 40 47
1 26
2 44
2 9
2 12
3 33 50
2 1
2 10
3 23 43
3 8 41
1 16
3 22 42
2 18
1 42
2 6
3 45 49
3 40 45
3 23 47
3 17 47
1 49
1 3
2 26
3 13 32
2 20
3 29 42
1 41
1 20
1 15
2 17
2 12
3 16 35
3 35 49
2 40
1 21
1 43
3 47 48
1 21
1 33
1 25
3 41 43
1 14
1 30
1 20
2 40
3 14 40
3 25 40
3 49 50
1 21
2 3
2 25
1 46
1 6
3 46 50
2 19
1 10
3 20 27
1 37
1 30
2 13
2 48
3 30 50
3 37 43
2 10
2 36
1 6
3 39 46
3 42 48
3 48 49
1 19
3 12 48
3 14 37
2 8
3 46 50
1 12
2 9
1 10
1 32
3 41 50
2 49
1 28
1 40
1 13
1 36
3 31 45
3 47 48
1 43
3 46 47
3 19 45
3 33 44
1 20
3 45 48
1 22
2 22
1 2
2 1
3 15 24
2 22
3 4 28
1 34
1 44
2 37
2 42
1 6
1 10
3 49 50
1 15
2 16
3 1 33
1 46
3 38 47
3 39 41
3 10 14
1 38
2 6
1 37
1 27
3 43 44
1 7
2 43
1 11
1 7
3 19 49
1 28
3 33 35
2 20
3 22 49
1 18
3 23 40
2 40
3 15 42
1 3
2 16
2 34
3 46 50
1 18
1 14
1 23
3 31 33
2 42
2 49
1 26
2 22
3 22 26
3 34 47
3 21 33
1 28
2 23
2 27
3 40 49
1 19
3 4 49
1 3
2 30
1 4
2 12
2 29
2 49
2 19
2 32
3 21 48
1 20
3 40 44
3 42 43
3 37 42
3 5 10
1 49
3 8 35
3 3 27
2 14
1 49
1 12
3 25 48
1 35
1 43
2 40
2 7
1 45
3 36 46
2 1
3 5 32
3 35 41
2 9
3 6 26
3 25 33
3 16 23
2 27
2 40
2 15
2 23
2 28
1 5
3 16 20
2 29
3 11 27
3 41 49
3 20 26
3 1 50
1 29
2 2
3 4 30
3 33 45
3 48 50
1 33
2 32
1 18
1 15
2 28
2 15
2 9
3 35 50
3 35 47
1 4
1 9
2 22
1 34
1 19
1 13
1 20
3 37 41
1 4
1 38
1 21
1 5
2 39
1 2
2 23
3 35 45
3 21 24
3 27 39
1 25
2 47
3 12 44
3 30 44
1 12
2 27
1 33
2 11
1 42
1 42
2 33
2 12
3 31 50
3 31 49
1 8
1 41
1 29
3 27 47
1 49
2 50
2 43
1 43
3 47 48
1 29
1 45
3 7 22
1 27
2 23
3 20 47
1 43
1 46
3 47 49
2 15
2 22
2 50
1 17
2 13
3 15 19
2 28
2 45
2 28
3 35 46
3 13 28
1 18
1 6
3 21 23
1 2
2 18
1 37
2 45
1 41
2 26
1 16
3 31 42
1 2
1 43
1 46
3 42 45
3 9 17
1 41
3 9 17
3 17 29
3 46 50
1 32
3 2 46
1 29
2 12
2 44
1 7
3 36 41
1 32
3 18 47
1 8
3 7 38
1 14
3 37 44
3 31 37
3 31 34
3 22 25
1 39
1 8
2 21
2 29
2 14
2 43
1 41
1 37
1 15
2 2
3 18 40
3 1 28
3 6 9
3 14 18
3 31 35
3 19 39
1 43
3 40 43
1 48
3 16 49
3 27 37
2 24
1 13
1 3
3 5 44
2 26
2 39
1 25
3 47 49
2 50
1 34
1 37
1 2
2 12
3 9 30
2 35
3 31 37
2 21
1 46
3 34 35
2 16
3 42 50
1 48
2 42
3 14 27
2 45
1 9
3 8 36
3 33 46
2 15
2 20
3 1 27
3 37 49
1 28
2 36
2 10
2 12
3 33 43
2 10
2 24
1 38
1 47
1 4
2 43
2 15
3 45 48
2 10
2 5
1 36
1 48
1 10
1 23
3 13 35
2 22
1 18
1 4
3 22 32
2 17
3 27 34
2 34
2 48
1 26
3 7 32
3 23 47
1 21
2 36
2 12
2 34
1 23
1 43
3 34 49
1 18
1 33
1 12
3 20 21
3 3 50
3 47 50
1 13
1 49
1 18
3 45 48
3 49 50
1 45
2 47
3 2 31
1 11
2 35
3 16 24
1 17
1 8
2 42
1 30
2 4
1 40
3 42 44
2 33
2 41
1 26
3 20 40
1 23
2 20
2 17
3 20 43
2 46
3 11 13
3 35 41
3 6 34
2 19
1 2
2 4
2 38
1 13
1 15
3 8 30
1 36
1 44
3 16 21
2 12
1 17
1 13
3 2 3
2 31
2 36
3 45 47
2 15
1 27
3 37 46
3 39 47
1 7
2 12
2 25
2 9
2 40
3 22 43
1 44
3 34 48
2 14
3 43 49
1 18
1 22
2 48
2 15
3 13 16
3 34 42
2 19
3 38 46
1 17
2 28
3 1 31
1 16
1 38
3 45 48
1 21
1 10
1 6
1 6
2 44
3 49 50
1 21
1 2
3 5 23
3 47 50
2 21
3 44 49
2 35
2 38
1 40
1 6
3 2 38
3 12 23
2 47
3 37 49
2 45
1 12
1 9
1 16
3 41 50
1 37
3 7 20
1 30
2 21
2 3
3 24 30
1 32
1 13
2 32
3 8 27
3 10 22
1 5
2 11
1 48
1 32
3 1 49
2 4
1 48
1 38
1 41
1 19
3 49 50
1 32
1 43
2 34
2 2
1 48
2 46
2 35
3 12 36
3 15 26
3 24 45
1 46
1 17
1 39
3 46 48
1 34
3 4 22
3 13 50
3 32 41
3 36 49
2 1
1 25
2 36
1 14
3 32 37
2 34
3 31 50
3 46 50
1 41
2 35
1 39
1 48
3 43 49
1 36
2 47
2 21
1 21
1 26
3 13 24
1 32
3 27 48
2 47
3 40 48
2 1
3 3 8
3 15 45
1 22
3 37 49
1 1
2 1
2 37
1 38
3 4 40
2 37
1 45
3 43 49
3 21 41
2 44
1 12
3 13 26
3 1 19
1 5
1 5
1 4
3 15 22
3 44 46
1 45
2 17
3 7 31
1 42
1 5
2 4
1 28
2 6
1 10
3 36 47
1 42
1 10
1 38
2 8
2 23
3 38 50
3 19 21
2 13
2 34
3 7 42
1 6
1 11
3 49 50
3 49 50
3 11 18
2 29
1 21
1 48
2 6
3 37 43
2 44
1 48
2 49
3 18 27
1 34
2 27
2 26
2 1
2 31
2 34
3 15 47
3 30 31
2 21
3 16 20
3 48 49
1 7
1 9
1 39
3 13 45
3 6 42
1 10
2 19
1 3
2 28
3 3 13
2 6
1 48
2 32
1 12
1 43
2 35
3 1 20
2 28
1 2
1 24
2 43
2 44
2 3
3 9 11
1 18
3 25 41
1 19
3 21 29
1 38
1 14
1 49
1 37
2 33
1 16
3 23 26
3 11 36
2 33
2 46
2 36
3 37 48
1 45
2 13
1 32
1 7
3 4 24
2 3
2 4
3 30 42
3 8 48
2 15
1 29
1 9
3 40 42
3 5 28
1 48
2 39
1 43
2 37
3 30 31
2 31
3 12 43
2 17
3 4 35
1 12
3 29 38
2 18
2 30
3 26 30
3 27 49
3 13 28
3 1 32
2 35
3 49 50
2 40
3 41 44
2 40
1 12
1 8
1 46
3 44 47
1 44
1 2
3 13 25
1 1
2 6
2 26
1 47
1 23
3 30 41
2 45
3 6 19
2 15
3 45 49
1 41
3 28 47
3 7 21
1 28
2 44
1 1
1 48
2 20
3 24 29
3 23 42
2 35
3 2 14
3 20 49
1 23
2 44
2 38
1 5
1 32
1 26
3 14 35
3 9 29
3 31 42
2 34
1 16
1 16
3 31 43
2 48
2 14
2 21
1 15
3 16 43
3 8 22
2 21
1 36
2 24
2 4
3 45 48
1 21
2 41
2 47
3 2 11
2 26
1 21
3 26 36
3 38 50
3 34 47
1 46
1 49
2 21
3 28 36
2 21
1 12
2 29
2 21
3 5 50
3 45 49
1 36
3 14 26
1 29
1 38
1 14
3 47 50
2 13
2 33
2 28
1 47
3 32 34
3 9 47
1 42
3 14 44
1 4
2 43
2 13
3 46 50
3 2 34
1 27
2 32
1 5
3 39 47
2 41
2 37
2 32
3 43 49
2 28
1 30
1 33
2 44
3 12 47
1 20
1 46
3 27 47
3 17 38
3 16 46
2 23
2 41
2 46
3 19 46
3 10 32
1 21
3 47 48
1 34
2 15
1 48
1 2
1 32
3 39 47
1 18
3 35 49
1 2
2 14
3 47 48
1 39
1 24
1 9
3 7 28
1 21
3 32 49
3 40 45
2 49
3 30 43
1 38
1 31
3 3 38
2 5
2 16
2 20
2 40
2 34
1 31
2 36
2 6
2 37
2 14
1 26
2 36
3 47 49
3 42 44
1 5
3 10 47
3 33 38
3 11 34
2 34
3 1 6
1 40
2 46
3 13 30
1 2
1 48
1 38
1 49
1 8
1 34
3 21 44
3 44 49
1 35
3 17 23
3 44 47
1 4
1 5
2 16
1 35
1 19
3 25 43
3 29 43
3 23 42
3 22 36
2 3
2 33
3 34 37
2 50
2 35
1 37
3 23 30
3 32 33
3 23 33
2 44
3 47 49
2 49
1 32
3 7 45
3 1 42
2 38
2 44
1 24
2 49
1 32
3 28 35
1 44
1 44
1 41
1 19
3 1 8
3 31 40
3 11 33
1 9
1 45
1 24
3 21 42
2 4
3 45 48
3 15 23
2 27
2 23
3 29 44
1 7
2 28
3 37 50
1 46
2 44
3 6 45
3 49 50
3 22 32
2 23
1 15
3 5 21
1 12
3 15 37
2 32
2 33
3 42 45
2 15
2 35
3 31 40
1 41
3 12 22
2 10
2 3
1 48
3 49 50
3 44 46
3 47 48
1 1
1 38
2 29
3 12 35
3 24 29
2 10
2 47
2 47
1 21
1 11
1 41
3 12 47
1 28
3 31 41
2 27
1 26
3 8 18
3 4 23
3 15 40
1 26
3 24 26
1 39
3 29 48
2 40
2 23
2 19
3 14 31
2 32
1 2
1 18
1 10
1 43
3 4 26
3 49 50
1 47
1 40
3 12 26
1 4
1 49
2 18
3 9 18
3 32 50
1 33
3 48 49
1 6
1 35
3 47 48
3 38 45
3 34 49
2 10
3 44 47
1 6
3 13 24
3 44 48
1 13
1 30
3 34 36
3 33 45
3 25 38
1 46
1 5
1 36
3 37 47
1 46
3 19 20
3 19 20
1 2
2 2
1 49
1 2
3 17 43
3 2 14
3 45 47
1 33
2 22
2 30
2 20
1 49
2 38
1 16
3 7 32
3 28 37
1 11
2 40
2 11
3 20 47
3 8 20
3 32 37
1 11
2 10
1 47
1 15
1 37
1 34
1 46
3 8 15
3 46 49
1 44
2 6
1 8
3 36 46
3 21 30
1 19
2 44
2 20
3 28 42
2 15
2 31
3 6 50
2 12
2 11
1 30
2 15
1 38
2 7
2 31
3 17 40
2 29
1 33
3 37 45
3 41 50
1 48
3 46 47
2 29
1 4
2 8
2 44
2 13
2 14
1 14
2 41
1 39
3 20 45
1 36
1 31
2 13
2 23
1 34
2 24
2 10
1 34
3 28 43
1 38
2 15
2 5
3 24 31
1 43
1 48
2 28
1 46
2 40
2 5
1 37
3 44 49
3 41 47
3 11 12
1 48
1 5
1 8
3 33 45
2 44
2 25
3 41 44
1 34
3 12 32
2 4
3 29 42
3 38 50
1 21
3 13 20
1 25
3 11 18
3 18 30
2 6
3 34 38
3 47 48
2 11
1 38
3 47 49
2 30
3 3 19
3 24 46
3 16 50
1 2
1 46
2 17
3 7 38
2 3
3 6 13
1 31
2 7
3 26 47
3 3 35
2 27
2 19
2 43
2 11
2 42
1 4
1 22
3 42 47
2 2
1 34
3 26 31
3 18 37
2 7
1 47
1 21
3 24 35
2 23
2 11
1 46
1 44
3 6 13
1 41
1 15
1 30
2 9
2 32
2 38
2 7
1 19
2 23
2 5
3 38 50
1 30
3 8 25
1 29
1 35
3 28 30
1 44
1 9
1 35
1 48
2 7
2 44
2 10
1 42
2 10
1 38
3 39 50
3 33 42
3 27 39
2 42
3 12 26
3 13 44
3 2 26
2 21
2 3
1 31
1 37
3 29 30
1 33
3 37 48
3 14 46
1 32
1 7
1 35
3 26 50
2 17
1 20
3 47 49
2 33
1 7
2 48
2 24
2 17
1 48
3 16 37
3 49 50
3 27 31
3 23 35
1 23
2 28
3 17 50
1 44
1 29
3 47 50
1 40
2 26
3 6 16
1 14
3 49 50
3 44 48
2 24
1 3
1 20
2 32
2 6
2 18
3 29 40
2 49
3 40 48
1 11
2 43
3 9 13
3 6 47
2 21
3 13 31
2 37
3 42 50
2 37
1 43
3 25 33
2 48
3 12 39
3 1 39
3 6 33
3 37 38
1 9
3 24 42
1 10
1 8
2 27
3 48 50
2 17
3 30 34
2 21
1 2
3 18 46
3 37 44
1 38
3 15 26
1 39
1 17
3 44 45
1 14
1 5
3 41 46
3 37 46
1 11
2 40
1 5
2 11
3 11 44
1 37
1 29
2 1
1 45
3 40 47
3 47 50
2 13
1 22
2 38
2 31
1 26
3 15 47
1 19
1 7
3 17 23
2 25
2 23
3 10 38
1 21
1 37
1 29
3 16 28
2 14
3 19 22
2 12
1 27
3 1 35
2 9
2 19
1 38
2 15
2 11
3 29 50
1 20
3 20 32
3 13 15
1 8
1 23
2 9
2 39
2 28
2 44
1 30
1 38
2 50
2 11
3 45 46
3 42 47
2 22
3 16 46
3 46 49
1 38
3 11 34
1 26
2 40
3 29 34
1 14
2 35
3 2 22
3 38 44
3 33 46
1 4
3 27 38
1 45
3 5 19
1 34
2 10
1 3
2 34
2 42
2 36
3 49 50
2 26
2 34
1 25
3 39 45
1 37
1 25
3 43 47
3 2 28
1 5
1 13
3 46 49
2 24
3 35 44
2 36
3 33 44
3 39 46
1 42
2 41
1 26
3 27 36
3 3 24
3 5 33
1 31
2 21
1 11
3 34 38
3 29 45
1 23
2 44
3 26 49
3 21 24
3 31 46
2 27
1 22
3 20 42
1 36
1 24
2 38
2 33
3 10 11
1 15
2 11
1 26
2 2
3 35 44
1 22
3 9 10
2 15
2 5
3 19 29
3 38 44
3 20 37
3 17 40
2 15
3 16 22
2 8
1 29
3 48 50
2 37
3 48 50
2 6
3 25 43
2 36
2 15
1 41
2 4
3 16 43
2 40
3 26 27
3 1 25
1 6
1 29
1 36
1 29
3 14 18
2 9
3 34 46
2 37
2 50
3 12 31
3 1 17
1 24
3 12 18
3 12 38
3 43 47
1 31
2 23
3 4 16
2 31
2 40
1 36
2 31
1 37
3 41 43
2 34
3 11 31
1 46
1 16
1 3
2 49
2 3
3 42 49
1 40
3 5 36
2 31
1 40
3 16 31
1 45
3 31 35
1 18
3 28 47
3 45 46
1 5
2 20
1 1
2 42
3 28 47
2 49
2 29
2 10
3 37 45
3 27 38
1 34
3 30 47
3 43 46
3 7 14
3 27 38
3 26 41
1 25
2 25
1 26
2 22
2 28
3 47 50
2 50
3 28 34
3 6 30
1 44
2 48
1 3
2 43
3 29 32
3 33 46
1 11
2 11
2 40
3 20 33
2 26
2 48
3 32 34
1 23
1 27
1 22
1 5
3 45 48
3 48 49
2 24
2 28
3 21 43
1 15
2 25
2 18
3 15 32
2 2
3 2 34
1 11
1 49
3 31 32
1 5
1 16
3 45 50
3 33 46
2 17
1 47
2 15
1 16
1 2
2 10
3 34 45
3 18 21
2 46
3 37 38
2 38
3 36 42
2 21
1 35
3 47 49
1 45
3 3 22
3 14 48
3 21 37
1 48
3 43 48
1 25
1 13
1 26
2 44
2 18
3 33 46
2 30
2 50
2 24
2 36
2 32
2 42
2 19
2 6
2 18
1 41
1 7
2 11
3 13 14
2 50
3 12 47
2 27
3 31 43
2 47
3 34 47
1 20
2 13
1 9
1 24
2 39
1 43
2 2
1 24
1 29
3 9 25
3 7 26
3 2 18
1 14
1 17
2 20
1 33
3 20 49
2 37
1 41
3 6 42
1 5
3 18 32
3 17 46
3 11 35
1 41
1 35
1 17
2 20
1 45
3 31 44
2 31
3 12 38
3 25 35
3 20 23
1 31
3 12 18
3 4 47
2 24
2 45
1 23
1 10
2 10
2 12
2 41
3 45 46
3 7 34
3 36 38
1 7
2 41
2 29
1 24
1 21
2 21
2 20
1 26
2 31
2 9
3 2 6
1 41
2 50
3 2 23
2 6
2 45
2 38
2 42
3 10 45
2 44
1 20
3 14 19
3 10 12
2 21
1 31
3 29 41
2 26
2 22
3 27 28
2 29
1 28
1 11
2 22
2 18
1 4
2 34
3 26 34
1 7
1 47
2 1
3 3 44
3 17 48
2 47
1 8
1 47
1 37
1 49
2 34
2 3
3 47 49
1 20
3 14 36
3 6 50
3 29 43
3 44 50
3 44 47
2 29
1 47
1 44
3 13 25
1 4
1 17
1 30
3 6 40
1 21
2 21
3 42 43
2 50
3 42 44
1 42
3 7 39
2 26
2 29
1 29
2 44
3 19 33
2 1
3 12 18
2 32
1 15
2 10
1 6
1 45
2 22
3 14 30
1 34
1 49
2 26
3 16 17
3 12 50
3 21 44
1 10
3 34 41
3 47 50
1 24
1 5
1 9
1 45
3 44 46
1 18
1 42
1 44
1 20
3 47 50
3 36 47
3 17 31
2 1
3 30 46
2 26
3 43 45
3 18 34
1 18
1 40
2 2
3 6 39
1 19
2 9
2 50
2 22
3 27 50
3 23 43
2 49
2 38
3 14 25
2 48
3 23 25
2 4
1 7
2 50
1 41
1 27
1 14
3 32 41
1 44
3 29 43
2 31
2 50
3 44 45
3 12 14
3 38 43
3 15 42
2 39
3 35 37
1 3
3 28 32
1 23
1 25
2 6
2 42
1 34
3 5 48
1 14
2 8
1 30
2 42
1 5
3 5 48
3 14 31
1 1
1 49
3 48 50
3 6 8
2 25
3 18 45
2 40
1 43
2 23
2 7
2 28
3 21 37
3 13 34
1 32
2 25
1 41
1 39
3 22 45
3 39 48
3 9 10
3 20 42
1 4
3 24 50
3 44 46
3 18 26
3 46 50
3 45 47
3 11 46
1 25
3 19 29
3 49 50
1 21
3 28 36
3 19 31
2 32
2 33
3 29 50
2 16
2 16
1 38
3 30 47
3 33 45
1 49
1 4
2 37
3 25 26
3 17 32
1 41
1 7
3 1 34
2 18
3 2 24
1 3
1 24
2 13
2 5
1 48
1 11
1 20
3 40 50
3 41 50
3 34 38
3 22 24
3 29 40
3 18 22
2 48
3 34 44
2 25
2 48
2 16
3 26 48
1 5
2 48
1 10
1 15
3 18 33
2 8
2 35
2 2
3 29 44
2 21
3 28 30
3 46 50
2 24
1 22
2 5
3 34 38
1 47
2 43
3 5 10
2 30
2 22
2 47
3 37 49
1 38
2 25
2 39
2 31
1 18
1 44
1 13
2 49
2 40
3 31 37
1 25
3 40 44
3 1 16
3 35 46
1 31
1 13
1 11
1 1
3 9 49
1 6
2 49
3 39 49
1 44
2 28
2 15
3 46 47
3 43 48
1 32
3 47 48
1 33
1 19
1 42
1 21
1 27
1 34
2 36
1 31
3 42 45
1 34
3 32 47
1 33
2 10
2 36
2 47
3 3 49
3 13 23
1 41
1 30
2 19
1 11
2 22
2 1
1 15
1 20
1 12
3 20 46
3 43 44
3 26 48
1 21
3 28 32
1 12
2 36
1 1
3 5 30
1 41
3 34 40
2 40
3 30 46
1 47
1 26
2 47
1 20
1 12
3 12 49
1 16
3 25 34
1 31
1 13
2 32
3 26 34
3 15 31
1 25
3 29 41
3 33 34
3 7 19
1 5
2 34
1 33
1 37
2 5
2 11
2 38
2 7
3 38 39
2 41
2 41
1 24
2 15
3 22 23
2 3
1 22
3 3 14
1 39
3 17 18
3 39 46
3 2 44
2 24
1 20
1 12
1 13
2 10
2 29
2 4
1 1
2 13
3 39 40
1 13
1 20
1 46
2 29
3 25 32
1 1
1 42
1 48
2 42
3 36 39
3 15 39
2 47
1 29
3 33 36
1 17
1 44
1 16
3 21 41
1 12
2 20
2 23
2 29
1 33
1 29
1 9
2 15
2 48
2 43
1 9
3 43 48
1 7
1 30
2 14
3 20 45
2 39
1 31
2 13
2 14
3 13 21
2 27
3 39 40
1 3
1 4
3 6 49
2 16
1 19
2 22
3 41 43
3 35 50
2 39
1 40
1 43
2 12
3 9 23
1 3
2 8
2 39
3 13 35
1 44
2 31
2 18
3 44 45
1 10
3 15 38
1 34
1 6
2 41
3 5 47
3 22 26
2 16
1 19
2 1
2 42
3 23 44
2 31
2 10
2 3
2 39
1 4
3 8 34
1 41
3 11 28
2 29
1 8
2 36
3 27 42
2 2
2 12
1 40
3 17 35
2 30
3 42 50
1 21
3 20 42
1 14
1 16
1 31
3 28 49
3 42 50
3 40 43
1 28
2 22
2 3
3 49 50
2 40
3 1 10
3 25 43
3 12 23
2 7
1 6
2 42
3 28 31
3 43 47
3 27 44
2 44
3 11 37
2 14
2 46
3 40 49
1 42
1 8
1 28
2 20
2 16
1 45
1 11
3 29 33
2 11
2 3
1 21
3 40 50
2 16
3 4 44
1 6
3 27 29
2 3
3 47 48
3 24 40
1 40
3 47 50
3 10 32
3 47 50
3 7 31
3 12 44
2 3
1 24
2 38
1 3
1 42
1 48
1 37
1 33
3 21 38
3 44 45
1 12
3 44 46
1 43
1 22
3 35 45
3 34 38
3 24 45
1 12
2 44
3 41 47
1 13
1 30
3 40 43
3 34 43
2 24
1 12
1 17
3 28 30
3 19 41
3 49 50
1 23
2 20
2 1
3 8 32
1 36
3 18 37
3 39 48
2 12
1 22
1 4
2 31
2 34
2 26
1 41
1 14
2 21
2 42
2 37
1 21
3 43 49
1 23
1 6
2 18
1 29
2 21
1 1
2 28
2 24
3 26 28
1 3
3 17 46
1 7
2 24
1 15
1 49
1 19
1 1
3 37 40
1 29
1 35
1 11
2 29
1 11
2 16
2 47
2 19
2 16
1 1
1 28
3 44 47
1 39
3 34 37
3 17 44
1 48
2 39
3 33 38
2 11
3 25 35
3 17 41
3 9 47
1 49
1 36
3 11 34
2 14
2 16
1 9
2 46
3 30 48
1 15
3 30 50
1 9
1 36
2 46
1 31
1 43
3 15 19
1 4
2 28
1 33
2 38
2 10
1 13
2 14
1 26
2 26
3 41 45
2 36
2 4
3 8 47
2 21
3 3 39
2 4
3 46 48
1 11
2 8
2 18
3 23 37
3 27 48
3 33 47
3 36 49
1 44
2 29
3 11 32
3 35 50
1 5
2 1
1 22
2 50
3 24 45
3 3 17
1 20
2 23
2 21
1 42
3 29 37
1 26
1 23
2 21
1 13
1 35
3 46 50
2 20
3 37 41
3 28 38
1 39
1 43
3 9 34
1 7
3 44 47
3 1 45
1 19
2 5
1 33
1 19
1 45
1 48
3 18 36
1 40
3 46 50
1 2
1 46
1 39
3 2 47
1 36
3 44 48
3 4 28
1 3
3 11 20
3 45 50
2 8
1 14
3 28 34
1 21
1 21
1 10
1 42
1 28
2 42
1 33
1 4
2 12
2 42
3 35 46
1 22
1 21
3 37 46
3 19 48
1 15
3 21 29
1 46
3 46 47
2 45
1 30
1 11
3 21 42
1 27
3 23 31
2 21
1 44
3 14 36
2 41
2 6
2 28
2 45
3 10 23
3 37 45
1 46
1 10
1 26
3 43 44
2 10
1 1
1 6
3 6 22
3 48 50
1 7
1 8
2 41
3 43 47
1 44
3 15 39
3 45 50
1 23
2 33
2 16
3 11 18
3 17 42
3 20 21
1 20
2 44
2 37
2 50
3 29 43
1 49
1 48
1 30
2 49
2 5
1 17
2 30
2 47
3 36 47
2 6
1 21
3 14 23
1 41
2 17
2 18
3 34 38
1 22
2 27
2 20
1 43
3 4 50
3 36 44
1 47
2 1
2 14
1 22
2 13
3 43 49
1 14
2 30
2 7
2 33
2 19
1 3
3 44 48
3 17 31
3 42 43
2 34
1 12
3 20 38
2 6
1 41
3 38 50
1 28
1 28
1 22
1 49
1 26
2 1
1 30
3 46 50
3 19 50
2 26
1 5
1 6
3 26 29
3 9 13
3 43 44
3 31 34
3 12 41
1 45
2 19
3 32 43
2 3
2 16
3 49 50
1 47
3 43 46
2 32
1 17
2 37
1 27
2 24
2 1
3 12 40
1 10
2 7
1 17
3 17 39
3 10 23
2 44
3 47 50
1 24
2 5
2 47
3 38 43
3 22 42
3 13 15
3 17 18
3 47 48
2 9
1 15
3 6 13
3 32 46
1 2
3 31 38
2 6
1 27
3 7 28
1 31
3 43 50
1 44
2 48
1 15
3 44 45
1 8
3 38 44
2 2
2 13
2 29
2 8
1 1
1 7
3 38 44
2 2
3 22 38
2 41
2 47
1 15
2 45
2 33
3 33 42
3 28 40
3 19 50
3 43 45
2 28
1 19
3 27 31
1 16
1 6
2 50
2 19
2 2
2 30
3 9 11
1 41
1 41
3 20 40
2 49
1 4
1 15
3 1 25
2 24
3 15 34
3 35 49
1 6
2 36
3 11 46
2 12
3 20 24
1 8
2 12
2 27
1 3
3 24 31
2 49
3 22 28
3 2 7
3 19 47
3 37 50
1 9
3 6 14
3 14 41
1 15
2 4
1 43
1 8
3 6 20
1 46
2 16
3 17 29
3 40 42
3 13 29
2 38
1 39
2 48
2 40
3 44 46
3 36 38
3 5 16
1 36
1 49
3 49 50
1 4
3 4 16
3 40 42
3 42 43
3 35 45
2 9
2 3
2 10
1 14
2 3
2 31
2 16
1 35
3 28 30
1 15
2 9
3 42 45
2 37
2 7
3 18 41
1 24
1 42
2 24
3 46 49
2 13
3 29 48
2 20
1 46
1 39
3 25 46
3 38 45
3 27 47
3 14 37
1 36
1 39
1 48
1 16
2 11
1 14
3 29 38
1 26
2 45
1 5
2 6
3 49 50
2 29
3 8 19
2 9
3 15 29
3 8 11
3 45 47
1 17
3 7 9
1 11
3 5 19
3 28 46
3 43 47
3 8 29
2 38
3 12 33
3 37 46
2 22
3 49 50
2 26
3 36 45
3 40 47
3 36 42
3 21 38
2 38
1 18
3 37 39
1 39
2 23
3 24 27
2 42
2 48
1 42
3 42 44
1 25
3 37 49
1 32
2 47
1 8
3 45 50
2 19
2 12
1 31
3 9 50
3 6 39
3 9 42
3 39 40
2 35
3 14 50
1 8
3 46 50
3 47 49
3 13 40
3 30 47
2 3
1 46
3 23 25
1 33
2 9
1 15
3 3 29
2 37
3 12 28
2 15
3 47 50
3 36 40
1 15
3 3 33
1 30
3 8 26
1 41
3 22 25
2 49
3 4 28
2 27
3 25 34
1 23
3 21 39
3 31 33
1 45
1 18
2 12
2 40
2 11
3 22 34
3 36 43
3 41 48
2 34
1 46
2 33
3 41 49
1 18
1 15
1 43
3 26 45
3 17 44
1 36
2 2
1 28
2 35
3 48 49
1 2
1 38
3 22 50
2 13
2 2
1 38
3 44 49
3 49 50
3 45 49
2 43
1 10
3 18 22
3 36 37
1 16
2 25
3 43 46
3 18 44
1 10
1 17
3 7 49
1 38
1 44
3 16 47
3 23 46
2 7
1 2
3 2 23
2 7
1 19
2 49
1 28
3 12 15
1 38
3 1 34
3 7 48
1 46
2 31
3 10 47
3 42 49
1 10
2 38
3 37 47
1 14
2 50
2 29
1 5
2 24
1 20
2 13
3 10 14
2 6
3 35 37
1 4
1 7
2 5
2 24
3 23 33
1 37
1 24
2 32
3 27 31
2 27
1 48
3 23 47
2 26
1 5
1 31
1 29
1 17
1 17
1 13
3 41 48
3 20 25
1 10
1 41
2 8
3 46 49
2 44
3 45 50
1 33
1 23
1 29
3 14 33
3 36 41
2 42
1 33
2 10
3 17 36
1 41
2 45
2 22
1 40
2 25
2 24
1 39
1 37
3 38 47
1 18
3 49 50
2 1
1 47
1 44
1 2
1 26
3 44 47
1 9
3 17 19
3 24 25
1 22
2 18
1 25
3 22 24
1 38
2 30
2 3
2 24
1 48
2 34
2 2
1 27
2 50
2 18
1 28
3 44 46
3 11 36
1 32
3 21 48
2 30
3 16 41
1 42
2 6
3 3 35
2 40
3 46 47
2 15
3 14 22
2 27
3 1 11
1 38
2 4
2 1
1 8
2 14
1 31
1 30
2 16
1 38
1 20
2 43
2 4
1 45
3 17 21
2 17
2 50
2 3
3 33 37
3 1 23
2 48
2 10
3 9 10
2 23
3 13 46
2 18
1 13
1 44
3 16 50
2 20
1 9
3 44 47
3 8 44
3 19 23
3 27 49
1 20
1 49
2 7
3 45 48
1 37
2 30
1 1
2 30
1 2
1 26
1 29
1 27
2 50
2 41
3 36 37
1 2
2 27
3 26 41
1 23
1 21
3 48 49
1 47
2 11
3 35 49
2 46
1 44
2 2
1 7
1 30
1 24
1 19
2 5
2 15
2 14
3 34 42
1 10
2 20
2 41
3 34 48
3 7 27
2 5
1 17
3 4 28
1 43
2 31
3 21 25
2 20
3 3 31
2 8
1 13
1 21
2 37
2 17
1 12
1 35
3 4 9
1 32
3 18 36
3 42 48
2 24
1 1
3 49 50
3 9 28
2 40
1 25
3 45 49
3 29 49
1 26
2 43
1 47
2 20
1 28
1 28
1 44
3 48 50
3 3 14
1 14
2 37
3 46 48
1 20
2 46
1 38
3 14 22
1 1
2 39
1 42
1 32
3 15 28
3 36 42
3 2 32
1 2
1 34
3 23 36
2 35
2 50
2 24
3 45 50
3 9 17
2 43
3 10 44
1 34
2 25
1 4
3 48 49
3 43 46
1 40
1 17
3 49 50
3 12 23
1 2
1 29
3 13 35
1 45
2 32
2 41
1 35
1 10
2 4
2 21
2 39
2 38
1 21
1 11
1 9
2 29
1 21
1 20
1 25
3 30 35
1 12
1 2
1 34
3 38 41
3 38 49
3 31 35
3 30 36
3 44 45
2 46
1 48
3 34 45
1 29
2 38
3 1 31
3 19 26
1 22
2 46
1 16
2 28
1 9
3 45 46
3 14 39
3 12 30
2 41
1 10
3 40 46
3 19 34
3 7 8
2 18
2 21
3 19 36
3 28 39
3 45 48
2 18
2 6
1 35
3 36 43
3 3 13
2 9
1 49
3 31 44
1 4
2 11
3 12 50
2 35
1 26
3 48 49
3 27 39
1 24
3 47 49
3 33 45
2 24
1 25
2 19
1 19
3 3 42
3 35 41
3 41 45
1 7
3 35 45
3 34 43
1 14
2 46
1 12
3 25 35
1 10
3 17 36
3 2 23
3 22 38
1 37
3 36 42
1 48
2 44
3 9 40
3 7 41
2 19
3 36 40
3 10 23
3 43 50
1 47
1 10
3 19 29
3 46 48
1 44
3 20 30
1 16
2 11
2 5
3 26 38
1 45
3 16 46
2 22
3 31 42
2 18
3 34 39
1 33
1 29
3 1 14
1 4
3 24 25
1 6
3 47 48
3 42 46
2 5
3 34 40
1 14
2 7
1 41
2 50
1 46
3 20 48
1 21
3 2 44
2 30
3 19 21
2 38
3 25 36
3 37 41
1 2
2 26
1 17
1 48
1 20
3 22 27
3 44 48
3 44 46
3 36 45
2 36
2 7
3 9 16
2 39
2 41
3 26 40
2 23
1 25
1 45
1 10
1 47
1 36
2 36
1 12
2 14
2 3
3 19 47
3 16 25
1 4
1 16
1 45
2 36
3 14 41
2 6
3 2 46
2 40
1 41
1 34
1 43
2 21
2 50
2 17
2 7
1 39
2 6
1 12
1 34
1 3
2 15
3 46 49
2 13
1 14
2 30
3 33 48
1 17
1 28
1 26
3 19 41
1 38
2 3
3 45 47
3 2 6
1 49
1 19
3 17 29
1 21
2 5
1 36
1 3
1 9
3 29 41
3 19 49
2 22
3 1 34
2 20
3 31 44
1 44
1 6
2 28
3 10 44
2 9
1 9
2 44
2 20
2 11
2 25
1 5
3 15 36
3 39 49
1 20
2 29
2 27
1 24
2 38
1 11
2 18
2 14
1 32
3 16 35
3 35 37
2 46
3 47 50
1 42
3 25 47
2 28
1 34
2 9
2 33
2 14
3 26 33
2 17
3 41 47
2 44
3 45 47
2 27
3 21 36
1 47
1 12
3 14 26
2 45
1 21
2 37
2 1
1 8
1 26
2 44
1 11
3 8 23
1 35
1 17
2 30
2 19
2 13
3 36 43
2 25
1 46
2 26
3 47 48
1 6
3 8 38
2 40
1 29
2 36
2 2
2 34
2 23
1 4
1 2
2 9
2 14
3 34 43
3 5 29
2 50
3 4 17
2 37
2 20
2 13
2 6
1 36
3 10 28
2 10
2 25
2 21
3 2 24
3 10 44
1 13
3 36 40
3 30 44
3 11 32
1 22
1 36
1 6
2 41
3 39 43
3 6 49
1 28
1 8
2 2
1 11
1 14
1 6
2 38
1 26
2 6
3 16 44
1 33
3 33 49
2 5
2 6
3 14 34
2 30
1 5
1 20
3 30 39
3 7 21
1 44
1 13
1 35
1 48
1 45
3 19 21
3 19 32
2 2
3 35 37
1 46
1 49
1 2
1 30
3 11 14
1 1
3 25 34
1 18
1 40
2 42
2 17
1 7
2 42
1 42
2 46
3 43 50
1 32
1 31
2 17
2 23
3 29 39
1 12
3 32 43
2 16
2 44
1 37
2 13
1 42
1 7
3 21 48
1 49
3 49 50
3 6 10
3 1 12
2 30
2 27
3 35 46
2 48
2 10
1 24
2 26
1 43
1 32
3 20 45
1 35
1 18
1 39
3 15 27
3 1 30
1 22
1 27
1 18
3 38 45
2 14
2 26
3 48 49
3 40 50
1 11
2 10
3 10 23
1 12
3 11 49
3 41 44
3 27 42
2 26
1 44
2 5
1 12
2 40
2 1
3 21 40
3 6 24
1 9
2 24
3 19 30
2 1
1 35
3 16 33
2 17
1 24
3 16 48
1 35
3 40 47
3 11 23
2 33
2 13
2 9
2 24
1 31
3 11 48
2 48
2 27
1 38
3 38 43
2 49
1 37
3 2 24
1 5
2 40
2 14
2 23
3 1 20
2 37
1 2
1 27
1 36
2 23
3 15 33
1 43
2 49
3 22 30
2 32
2 50
3 9 27
2 47
2 40
3 47 50
3 8 50
2 35
1 47
1 19
3 8 38
3 37 46
3 23 30
2 5
1 49
3 49 50
2 42
3 44 47
2 40
3 44 45
2 35
1 32
3 9 39
1 27
2 45
2 37
1 13
2 33
3 13 26
1 19
1 2
2 44
1 1
1 32
2 15
3 31 40
1 6
1 9
3 7 46
1 25
2 31
3 45 46
3 18 50
1 33
1 14
3 3 27
2 12
2 45
1 21
2 24
2 41
1 38
3 16 49
2 11
2 9
3 20 36
2 5
2 8
2 12
3 23 40
1 6
1 7
1 45
3 38 48
3 21 32
1 28
2 36
1 36
1 45
2 21
1 22
2 45
1 6
3 42 47
1 3
3 33 42
1 7
1 5
1 37
3 27 41
1 20
1 28
3 38 50
1 32
2 30
1 24
1 41
2 2
2 23
1 14
1 6
1 17
3 45 46
2 18
1 13
2 14
2 36
1 5
3 37 38
2 7
2 28
3 13 20
2 9
1 13
3 49 50
3 19 28
2 8
3 12 34
2 30
1 25
1 12
1 41
3 26 36
3 40 47
1 49
1 7
2 9
3 46 47
2 20
3 6 29
3 19 32
3 39 44
2 27
3 26 49
2 9
2 15
3 33 34
1 49
2 28
1 35
1 27
1 17
1 14
3 34 46
3 45 47
2 10
1 34
3 10 23
2 34
2 21
1 34
1 18
1 36
3 30 49
2 36
1 39
1 1
1 22
1 10
1 40
1 44
1 1
3 41 46
2 38
1 4
3 41 42
1 30
1 18
1 30
1 25
1 39
3 6 37
2 26
1 32
3 10 21
2 45
1 27
1 5
1 14
1 31
1 20
1 11
1 17
3 16 47
2 21
3 47 49
3 11 36
2 14
1 36
1 25
2 41
1 1
1 39
3 15 40
3 24 29
1 4
2 35
2 4
2 49
1 49
3 45 46
3 3 40
2 50
3 44 50
3 17 39
1 38
1 26
2 30
2 33
3 6 44
3 45 50
3 5 36
3 9 19
1 24
2 1
2 47
1 30
3 20 49
2 26
3 8 43
2 31
1 25
2 31
1 10
3 7 44
2 9
3 46 47
2 17
3 28 45
2 19
1 41
2 16
2 28
3 24 48
1 5
3 35 42
3 44 45
1 40
2 6
1 18
3 48 49
1 24
3 48 49
3 33 39
3 26 37
2 46
2 28
3 20 49
1 4
3 7 42
1 25
1 40
2 24
2 8
3 16 34
2 15
2 27
3 37 45
2 25
1 30
2 35
3 14 22
3 1 26
2 15
1 23
3 43 47
3 36 48
3 23 27
2 30
3 44 46
2 2
1 46
2 31
1 19
1 29
3 47 49
3 30 49
2 40
1 28
3 1 8
3 5 7
3 48 49
3 25 38
1 25
3 21 27
3 24 50
2 9
3 14 30
1 22
2 6
3 47 49
3 42 50
3 1 5
1 39
1 13
1 12
1 38
3 19 32
1 2
3 44 46
1 39
3 7 8
1 40
2 47
2 29
3 30 35
3 35 39
1 19
1 44
2 41
1 17
2 46
3 33 39
1 27
1 33
1 19
1 1
2 43
2 9
2 33
2 22
2 18
3 31 46
2 49
2 32
2 12
2 39
2 44
1 46
2 19
1 18
1 22
1 11
3 10 14
3 44 46
3 29 33
2 29
3 36 38
3 43 49
2 26
1 26
3 38 47
2 13
1 39
1 45
1 8
3 48 49
1 19
1 42
2 21
2 45
2 46
3 48 49
2 39
2 43
3 48 50
3 14 17
3 42 44
1 36
2 26
2 27
1 43
2 21
1 25
2 24
1 19
3 19 30
2 33
3 21 42
2 6
2 38
3 15 42
3 11 45
3 21 44
1 6
2 4
1 7
2 26
2 45
2 4
3 17 31
3 43 47
2 16
2 17
1 15
3 17 47
3 44 46
3 10 28
2 40
2 1
2 37
1 49
3 5 20
3 15 44
1 11
1 34
3 20 43
2 3
1 29
1 21
1 14
2 9
2 31
1 43
1 23
3 40 47
2 19
3 24 38
1 21
2 36
2 27
2 21
1 18
2 4
3 9 32
3 3 19
1 49
2 7
1 38
1 13
1 5
3 22 34
2 31
3 41 48
2 6
2 19
1 39
3 47 49
2 5
1 5
2 48
1 48
1 39
3 35 47
1 5
1 1
3 30 31
2 27
2 36
3 37 38
3 48 50
2 17
2 5
1 28
3 21 34
1 39
2 11
3 26 35
2 41
3 23 47
1 25
1 16
1 45
2 45
3 29 33
3 41 50
2 28
3 14 48
2 19
3 16 27
1 37
1 43
1 26
2 14
1 21
2 48
2 42
1 35
3 46 47
2 49
2 41
1 44
3 29 30
3 31 35
3 24 50
1 23
3 33 49
1 11
3 15 44
3 2 50
1 12
1 2
2 27
2 32
3 17 41
3 4 42
3 9 13
2 37
1 36
2 21
2 24
1 47
2 50
3 38 48
3 37 47
3 46 47
2 13
2 32
1 21
2 2
2 17
2 42
3 33 50
1 33
2 12
3 33 36
1 6
1 18
2 14
1 45
1 28
2 12
2 23
2 6
1 27
1 42
3 21 29
1 34
2 1
3 20 47
2 11
2 48
2 3
1 7
2 9
2 31
1 47
1 24
2 38
3 38 48
3 16 27
2 44
3 32 46
2 18
1 23
2 29
1 6
2 27
1 5
1 6
3 44 50
3 17 41
1 25
3 45 46
2 41
3 15 28
2 37
3 12 26
2 13
3 30 49
1 36
2 31
3 21 30
3 24 30
3 40 50
3 41 47
1 29
2 28
3 20 42
2 32
1 47
1 41
3 21 44
2 49
3 21 30
1 17
2 12
1 30
3 3 46
2 48
2 43
2 47
1 7
3 41 42
2 49
3 46 50
1 27
2 6
2 32
2 8
2 16
1 24
2 50
2 48
1 20
2 14
2 16
3 18 33
3 47 48
3 39 42
2 45
2 10
3 18 45
1 9
2 7
1 21
3 46 47
1 48
2 40
1 33
1 3
3 43 45
2 31
2 50
2 30
2 33
1 32
1 36
1 25
1 3
3 31 32
3 43 44
1 35
1 20
2 48
2 16
1 23
2 18
3 7 8
2 25
3 4 42
1 29
1 22
1 14
2 40
2 24
3 35 45
2 14
1 11
1 24
1 36
3 12 32
2 38
2 43
1 20
2 2
1 8
3 18 27
2 37
3 13 44
1 29
3 29 35
2 50
3 34 42
2 45
1 22
2 3
1 25
2 41
1 42
2 27
1 32
2 20
1 48
1 20
1 38
2 31
1 25
1 41
2 30
1 11
1 44
1 23
2 20
3 47 49
1 7
1 32
2 22
2 30
3 4 44
2 19
1 5
2 20
3 3 16
3 16 29
3 44 50
3 47 50
2 17
1 33
2 6
1 9
1 3
1 46
2 20
1 42
2 49
2 44
2 36
3 18 48
3 29 43
1 8
1 22
1 17
2 19
2 44
1 20
1 1
1 43
3 22 44
1 36
3 3 10
2 3
1 33
1 23
1 42
2 19
1 33
1 32
2 41
3 38 41
2 4
1 30
3 14 44
1 21
1 36
3 9 29
2 21
2 49
3 39 40
1 23
2 3
2 9
1 33
3 22 25
2 30
2 3
3 16 17
1 24
2 26
1 31
3 13 43
2 33
1 47
1 16
2 27
2 32
2 19
2 21
1 43
3 49 50
3 33 40
1 46
2 44
2 14
1 33
2 14
3 21 46
2 18
3 23 49
2 17
3 47 48
3 6 33
1 34
2 36
2 32
2 4
2 4
3 45 48
3 36 38
2 19
3 17 47
3 18 34
3 8 35
1 41
3 45 48
2 42
1 39
1 10
1 25
3 18 47
3 29 35
2 47
2 37
3 46 48
2 10
3 5 33
1 24
1 41
2 10
2 15
1 3
2 34
2 46
1 43
3 30 42
1 8
2 7
1 7
2 14
2 45
1 36
3 33 36
3 27 37
1 8
2 45
2 43
1 40
2 9
1 48
2 1
1 13
2 4
1 45
1 17
1 15
3 8 10
3 20 25
1 16
1 38
2 12
3 16 21
1 5
1 7
2 33
1 5
2 46
1 17
1 49
2 14
2 42
1 13
1 41
1 26
3 48 49
2 28
3 49 50
2 4
3 18 34
1 30
1 29
1 25
3 3 11
2 46
1 15
1 40
3 47 49
3 7 12
2 12
1 18
3 4 21
3 23 27
2 22
2 4
2 11
3 25 50
1 24
2 40
1 30
3 12 13
3 43 47
1 30
2 9
1 6
3 29 33
1 7
2 38
1 26
2 2
2 17
2 28
2 18
2 36
3 36 50
2 43
1 25
3 21 25
1 34
3 28 42
1 29
3 5 47
1 43
3 11 40
2 20
1 18
3 17 48
3 16 29
3 10 38
3 13 31
3 11 37
3 31 38
3 33 36
2 17
1 21
1 19
3 24 46
3 33 42
2 32
3 29 47
2 32
1 44
3 27 40
1 1
2 32
1 7
1 43
3 26 29
3 43 45
1 46
3 43 49
3 13 25
3 9 17
1 31
3 11 50
2 33
2 39
1 38
1 38
1 41
2 50
2 18
2 21
3 47 48
1 31
1 45
1 2
3 49 50
3 33 50
3 45 49
1 20
3 7 47
2 4
1 41
3 15 40
1 21
2 23
3 31 41
1 7
3 8 41
1 41
1 18
1 21
1 26
3 20 38
1 22
3 43 49
1 43
2 5
2 30
2 20
1 39
1 23
1 40
2 39
3 36 40
3 44 49
2 25
3 40 43
1 18
3 20 29
2 12
2 15
1 4
3 19 32
1 48
1 36
1 43
3 47 50
3 12 33
1 21
1 19
2 16
3 39 43
3 35 43
2 13
3 48 50
1 14
1 21
3 47 49
3 18 32
2 31
1 41
1 11
2 17
1 27
2 16
2 48
2 20
1 12
3 3 25
1 22
2 9
1 33
2 11
2 28
3 3 30
2 36
2 8
3 18 23
2 8
2 37
3 20 40
1 47
2 10
3 19 32
3 46 49
2 45
1 49
2 38
3 30 48
1 44
1 27
2 19
1 7
2 45
2 10
2 16
3 11 24
2 36
3 18 26
2 47
3 19 46
2 7
2 43
3 31 41
1 31
2 25
2 22
1 16
1 28
3 23 39
2 24
1 37
1 6
2 45
3 28 34
3 25 45
3 29 47
3 25 47
3 31 44
3 9 12
2 37
2 45
3 37 50
2 29
1 30
1 32
3 49 50
2 44
3 23 36
3 16 40
2 6
2 26
2 30
3 21 32
3 7 44
3 32 40
3 9 36
2 24
2 20
3 40 43
2 40
3 30 41
1 4
3 29 38
2 6
2 1
2 46
3 44 46
1 49
3 29 35
3 5 35
1 28
3 27 31
1 19
3 2 23
3 26 44
3 23 25
1 2
1 46
3 44 47
2 33
2 16
1 45
1 19
2 13
2 18
1 35
1 18
3 22 42
1 7
1 3
1 9
2 44
1 41
1 39
2 26
3 19 31
3 41 45
1 30
1 4
2 32
3 37 46
1 41
1 24
1 48
1 11
3 45 50
1 16
1 5
1 2
3 15 33
2 5
2 31
3 37 39
1 4
1 46
1 32
1 26
3 32 43
2 18
2 11
2 11
2 16
3 43 46
1 34
3 18 46
2 31
2 22
3 15 42
3 21 22
2 50
1 30
2 23
2 17
1 49
1 49
3 22 30
3 9 28
3 39 44
1 47
1 11
1 46
2 43
3 22 45
1 30
3 36 42
1 1
2 22
3 36 39
3 18 34
3 48 50
3 4 29
3 23 44
2 14
1 6
3 23 47
2 42
1 36
2 11
2 16
3 27 44
1 49
1 7
2 4
3 5 40
1 5
1 14
2 32
3 17 32
1 31
3 16 26
1 47
2 1
1 23
3 40 42
1 48
3 22 48
1 13
1 15
2 41
3 5 49
3 46 47
3 42 50
3 42 50
2 26
1 33
3 4 43
1 33
2 25
3 37 41
