5000 500
3 94 3630
3 4456 4789
1 3237
1 4667
2 2831
2 2578
3 1676 2366
2 4222
2 4284
3 678 1729
3 2277 4689
2 1985
2 1975
1 161
1 872
2 2245
1 3356
2 553
3 367 4074
1 1233
3 1337 1715
3 319 3848
2 3859
3 979 4942
3 4280 4453
1 4914
2 615
2 182
2 1467
3 224 2918
3 604 4214
1 2112
1 3435
2 950
1 4193
2 3020
1 1253
2 3711
3 4356 4450
3 267 1092
3 3184 4303
2 2037
3 4092 4506
2 1869
1 604
1 1161
1 4388
3 4229 4718
2 2983
3 1607 4485
3 26 1730
1 3590
2 4356
1 3848
2 3673
2 1229
1 1766
1 1279
1 2592
2 4114
2 4608
2 764
2 4661
3 4248 4340
2 1753
3 1289 4852
2 497
2 738
3 2590 3291
1 2608
2 3798
3 1537 2748
1 3367
1 1002
2 2361
2 1014
3 4429 4559
1 4814
3 1080 1296
1 1108
1 3447
2 3413
1 722
3 4630 4841
3 1264 3846
3 3554 3603
2 4564
1 2925
3 2682 3341
3 2430 3370
1 3991
1 1113
2 310
2 4926
2 1050
1 1194
3 4601 4778
1 2134
2 1270
3 1112 4627
2 787
3 158 246
2 861
1 2387
3 4974 4989
1 1396
1 3783
1 4830
3 1129 3969
1 2137
2 2838
3 2237 2266
2 6
3 2145 3587
2 710
3 2331 4159
2 4180
3 1899 4332
1 4256
2 4306
2 2559
3 3911 4051
1 521
2 1383
1 3735
3 4114 4278
1 504
1 3165
3 2728 3074
1 1700
1 2031
3 2557 3536
2 2405
1 1956
3 2376 3654
3 4981 5000
1 3072
1 2143
2 3956
1 2931
3 1421 3258
2 2938
3 1495 2471
3 2463 3254
1 2616
1 2167
1 2740
3 1959 3498
3 2792 4581
2 448
3 3052 3522
2 4652
3 664 1449
2 4861
1 4495
1 3263
3 402 3854
2 941
2 1819
3 3692 3852
1 3772
1 3383
3 2721 2997
2 11
2 1686
2 102
1 4861
3 1733 3108
2 2321
1 1371
3 4875 4893
1 1098
1 594
3 3023 3135
3 4493 4730
1 2558
3 3666 4928
3 4389 4761
2 1153
1 1759
1 2728
1 88
3 4711 4723
1 925
2 3885
2 428
3 1671 2392
2 3869
2 4168
1 2934
3 1011 4297
1 1994
1 2959
3 3282 3733
3 4119 4673
1 4347
3 3987 4219
2 4534
2 3828
3 3329 3833
2 4955
1 1441
3 3169 4426
1 1626
2 1036
2 1506
3 3470 4152
1 504
3 3045 4740
3 2064 4823
1 4951
1 1921
2 3737
2 1173
1 3688
3 584 819
1 3217
2 4440
2 3694
3 3713 3775
3 3859 4597
1 1031
2 1509
3 4264 4969
2 2074
1 1979
3 300 2062
2 1395
2 4893
3 2134 2307
3 3408 4597
2 1170
3 1160 4270
2 2102
1 4314
1 1802
2 1588
3 803 1876
1 2767
3 477 1673
2 4353
3 1952 4514
2 4642
2 3047
3 4648 4774
3 4083 4201
1 3507
1 4016
1 1843
1 4466
1 623
3 1158 4702
1 1301
3 998 4134
1 491
1 2688
2 3221
3 3554 4747
2 4536
3 1609 3276
1 3533
3 1507 4117
1 3432
1 3199
1 3919
2 1302
3 174 3407
3 4267 4825
2 2240
3 1780 4826
1 3025
3 215 3799
3 1238 1834
1 236
2 1323
1 3855
1 4396
3 1794 4427
3 3059 4703
2 4146
2 4347
2 4447
2 1681
2 3252
1 1006
1 1022
3 313 4192
3 4290 4814
1 421
2 3255
1 1348
3 1853 2396
2 4160
1 3186
3 3932 4504
1 953
1 1842
2 2815
3 797 4470
3 3345 4142
2 4200
1 819
1 1539
1 2605
1 3412
3 2319 4172
1 3304
3 4738 4745
1 252
3 3627 4301
3 456 2608
1 3674
2 3402
3 371 3167
2 854
1 818
2 3386
1 4131
2 3104
1 4899
3 1023 1127
2 1599
1 2491
2 2891
2 1155
3 4084 4775
3 3151 4062
3 3508 4014
3 1608 4257
1 1269
2 2494
3 526 4694
3 3700 3849
3 1810 2924
1 377
1 2371
3 4316 4324
3 2800 2996
3 604 3639
2 4680
3 2749 3477
3 3497 4341
3 524 4857
3 4592 4981
2 2591
1 3807
3 3616 4265
1 3626
2 3451
3 1564 3101
2 649
3 3232 4844
1 3958
2 4196
1 2652
2 4931
1 338
1 1243
2 4874
3 1014 4779
1 4192
3 3383 3683
3 318 3838
1 3033
1 4084
1 2995
1 4215
3 155 3113
2 2837
2 2583
3 4143 4360
1 2534
1 1830
1 4877
2 1621
2 2987
2 3050
3 2207 3378
3 1600 1758
2 1096
3 3092 4033
1 4285
1 1870
1 1492
3 643 2958
1 580
3 2152 4147
2 1278
2 3849
1 1073
1 2721
1 657
2 491
2 658
2 656
3 4898 4988
1 1889
1 2105
2 4167
2 210
3 1235 2530
3 2250 4812
1 3937
3 730 731
2 3217
3 2911 3489
2 488
2 4246
1 1636
3 2532 2947
2 3883
2 4983
1 2413
3 490 3320
3 2285 3086
1 45
1 1079
3 3780 4836
1 2116
1 863
2 4631
3 3112 4331
3 4164 4905
1 131
1 2764
2 1081
2 655
1 2613
2 3983
2 4793
3 4054 4065
3 2023 2512
1 410
3 4883 4899
3 3438 3606
1 1715
1 1657
3 804 3222
2 3633
1 2958
1 3671
2 1571
1 808
1 4267
3 637 904
3 2684 3904
1 2029
3 3219 3844
3 1317 3050
2 4335
3 773 3373
1 1688
2 137
3 3925 4809
2 3875
2 3189
2 1116
3 3261 3797
2 4070
2 1589
3 3397 4931
3 2066 3484
1 1862
3 1151 1549
2 661
1 4494
3 922 3526
2 4493
1 4374
2 2631
3 3731 3757
2 627
2 2206
3 4468 4795
2 4712
3 957 3857
1 3461
3 2683 2698
3 2236 3146
1 4222
3 4313 4379
3 237 2192
3 950 1220
1 1805
3 1471 3679
2 3261
2 1268
3 3358 3614
2 1318
2 3502
2 3697
2 784
2 2846
3 2261 4888
1 4967
3 494 3839
2 2318
3 3935 4900
1 4891
1 4161
