50 500
1 14
3 44 47
2 48
1 11
1 47
3 45 46
2 16
2 10
3 8 22
3 1 41
2 48
1 41
3 24 32
1 36
3 24 34
3 43 50
2 23
2 18
1 21
1 37
1 10
2 46
3 6 20
3 40 49
1 4
1 3
1 5
1 45
3 3 8
1 21
3 43 44
3 42 46
2 17
2 22
2 49
1 22
2 50
3 35 45
3 36 38
3 44 46
1 13
1 29
1 4
2 14
1 3
2 50
1 41
2 42
3 12 14
1 16
2 22
3 10 27
2 6
3 38 42
3 4 18
3 48 49
3 44 50
2 11
1 12
2 19
1 32
2 17
2 7
2 12
2 12
3 15 31
3 41 43
3 48 50
2 15
3 17 49
2 38
1 7
1 21
2 44
3 45 50
3 2 37
3 28 35
2 12
1 9
2 12
2 34
2 14
3 23 31
2 4
1 19
2 3
2 2
3 27 42
2 25
2 32
2 50
3 45 47
2 9
1 31
3 23 34
2 12
3 40 43
3 45 48
1 8
1 7
2 23
3 43 49
1 23
1 34
1 7
3 16 43
1 21
3 3 27
3 45 48
3 45 48
3 34 40
1 40
3 30 49
2 49
3 32 44
2 22
2 50
1 34
2 31
2 19
1 49
2 33
2 46
1 46
3 48 50
1 29
3 26 38
1 35
1 5
3 44 45
3 6 17
2 39
3 38 44
2 44
2 22
1 10
1 8
1 5
2 17
3 4 37
1 37
3 20 45
1 25
2 26
3 1 28
3 38 41
2 2
3 26 37
3 46 48
3 48 50
3 38 41
1 35
1 29
1 13
2 44
3 16 35
1 39
3 38 46
2 28
2 1
1 26
3 36 46
3 7 24
1 25
1 33
1 10
2 36
1 36
1 13
3 32 45
2 12
2 14
3 22 46
2 12
3 7 35
2 35
2 28
1 22
3 24 48
1 30
2 5
2 19
2 1
1 17
1 49
1 49
2 1
1 47
3 23 43
3 15 42
3 10 16
1 17
1 9
1 22
1 6
3 8 34
2 35
2 22
1 43
1 8
1 46
2 24
2 5
3 28 50
2 13
2 5
1 22
2 48
1 13
2 23
1 39
2 28
1 11
3 29 44
3 46 50
2 9
1 41
3 34 45
3 4 27
3 18 28
1 5
2 41
1 24
1 3
1 35
3 7 23
3 29 49
2 5
2 37
3 43 48
1 3
3 48 50
2 17
1 39
3 5 15
2 5
1 44
3 15 22
3 34 37
3 45 48
3 2 27
1 11
3 43 45
1 10
2 12
3 18 37
2 39
3 4 33
2 22
3 30 41
3 14 36
3 19 49
3 12 34
3 12 21
3 48 50
1 13
2 29
2 41
2 19
3 21 37
2 44
3 29 41
1 49
3 17 22
1 38
2 36
3 4 37
2 4
1 34
1 44
3 30 42
3 6 46
3 15 46
3 33 49
3 25 49
3 43 48
2 39
1 30
2 24
3 34 48
3 29 32
2 37
1 10
2 10
2 5
3 48 50
1 34
3 14 26
1 45
1 26
3 24 27
1 36
3 32 42
2 47
2 40
2 23
3 27 35
2 33
3 24 42
3 33 42
2 21
1 39
2 9
3 31 49
1 34
1 23
1 6
3 25 42
1 34
1 18
2 15
2 11
2 32
2 2
2 27
3 41 43
3 41 42
3 31 48
2 8
1 5
1 9
2 48
2 32
3 34 43
3 28 43
2 5
1 49
3 1 17
3 32 41
3 26 39
2 20
2 7
1 43
3 30 48
3 38 50
3 41 49
3 17 44
1 5
3 13 14
1 14
1 41
3 24 33
1 49
3 38 47
2 31
2 16
3 35 47
3 14 21
1 5
3 39 49
2 34
2 8
1 42
2 49
1 16
3 46 50
3 32 45
2 35
1 32
1 9
2 32
1 20
3 38 40
2 32
2 17
2 14
3 37 40
1 18
2 32
2 34
2 5
1 40
1 5
1 8
1 24
2 18
3 45 46
1 2
1 22
1 42
3 16 26
1 26
2 25
2 46
1 5
3 13 49
1 4
1 16
3 20 26
1 8
2 19
3 25 40
3 34 50
2 27
3 36 40
3 39 44
1 7
3 34 49
2 42
1 46
2 22
3 28 44
3 46 47
2 1
1 31
2 11
3 6 43
2 50
1 33
1 8
2 31
3 31 36
1 19
3 40 46
2 46
1 47
1 23
3 19 27
1 12
2 3
1 24
1 25
1 25
1 36
1 43
1 22
1 27
2 29
1 11
1 20
1 49
3 2 36
2 2
1 41
2 25
3 5 22
1 22
2 16
2 24
1 46
1 15
1 26
2 28
2 14
3 40 48
3 44 49
1 14
1 34
2 1
3 4 44
1 39
1 17
3 18 33
3 41 49
2 36
3 33 37
3 34 40
1 36
2 2
1 5
2 40
3 28 36
3 37 38
1 37
3 18 22
3 48 50
1 7
2 29
2 31
2 8
3 1 48
1 48
1 15
3 34 38
3 40 48
3 25 36
3 9 20
3 15 46
1 2
3 2 24
2 26
1 20
2 7
2 13
1 46
3 12 29
2 23
1 16
2 19
2 8
1 13
1 9
1 22
3 3 41
2 19
3 11 42
1 6
2 23
3 33 36
3 5 45
