5000 5000
1 2104
1 609
1 4724
3 4430 4947
1 1440
2 4013
3 3491 3755
1 3123
3 4161 4789
3 4376 4690
3 2174 3387
3 584 4817
2 12
2 1959
2 3155
2 4926
1 928
2 1467
2 2498
2 2059
3 1374 3959
3 3164 3266
1 3577
1 3953
2 382
2 2668
2 3254
2 4424
1 690
2 1841
2 1991
1 3082
3 737 4912
1 3329
2 3637
3 158 1289
2 2853
3 1787 3609
2 3861
2 3292
2 46
1 2204
1 2028
2 1134
2 135
2 1253
3 411 2997
2 4806
3 2474 4138
3 4944 4968
1 1861
1 162
2 4697
3 2276 3819
3 1638 3349
1 3080
3 3045 4338
2 3474
1 1242
2 2487
3 3225 4970
3 3305 4766
1 1320
3 761 987
3 2096 2183
3 963 4273
2 3852
2 2944
3 2147 4936
2 2722
1 3242
2 3143
1 4887
2 4784
1 2280
2 2358
2 3983
3 1915 3704
3 1777 4056
3 2475 3326
1 4481
2 874
3 2759 3792
1 4482
2 3809
1 4464
1 4122
2 311
2 2581
3 1088 4726
1 1205
3 4083 4857
1 3488
1 1069
3 3547 4329
1 357
2 876
1 4606
2 4223
3 896 1493
2 1456
1 3366
1 1103
1 214
2 173
2 1086
3 866 4584
2 4039
3 1526 2113
3 2240 2843
3 1846 3132
2 2906
3 4594 4835
3 2255 2400
1 4150
2 3359
2 187
2 91
3 2475 3716
1 4613
2 893
3 1801 3535
1 2984
2 4071
2 4324
3 4465 4860
3 1474 3249
2 672
3 2504 3090
1 4504
3 1050 2379
2 3182
3 2132 4692
1 2898
3 1835 4697
1 1857
1 4868
3 3106 3443
1 4323
2 2649
1 833
2 926
3 4193 4278
2 1250
2 3329
1 4697
2 3606
2 2134
1 4758
2 3089
1 4630
2 4847
3 31 1695
3 2341 2773
2 1378
3 3149 3330
3 768 1749
3 835 2268
1 2518
1 327
3 2790 3074
1 670
2 2918
3 4556 4893
2 1417
1 3039
2 3933
3 3029 3254
2 4455
1 4585
2 1666
2 3590
3 363 968
3 4924 4980
1 1147
2 3835
2 4901
2 1586
1 1849
2 206
1 3039
1 1444
2 2072
1 1529
1 3301
2 404
2 1281
3 1157 2931
2 3125
1 4006
2 4243
2 4624
2 1045
2 4621
2 4339
3 3514 4757
2 2500
2 432
1 2046
2 4351
1 1145
3 3164 4939
2 1932
2 2931
1 4979
2 3228
1 1632
1 2826
1 2929
1 1707
1 4558
2 1860
3 930 1010
1 2484
1 4677
2 127
2 4325
2 2574
3 583 4166
3 2105 2642
2 1814
3 2686 3448
1 1354
1 2034
2 1019
3 298 819
2 3445
2 2429
3 3923 4401
3 1961 2341
2 4150
1 3467
2 52
3 3393 4361
1 4442
2 2338
2 284
1 3067
3 608 4597
2 179
1 415
2 1362
3 1190 1333
2 615
3 1657 2044
3 3111 3992
3 1411 1888
1 1510
3 3904 4765
2 1868
2 583
1 3405
1 4400
3 1277 1650
1 4220
1 2092
3 962 4984
2 4937
2 2168
2 3717
3 482 2912
2 4256
1 2795
3 3290 3462
1 294
1 3159
1 240
1 4104
3 4410 4455
1 963
1 3589
2 978
3 3685 4901
1 3561
1 3044
2 4819
1 4622
3 2267 3202
2 2337
1 2270
2 586
3 296 4313
3 1217 2230
2 2403
3 4677 4770
2 3790
2 3173
1 3470
1 1019
1 42
1 3803
3 2834 4019
2 1611
3 2426 4058
1 4072
1 1123
3 3333 4364
2 3292
2 4295
1 158
2 1489
1 4729
2 3507
2 180
2 2625
3 4791 4852
2 1552
3 4093 4787
3 714 4159
2 3013
3 4895 4916
2 2695
1 2802
2 540
2 3153
2 213
2 4288
1 1856
1 4480
1 3693
1 4157
2 4849
2 1590
3 1061 3199
1 4405
3 3390 3724
1 4740
1 3336
2 1388
2 4070
2 4767
1 3385
1 4079
1 2561
2 3679
1 4615
1 584
1 3641
3 4248 4894
3 3074 4126
1 4084
2 3719
1 2264
1 1900
3 2718 4617
1 1114
3 3719 4374
2 3665
2 3348
3 1560 2133
2 281
2 1756
3 3143 4399
2 4155
3 516 2572
3 2886 4357
1 3041
1 1975
3 550 1718
3 3549 3994
3 3852 4442
1 1547
3 2299 3547
1 3122
3 3968 4210
3 1924 2518
1 978
3 3548 3679
3 715 4930
1 456
2 4373
3 4916 4924
1 4124
3 1926 3833
2 926
2 1612
1 2479
2 3676
2 1230
3 2846 4025
3 2066 2595
3 4174 4529
3 3202 4893
3 2357 4056
1 3637
2 1988
3 191 2544
2 588
3 1796 3093
3 685 2715
2 4584
2 629
2 976
1 910
3 4489 4911
2 811
2 1244
1 3062
1 2065
1 2059
2 646
2 1044
3 950 3457
1 399
2 3076
1 942
1 3532
2 3332
2 1906
1 919
1 3632
1 3207
3 1445 2855
1 4481
1 727
1 369
2 3094
1 3319
2 4011
2 1475
1 1605
2 4199
1 4355
2 4008
1 1262
3 4987 4989
2 2120
1 2737
1 1361
3 3965 3981
3 522 1307
1 1847
2 2323
1 3088
1 3435
2 1851
1 3927
2 4963
2 3620
1 3515
1 4467
1 4434
2 2364
2 4132
1 365
3 3767 4678
1 2490
3 3703 4597
2 208
1 4210
3 2541 4043
1 3395
3 2778 4113
1 2892
1 3885
3 3486 4046
1 2535
1 1382
1 942
1 3433
1 4808
1 1352
1 2576
2 3056
1 2894
3 2615 3605
2 3367
1 2412
3 3857 4532
3 3437 3942
1 1112
3 4162 4410
3 947 2879
3 1969 2375
2 3275
1 4375
3 2193 2472
1 3655
3 3070 4160
2 653
3 538 4823
1 4428
1 2466
1 2934
2 1614
1 5
2 939
3 3350 4226
3 508 2774
3 4772 4820
1 1479
3 4586 4984
2 328
1 4295
3 324 4688
3 4549 4716
3 464 680
1 3347
2 4142
2 4320
3 3847 4348
3 1100 3200
3 3604 3789
3 189 2704
2 4789
1 631
2 4684
2 3458
1 3217
3 3218 3984
2 2788
2 4918
2 659
3 2239 3967
1 2076
1 3787
1 983
3 4679 4745
1 2535
2 1822
1 901
2 446
3 625 4855
2 4041
1 1423
2 739
3 3452 4380
3 2395 4632
3 4484 4797
2 1707
2 1532
1 2935
3 2166 2367
3 2695 2870
3 1947 4479
1 2750
3 3987 4740
2 4288
1 3062
2 2625
1 2231
1 4765
2 837
3 451 603
3 1045 2278
3 3191 4396
1 4443
1 2148
2 547
3 3592 4664
1 725
3 229 1709
2 1428
1 111
1 1796
2 4464
1 18
1 1740
3 4619 4712
2 786
1 3236
1 4967
2 3637
3 2822 3290
3 1748 2803
2 2289
2 3374
3 4835 4901
1 3359
3 4617 4969
2 2675
2 2376
3 1139 2292
3 3813 4112
3 2708 4292
3 2616 4335
3 3758 4570
2 4964
3 1593 4876
2 4517
3 2941 4979
2 4462
2 915
1 755
2 880
3 2579 2614
1 2019
2 293
1 4922
3 1589 2113
2 2994
2 3349
3 1390 3771
2 2524
1 1227
1 776
2 2024
3 2700 2960
3 1366 4401
2 2821
3 2015 4315
3 3948 4232
3 3188 4423
2 2443
1 3756
3 3492 4195
2 1912
1 2458
2 4541
2 3254
1 4439
2 4702
3 3616 4498
2 4827
2 4431
3 794 2424
2 3770
1 1922
2 1417
3 4768 4779
1 393
3 1682 3652
2 3900
2 4109
2 141
3 110 3289
3 1007 1027
3 4923 4988
3 4890 4978
3 1901 1939
2 3195
1 279
2 2127
1 3089
3 587 1119
2 2081
3 3231 4601
3 1400 1465
3 3772 3958
3 3789 4087
3 4900 4997
2 3294
2 1994
1 4900
2 2259
1 4852
3 3023 3077
1 1430
3 3743 4745
1 3386
2 2575
2 168
1 509
2 2206
2 526
3 50 589
2 4722
3 4646 4956
1 844
3 3845 4684
2 3843
2 2747
1 874
3 1029 1799
2 1460
2 691
3 711 4471
3 2125 2557
1 1104
3 3778 4255
3 279 2954
1 3496
3 906 1831
2 4105
1 2638
2 4894
2 2390
3 3247 4517
2 842
3 1081 2767
1 4283
2 2159
3 1557 4722
2 2495
1 4853
3 4246 4979
2 2978
2 3853
2 2124
3 791 4781
3 4344 4432
1 1724
2 2172
3 1954 3732
2 1430
2 796
1 431
1 3576
1 661
2 4197
2 2872
2 399
1 1009
1 4493
3 3426 4410
3 233 1769
2 4400
1 3174
3 3260 4052
3 2085 3830
1 961
1 4008
1 146
3 3588 3951
3 3728 3960
1 1425
3 754 3564
2 2306
2 1185
2 3288
2 2509
1 4306
2 489
2 1163
2 3906
2 1316
1 3059
1 1199
2 3477
1 4351
1 627
3 2444 4243
1 3628
2 2562
1 4129
3 4076 4894
1 2474
1 2227
2 3012
3 4610 4697
3 3605 4154
1 1926
1 2103
2 395
3 794 2021
3 4906 4987
2 270
3 2682 4285
3 3209 4848
2 638
1 2801
1 1078
1 565
1 1271
1 311
3 1406 1953
1 2073
1 2302
1 509
1 437
3 3120 4001
2 3389
2 3888
1 3621
2 4362
1 66
3 3852 4183
1 1116
3 989 3392
3 967 4908
2 3438
1 227
1 4186
1 4092
3 1849 2790
3 4873 4922
2 3018
3 3294 4179
1 257
1 2821
3 1738 2939
3 3532 4268
1 3543
1 4135
3 123 4016
2 4753
2 1079
3 1100 1813
1 375
2 743
2 4864
1 4096
1 651
2 645
3 1374 1606
3 3834 4048
1 4523
3 1516 2560
2 1918
2 3965
2 3724
3 2233 4002
3 3843 4429
1 2856
3 519 2024
1 2716
1 2594
1 2480
1 4312
2 50
3 1319 4207
1 727
2 4822
1 4034
3 4256 4960
2 2789
3 2731 4314
2 2749
3 3791 4747
2 3627
3 4336 4447
3 4554 4930
2 3572
2 3405
3 168 4624
3 69 1931
3 3442 3483
1 3079
3 3635 4881
3 15 2208
1 635
2 4664
1 41
1 4161
3 301 4465
1 3770
3 3438 4640
3 2903 3906
2 2491
2 1098
3 4311 4947
2 1355
3 3096 3874
1 1838
3 2713 4527
1 4531
3 2954 3019
3 3636 4239
1 2833
2 3481
2 3929
1 2918
2 1807
1 2523
1 533
3 3354 4008
3 3086 4266
3 1696 1809
1 4585
3 4581 4936
3 4267 4558
1 2138
3 4994 4997
3 2412 3410
1 1195
2 4939
3 1600 3463
3 2155 4102
1 1238
1 3755
2 2327
2 2468
3 986 4535
1 2975
2 4444
3 3349 4372
1 1355
1 3563
1 4174
2 1073
2 323
3 1914 2858
1 31
3 2729 2883
1 966
2 4487
1 952
3 1201 2482
2 1663
1 915
1 4678
1 3962
1 429
1 4914
1 1507
2 4123
3 4053 4218
1 489
3 4220 4504
1 4048
2 4842
3 3079 3394
3 2758 4031
1 4717
2 4494
2 3769
2 195
1 1045
3 186 428
2 4
3 1933 2195
2 3873
2 1740
2 4219
3 4211 4620
1 4273
2 2630
1 3326
2 3201
1 865
1 111
3 533 3786
2 274
1 3055
1 1525
3 4172 4301
3 2494 4124
2 1219
2 4213
3 1205 2941
3 3147 4924
3 3945 3948
2 511
3 2198 4049
1 401
2 2424
3 185 1879
3 2977 3305
2 591
3 2170 3551
3 602 2470
3 4183 4771
1 4090
3 1615 4936
3 836 3173
3 3599 4305
3 77 3408
2 3920
2 3312
1 883
1 2924
3 1270 2376
1 4617
1 3149
1 4926
1 158
3 3622 4084
1 1277
2 3880
3 591 1511
2 903
2 1828
2 2027
1 4984
3 3486 4490
1 2479
2 4595
2 4706
2 502
3 152 319
3 780 3558
2 4196
1 216
2 4978
2 847
1 2936
3 1300 2528
2 4266
3 3331 4625
1 1635
2 1843
2 3674
2 1038
1 1526
3 2132 2874
2 3256
3 611 3039
2 3287
3 1090 1742
2 4382
1 2518
2 4473
2 3796
1 4106
3 1348 1860
1 3585
2 23
3 3942 4227
1 1396
1 1409
1 423
3 4357 4751
1 476
2 1906
1 3349
1 452
1 4902
3 2298 3669
2 1675
1 4025
2 4541
1 483
2 4090
2 132
1 120
1 3584
2 1366
1 78
3 2936 3261
1 4295
3 2779 4165
2 3745
1 141
2 1606
1 1821
3 3249 3351
3 246 425
3 824 3055
3 3282 4352
1 334
2 3509
3 4734 4783
3 2123 4113
1 1930
2 2826
3 4123 4317
2 4232
1 2156
3 4344 4742
2 4262
2 1038
3 2177 2915
3 2411 3144
3 1440 3957
1 4739
1 1999
1 1241
1 2039
2 3236
2 2290
2 1118
3 1683 2041
1 3312
3 2674 3665
2 538
1 175
3 235 3427
2 2471
1 4799
1 4747
3 4690 4814
1 3047
2 3201
3 4250 4987
1 4010
2 265
3 1637 4955
1 600
3 4806 4880
3 1983 3317
1 1504
1 2275
1 4635
1 2593
2 1982
2 1676
1 4130
2 1469
3 3757 3969
1 3134
2 4211
1 2437
2 2605
1 2411
3 3421 4770
3 4940 4978
1 4564
3 3366 3435
1 2845
2 3369
2 1215
1 1273
3 480 3471
3 858 2932
2 1860
1 1289
3 804 3033
3 4741 4990
2 2632
3 1491 4612
1 658
2 2027
1 4559
2 2262
3 1382 2852
2 1107
3 47 1478
3 1361 1768
3 4314 4916
2 3419
3 780 1049
1 1731
2 1871
3 2655 4287
1 3850
3 1797 2162
2 1209
1 3600
2 2016
3 3708 4296
1 2512
2 4584
2 4122
3 4432 4674
2 4679
3 1144 2566
1 4087
3 2454 4788
1 2386
1 2464
3 2046 3335
3 4108 4449
1 4488
3 233 4203
2 37
3 1084 3210
2 4974
2 775
2 3628
3 425 4572
2 3775
1 1937
1 2796
2 4659
1 4309
2 4419
3 573 3474
3 1043 4405
1 2774
1 4540
1 1764
1 926
3 767 2681
1 2302
2 357
3 1090 2685
1 4157
1 4274
3 2605 4459
2 1661
3 4059 4892
1 2705
2 3083
2 1733
1 3511
2 2510
1 4825
3 588 4023
3 1977 3749
2 460
2 4137
1 1764
3 477 2117
3 4330 4659
1 4943
1 1395
3 3044 4530
2 167
1 2111
3 59 3115
3 604 844
2 63
2 2060
2 3319
3 4158 4616
3 276 4360
2 1193
3 1635 4615
1 2814
2 1823
3 3889 4842
1 4006
2 1921
3 501 2489
1 4525
1 4726
2 2870
1 999
3 1101 3322
1 3523
1 2098
3 3302 3727
1 4352
3 3155 4688
1 3495
1 3152
1 3073
3 3170 3704
3 881 1465
2 1784
3 1255 3432
2 2200
1 4036
3 324 742
2 3872
2 471
1 1207
1 3079
3 2971 3817
2 1966
1 871
2 750
3 488 1292
2 1423
2 1253
1 1139
2 1468
1 3780
3 3818 4767
1 4742
1 4341
2 2679
1 4670
3 4598 4667
2 965
3 4054 4735
3 4350 4547
2 3834
2 4029
2 465
2 3705
3 4522 4717
2 2842
2 3631
2 1771
2 477
2 3905
1 4577
2 990
2 1129
1 3492
1 3884
3 4041 4467
1 40
2 637
2 4752
2 1935
1 3303
1 2610
2 1029
2 4449
3 1359 1676
2 3851
1 3842
1 2387
2 2935
1 1400
1 1618
1 4285
1 3278
2 1048
3 245 3834
1 3517
3 4692 4745
1 1157
3 2809 4560
2 2103
3 3285 3758
2 699
3 4003 4022
2 2478
1 3914
1 1432
2 4268
1 982
2 2039
2 4687
3 3942 4266
3 3798 4410
1 4536
1 4843
2 1977
3 3878 4805
2 416
2 3967
1 735
2 1637
3 3279 3549
3 1992 2058
3 2255 3863
3 3803 4269
1 3072
2 1071
1 3002
1 4260
1 3968
3 4195 4570
3 4655 4808
2 863
3 211 1064
1 2528
3 2924 4546
2 1015
3 1601 3667
3 2455 2672
2 3218
3 2806 4736
3 3035 3552
2 3145
2 4037
3 3604 3837
3 4797 4940
3 4227 4407
3 3271 4406
3 1740 3033
1 823
1 2032
3 1424 4396
1 1507
2 1849
1 4964
1 4392
1 3550
1 2427
2 1419
3 2451 4516
2 2362
1 3708
3 538 564
3 1206 2277
3 1629 4979
1 1199
1 902
1 1990
2 4662
3 4712 4861
1 1893
3 284 2958
2 4732
1 3781
1 771
1 4479
3 3906 4809
2 4583
2 4028
1 1908
2 3387
2 2164
2 163
2 1031
2 2859
2 3509
1 4523
2 3277
1 1562
1 3917
3 4460 4879
3 4235 4622
3 3551 4570
2 2121
1 2361
2 790
1 2478
3 3140 3395
1 969
2 3543
3 21 4514
3 4055 4975
3 951 4899
2 3459
1 4733
3 3486 3937
3 1924 3788
1 4903
3 1771 3981
2 2998
1 2749
3 471 2850
1 3664
3 4902 4999
3 455 2131
3 1313 4648
3 4575 4915
2 1885
3 355 2785
2 603
1 955
3 889 3830
3 1765 2698
2 1294
3 2858 3951
2 3679
1 2042
3 669 928
1 112
1 536
1 3547
1 2851
2 4262
1 4625
1 1756
3 3409 3756
2 1644
3 1669 4563
2 84
1 3870
3 3854 4049
3 3222 4410
1 2745
3 4995 4997
3 4442 4692
1 2665
3 70 2868
1 594
3 4896 4956
1 3515
1 1266
3 1269 3008
2 4648
3 4518 4784
2 445
2 1052
3 753 3738
3 507 755
3 2479 4893
3 2255 3878
1 4404
3 3413 4019
2 4569
1 2853
2 3380
2 4990
1 983
1 3186
1 4234
1 4050
1 4738
2 4976
1 3978
3 2238 2569
2 4776
1 3628
3 1427 2273
3 1202 1293
2 3704
2 657
1 4218
3 3552 3593
3 4142 4938
2 1121
2 1486
2 2868
1 820
2 2761
3 1583 4410
1 2522
2 2110
3 2834 3695
2 639
2 581
2 3576
3 468 2602
3 2564 4735
3 135 2404
3 1742 4539
2 3657
3 3596 4843
2 2649
3 1646 3202
1 4786
3 3730 3755
2 1387
3 2819 4949
3 21 2596
3 564 3290
2 2735
1 4674
1 765
2 327
3 3344 3920
1 151
1 4500
2 1090
2 1121
2 300
1 571
2 4781
1 1512
1 2554
2 1340
1 3688
2 2848
2 1622
1 4001
1 4177
3 1848 3792
1 136
3 3836 4729
3 1838 2851
3 504 2183
2 2611
2 4859
3 3007 4529
3 4795 4879
3 3872 4289
3 2514 4313
3 2989 4236
3 2106 3299
3 1508 1605
3 2033 4686
1 2593
3 4860 4885
3 2804 4826
1 3137
1 3940
2 2728
1 934
3 263 2970
2 1632
1 2839
3 4872 4908
3 2429 3440
2 2073
2 543
2 4926
3 4014 4451
3 2270 2910
2 4106
1 1299
3 2606 4996
3 1437 2999
2 331
3 4042 4892
2 1259
1 1728
1 1610
1 1214
1 2746
2 4946
3 4062 4614
1 2738
3 3794 4025
1 1154
3 4002 4795
3 3103 4011
3 4806 4939
3 4235 4550
1 388
1 3504
3 4490 4650
1 3513
1 4274
2 2548
1 1007
1 327
2 850
2 1165
1 4254
2 1496
1 3261
3 3365 4258
2 2091
2 2417
3 3844 4419
3 4765 4977
1 3608
2 3290
3 3832 4836
1 2911
1 1980
1 4379
3 660 1940
1 795
2 2112
3 3767 4017
2 3770
1 3231
3 3938 4711
1 4198
1 3950
3 926 1471
2 3060
2 1039
3 3651 4221
2 1501
2 692
1 3578
2 779
1 125
2 1696
3 3883 4284
1 1136
1 413
2 3113
2 1049
1 3190
1 1963
2 3524
3 2031 3421
3 4555 4891
1 2667
1 15
3 750 2522
3 876 1351
3 545 3937
1 4416
1 4721
1 648
1 922
1 2812
2 1941
1 854
3 2185 4657
2 2116
3 1535 4752
1 565
1 4139
3 2098 4461
1 3871
1 2218
3 4019 4607
1 2147
3 2196 2298
1 45
3 1275 1761
3 920 1451
3 1775 2939
1 1614
2 360
3 148 1835
3 4213 4370
2 4015
2 4275
2 97
1 2186
1 4846
1 2096
2 952
3 4655 4981
3 2625 3394
3 3386 4972
2 2863
1 1542
3 3050 3982
1 4109
2 4502
3 753 2921
2 3850
2 1616
2 3081
2 2190
1 2076
2 4290
3 4504 4913
3 1227 3219
1 4084
3 3032 4583
1 4006
3 594 1839
3 619 2980
3 1253 3672
2 4758
2 789
2 2902
3 2456 3999
2 1895
1 494
3 1621 3927
1 1572
2 2652
3 2731 3669
2 236
1 2284
3 2261 3373
1 3315
1 607
1 3283
1 1742
2 4492
2 766
1 1357
1 3548
2 3454
3 1800 1947
3 541 4330
3 3413 3837
1 4140
3 3791 3983
2 1065
1 1893
1 1304
3 300 3926
1 3549
3 2207 2551
1 1067
2 3180
3 242 3539
1 1894
2 2948
3 4546 4915
2 162
2 4919
1 2966
1 761
1 1548
2 2051
2 2780
3 3262 3603
2 3319
2 3046
2 1618
2 1633
1 4231
2 4726
2 2729
3 2345 3279
2 1839
2 4833
2 398
3 3123 4898
1 3634
3 3745 4229
1 1410
1 3775
1 2480
1 1902
1 134
2 1576
3 4459 4485
1 1233
1 3692
2 3138
3 4095 4277
1 2514
2 3862
2 2504
3 1669 4191
3 60 3544
1 2731
1 3006
2 3505
2 1770
2 1953
3 1096 4001
2 1588
3 3239 4971
1 992
1 3883
3 1848 2384
1 971
2 1113
2 2920
3 2472 2834
2 291
2 4775
1 3830
3 2522 3395
3 4227 4861
1 2536
2 4919
2 2825
3 1439 1566
1 290
3 3617 4888
1 2932
2 4028
1 4183
3 674 813
1 658
3 632 4128
1 2645
2 284
1 760
1 2161
3 3462 4932
2 2001
1 4455
3 4219 4707
3 237 3106
2 829
2 247
3 4768 4770
1 1828
1 2664
1 2486
3 2705 4123
2 3080
3 2577 4949
2 1424
1 3746
2 808
3 701 3798
2 1233
1 2550
2 2901
1 1957
3 2147 3323
1 3015
3 2371 2923
3 489 4365
2 3989
2 1871
3 3907 4744
3 864 3019
2 1871
1 2628
2 2629
1 2873
2 1563
1 1417
1 819
3 4979 4995
3 458 2812
1 686
3 1125 2952
3 1373 2866
3 1607 3349
2 1938
2 710
2 3039
3 1467 2980
1 973
2 434
2 810
3 4805 4934
2 3399
1 2254
3 1747 1894
1 4893
3 3458 3884
3 2596 3365
1 4564
1 1530
1 1017
3 840 1608
3 346 4235
1 945
2 4745
2 400
1 1755
1 4859
3 3396 4309
2 4136
3 2752 2960
3 1630 2905
1 1177
1 145
1 3388
3 986 1962
3 1882 4531
3 1292 3230
1 4877
2 4831
2 301
2 2136
2 4464
1 3941
3 4629 4888
1 2717
2 3017
1 519
2 1925
3 4533 4820
2 3313
1 852
3 4638 4958
3 1796 2930
1 3059
3 928 3956
2 2824
1 314
1 3054
2 3818
1 4441
3 1856 4829
1 3457
2 2489
3 357 3056
1 2389
1 3937
3 1638 2390
1 1597
3 1405 1498
3 2528 4190
3 1841 4162
2 4788
2 1453
3 4296 4880
3 4447 4927
3 940 2035
1 4076
1 1176
3 4761 4768
2 4465
2 2519
2 468
2 1093
2 1554
2 3881
1 2012
1 4232
3 2871 2983
3 1263 3532
2 2955
2 2712
2 3820
1 3729
2 3634
3 4655 4757
2 4016
2 1638
3 1757 3982
1 3390
2 6
2 3214
2 1630
1 1370
3 3426 4625
2 2099
2 1089
3 4911 4974
1 1605
2 4803
3 3991 4929
1 3452
3 922 4296
2 1845
1 2437
1 2303
3 2047 4691
2 316
3 1073 4521
3 1587 1954
1 3802
1 4938
1 70
3 1721 1726
1 3057
3 568 4424
2 888
1 2930
3 4243 4566
2 4542
3 805 4091
3 3348 4875
1 4779
2 1468
2 946
1 1106
1 4028
1 3168
2 2707
2 1630
3 941 2338
2 3568
2 2618
3 4367 4887
2 2057
2 3849
3 4230 4923
3 4450 4843
1 2218
3 2403 4725
3 1622 4133
1 4867
2 4523
2 133
3 2065 2261
1 1533
2 117
1 2051
1 1427
1 2229
2 4090
2 2872
2 844
3 3439 4267
2 2615
2 1325
3 1687 2878
2 349
3 3900 5000
3 4879 4889
2 2012
2 21
2 3904
2 1583
3 1412 3762
3 551 1227
3 3244 4459
2 3072
2 4456
2 4332
2 1566
3 3817 4939
2 3166
1 2180
2 4761
2 2915
2 578
1 4963
3 1058 3754
1 842
1 2234
2 2166
2 2992
2 2518
2 694
1 2380
2 4543
1 4983
1 3786
1 1356
2 905
1 1212
3 4471 4766
1 580
1 2550
3 82 1563
2 4445
1 2648
3 1453 3117
3 3356 4649
3 2357 3883
3 2602 4644
2 485
1 4528
3 3574 4585
2 3011
2 4605
1 2120
2 3515
3 4445 4778
2 2830
2 4973
2 2119
1 2191
1 4541
3 687 1721
1 994
1 4366
3 3583 4321
3 18 4578
3 1671 1691
3 561 2594
3 439 1191
1 4662
2 3309
3 4070 4815
3 1727 2821
1 2771
3 2256 2625
1 4417
1 1155
1 3615
2 4374
1 4468
2 4367
3 274 804
2 2228
1 4291
3 3445 4851
3 3486 4291
3 2801 3714
2 3124
2 1586
3 2748 2817
3 3548 4306
2 4026
3 2170 2679
3 3940 4044
1 361
2 3131
3 3399 4428
1 4861
2 2563
2 3492
1 3139
3 1382 1666
3 322 4975
3 2658 4695
3 2592 4462
3 485 583
2 4535
3 4232 4886
2 505
2 3696
3 2095 4814
3 3809 4591
2 1622
3 4289 4565
2 2965
2 1446
3 2402 2954
2 4217
2 2344
3 3531 3777
1 2768
3 176 276
1 2845
3 2470 3446
3 590 3200
3 3444 3604
1 4229
3 1122 2953
1 2910
2 2782
3 2500 4699
2 176
2 2172
1 1904
2 559
1 2565
1 84
2 1682
2 1784
1 356
1 1908
2 4388
3 2262 4296
1 3184
1 4305
3 3518 4926
3 4252 4794
2 2231
2 2279
3 4908 4975
1 3671
3 3945 4857
1 123
3 3577 3856
1 3399
2 4545
3 3081 4936
2 2012
1 1983
2 1881
3 1785 4178
2 2363
3 782 2653
3 3047 3806
2 1118
3 3881 4210
3 585 2038
2 2092
3 845 3932
3 1882 3743
3 781 4458
3 499 4534
2 2739
2 3789
1 4166
1 2178
3 412 4462
1 4671
1 375
2 3488
3 4255 4970
3 1774 3095
3 1270 1480
2 2782
2 2439
3 4492 4541
2 4705
1 4971
1 3798
3 1174 4683
2 4863
3 360 4133
3 431 2147
1 2779
3 2845 3993
3 2388 3692
1 1477
1 3610
1 2552
3 4966 4975
2 3034
3 1988 3594
1 4801
2 4949
3 4731 4947
3 51 2831
1 188
1 3428
3 2030 2878
1 1643
1 2909
3 2798 4792
3 3373 4621
3 3917 4838
2 4870
3 1667 3378
2 3224
2 2841
2 4952
1 2491
1 4949
1 2345
3 3211 4325
2 1947
1 3621
3 652 2894
3 564 2623
2 716
3 1327 4346
1 2904
1 2258
1 3987
2 340
1 4295
3 4540 4679
2 2713
2 4434
1 1256
1 3590
2 3141
2 1355
2 4335
1 2509
1 400
3 2055 2687
2 2617
1 109
1 4875
3 4891 4941
3 850 4790
3 2425 4359
3 2353 4700
1 4726
2 2100
1 1686
1 1834
1 4268
1 3236
2 431
3 3909 4057
2 3493
2 754
1 1953
2 608
3 3867 4257
3 3063 4445
1 1406
3 1265 3350
2 4226
1 2165
2 723
3 1255 4859
2 4031
1 3361
1 1863
2 4363
2 2415
3 3332 3562
3 1577 3069
3 4894 4987
3 4641 4848
2 3584
1 1659
3 2545 3125
2 983
3 4866 4973
3 506 969
2 2307
2 4352
2 2213
2 139
2 3545
1 4262
2 3052
3 3616 4218
2 740
3 3168 3828
3 2235 4443
2 3255
1 3869
2 4594
3 1422 2012
3 88 4761
3 3164 3272
2 1518
1 528
2 397
3 273 4348
1 2942
3 3506 4338
2 4463
1 3790
2 3139
3 3812 4470
3 3530 4595
2 1713
2 2925
3 152 3885
1 588
2 2791
1 4645
3 4359 4627
1 2592
3 2877 3161
3 2348 4003
3 4739 4903
2 569
3 441 3129
1 580
2 281
3 2639 2942
3 1969 2813
1 4948
2 1068
1 726
2 1943
1 4074
3 345 2372
1 3801
3 1074 2677
1 3372
2 615
1 4576
3 687 3886
3 3565 3722
3 184 2972
2 3502
1 4658
1 140
1 2857
3 672 1732
3 3266 3352
3 694 4991
3 1329 4743
2 3315
3 4994 4998
1 1436
1 4356
3 2350 4677
2 1765
2 2324
2 4280
3 3290 4325
2 2281
3 4621 4870
3 3632 4935
3 2464 3970
1 467
3 3125 4186
1 4029
3 2408 4998
3 4104 4250
1 3403
1 2291
3 1275 1794
3 4760 4958
1 2870
1 4525
3 3256 3334
2 3905
3 770 3722
2 1500
2 381
3 1260 2862
1 2527
1 3691
3 2977 3952
3 1470 1654
3 1444 1710
3 2284 2297
2 4296
1 2688
3 4669 4965
1 4424
1 3783
3 3189 4139
3 2284 4081
1 4769
1 4375
2 2295
2 2472
2 2676
2 4957
2 3678
1 1781
3 1163 2251
2 1323
1 2178
1 1166
1 4763
2 1225
3 4198 4449
2 4784
2 3639
3 2500 4527
3 462 4866
1 501
2 1738
2 583
3 332 4747
3 4885 4962
1 3246
3 880 1009
3 303 3010
1 4350
3 3465 4761
2 2821
3 3392 4604
3 3558 4894
3 296 4362
2 1506
3 3190 3353
2 1922
3 3950 4568
3 1581 3329
2 3624
2 2049
3 1033 1506
2 4978
1 219
3 3758 3760
2 808
2 2758
3 4937 4978
1 2397
1 3604
1 2411
2 1356
1 826
1 2239
1 3526
2 4813
1 3502
3 365 4711
1 4632
1 1633
2 3360
3 3095 4808
1 15
1 3009
3 102 2664
2 3383
2 1186
1 2708
2 2973
3 3413 4017
3 3509 4053
1 2110
2 1857
3 2287 4567
1 2904
2 4829
1 859
1 1432
1 515
2 3957
1 2972
3 4972 4983
3 105 4372
1 4795
3 730 2139
1 1239
2 3471
2 1223
2 174
2 897
1 3913
1 1428
3 1918 3912
2 3462
3 3239 4628
3 1548 2621
2 1048
1 4999
3 4677 4989
1 1634
1 3931
2 2014
2 2965
1 1450
1 3443
2 235
3 2498 3555
1 1256
3 1667 2417
2 4005
2 4049
3 2577 4586
2 559
2 3345
1 4665
1 3368
2 2436
2 2868
2 3221
1 3043
2 1415
1 4047
1 2082
2 4598
2 1749
1 1518
1 2186
2 3308
3 4722 4963
1 4126
3 806 4652
3 2024 2963
2 3815
3 1451 2834
2 270
2 281
1 2875
3 2155 2327
1 945
3 4473 4874
1 1329
2 3428
1 4653
3 126 960
3 3715 3763
3 4987 4997
2 4452
3 1377 4258
3 184 608
1 1846
3 1448 4267
2 2223
2 970
1 3017
3 3455 4017
1 2796
1 4233
2 1121
2 2702
1 4025
3 470 4060
1 1426
1 4244
3 4695 4987
2 859
3 1043 4741
1 4882
3 4693 4701
1 1766
1 3572
3 1162 1655
1 3943
1 4309
2 1003
2 3696
3 4147 4158
2 2048
3 3997 4401
3 3996 4881
2 3642
1 3765
3 2576 4872
3 3335 3594
2 2954
1 4941
2 14
2 3862
1 1118
1 796
2 1960
1 293
2 2676
2 753
1 2830
1 155
3 2274 2680
1 3043
3 4318 4789
1 804
3 108 4295
1 4392
1 1184
3 2575 4785
1 2095
1 1301
3 3136 4280
3 4331 4986
2 2095
1 3229
3 907 2717
1 1172
2 1220
3 2920 3039
3 3081 4769
2 2183
1 3982
1 4741
2 4331
1 3165
3 4302 4520
1 1318
1 2939
1 4986
2 3614
1 1861
1 4800
2 3753
3 2925 3779
2 987
1 411
2 991
1 3745
3 2154 4957
2 535
3 1455 3272
1 142
1 1924
3 2105 4998
2 542
1 4099
2 3480
3 1675 4299
2 3089
2 3597
1 3226
2 4958
3 1528 1726
3 3134 3804
1 1185
2 3949
1 2830
3 3925 4091
3 3873 3917
1 3202
3 3543 4784
3 325 3842
2 4449
2 870
2 2682
1 146
3 4052 4624
3 3540 4192
2 1022
1 78
1 2184
2 4415
2 2439
3 4844 4851
2 2593
3 787 2513
2 1232
1 2723
2 1833
1 3706
1 4948
2 2657
3 2564 3416
3 2635 4993
1 4494
1 977
1 2411
2 1459
2 307
2 4382
2 128
1 1831
1 4879
2 1803
1 1468
1 3972
3 3157 3852
1 2016
2 3167
2 703
2 4039
3 1021 2089
2 4680
3 3155 4085
2 265
2 399
2 4975
2 1079
3 3428 3901
3 475 3474
2 2475
2 389
2 3019
3 3696 4065
2 3578
2 878
3 459 722
2 412
1 2317
2 4712
2 2382
1 3416
3 261 2491
1 109
2 4637
2 3927
3 3155 4649
2 245
3 4393 4798
1 4992
2 3491
3 4535 4905
2 4738
1 4348
2 1603
1 4712
3 3951 4703
1 3536
1 108
3 3928 3939
2 663
1 4471
2 3982
2 3963
1 1181
1 1185
2 2916
3 3533 4387
2 4156
2 1568
1 608
3 1185 4380
1 136
1 773
2 230
1 4281
3 3089 4084
1 2555
3 3083 4264
3 4421 4632
2 244
3 676 1542
1 589
3 1116 1911
3 4123 4579
3 3915 4196
2 2745
3 2202 2824
3 997 1884
1 199
2 4298
1 3632
3 2096 4617
1 2545
2 3128
3 2386 3769
2 4692
1 4843
1 677
1 1751
3 4212 4216
1 4721
2 3072
1 1983
2 4170
2 3071
2 3244
3 2636 2997
3 4111 4800
3 36 1560
2 1877
1 4408
2 3030
2 4815
2 3245
1 2887
2 1738
1 4825
2 1121
2 711
1 3614
3 2686 3003
2 1248
1 2662
2 1887
3 4236 4726
1 1966
3 4668 4995
1 2526
2 2999
1 3699
1 1039
3 4524 4835
1 2835
2 3978
2 1159
2 3915
2 4804
1 2141
2 3730
1 1009
1 3281
2 420
3 25 747
1 3770
1 1804
2 184
1 2998
2 1688
2 2939
2 167
2 3298
1 3279
2 1860
3 3310 3824
3 45 4818
1 936
2 362
3 4491 4510
2 4
1 3225
2 4991
2 396
1 2395
2 946
3 2644 4556
1 4493
1 1366
2 2762
1 1976
3 256 2681
3 4766 4874
2 3559
3 3992 4683
1 3296
2 3908
3 3429 4278
1 2093
1 2624
2 126
3 4685 4924
3 2761 2772
1 91
2 863
2 4252
1 930
2 3374
2 4091
2 1308
3 1039 4788
3 4514 4821
1 2003
2 1234
2 3190
3 2387 3795
1 806
3 4839 4956
1 951
1 3295
1 3648
2 3919
1 2727
3 4406 4962
3 3671 4531
3 200 1574
1 3699
2 1057
3 4856 4879
3 822 3811
3 998 2508
1 2029
1 3501
2 2304
1 1677
2 2949
2 2683
2 3138
1 4852
1 1976
3 3579 3855
3 3724 3834
1 132
3 382 3496
1 2022
3 455 4121
1 3528
1 1303
1 3752
1 2620
3 491 1674
3 766 3336
2 3098
1 4229
3 3517 4582
1 817
3 2081 2404
3 2832 3717
3 2939 4166
2 1815
3 2874 3021
3 220 2952
1 4273
1 3612
1 4383
1 2443
3 2555 4214
3 2963 3302
3 4808 4925
2 1490
1 4888
1 190
3 3790 4469
3 550 3830
1 4902
1 1909
2 4399
3 267 3356
3 3513 4787
2 4929
1 1334
1 106
2 4067
2 2799
3 3746 4899
1 3192
2 4488
3 2030 2776
2 1625
1 383
2 3217
3 158 4366
1 1912
2 4970
3 4031 4713
3 3473 4644
2 1222
2 4489
3 2876 3794
3 4122 4320
2 1268
1 3145
1 1517
1 3858
1 3944
1 1388
1 4979
1 1055
3 4849 4919
3 252 3854
3 3300 4578
2 4540
3 382 4751
2 3102
3 4972 4979
2 2274
1 1795
3 3020 4509
3 3571 3806
3 4505 4606
3 2800 3369
2 4256
3 4274 4662
2 3954
2 558
2 4314
3 1260 3834
3 3977 4009
3 2335 2567
1 1450
3 1270 1795
2 2857
2 715
2 1006
3 4549 4625
3 4578 4694
1 1695
1 3438
2 4456
3 7 188
3 2299 2819
3 3663 3806
1 456
2 3882
3 3095 4146
1 4261
1 4729
3 1540 2373
1 1593
2 4024
1 4769
3 1964 3788
2 2000
2 2942
3 1048 4939
3 1768 2188
3 3255 4804
3 4369 4687
1 2835
3 3605 3717
3 1192 4240
1 1314
3 3882 4277
1 1274
2 894
1 4065
3 2317 2762
3 1424 4730
3 4426 4556
1 537
2 2411
3 4999 5000
2 4757
3 2308 3723
2 733
2 3075
2 1066
2 770
2 2735
3 1264 2427
3 3745 4230
1 1601
3 4738 4860
1 2461
1 1476
3 1520 3302
2 310
2 2659
1 4276
1 4485
1 4532
3 571 1255
2 3598
3 2834 3550
3 2145 3940
2 330
1 4874
2 2786
3 2358 3488
2 3519
1 709
2 2354
2 3582
2 2740
3 2319 3648
3 4891 4953
3 1110 2203
2 2962
2 100
3 2210 3029
1 3615
2 4783
3 1178 4772
1 367
1 58
2 3970
3 882 4827
2 4486
2 3688
3 2733 4105
1 4738
2 3693
1 4439
2 4445
1 3356
1 3370
1 1650
1 96
1 228
3 1473 2505
2 1140
1 4625
3 4368 4957
1 2195
3 3124 4857
1 1240
3 2715 4394
2 1804
3 3968 4766
2 4104
3 472 3820
2 616
3 3420 3455
1 4479
1 3077
1 1887
2 3164
2 4682
2 1582
3 2389 2569
2 2527
3 2084 3300
3 4977 4993
3 483 3034
2 4813
3 4676 4847
1 3398
1 4500
3 114 2988
1 12
1 4283
1 4995
1 3417
1 2531
2 1494
2 3769
3 706 4870
1 1205
3 329 2102
2 4952
3 155 3880
1 1516
3 3558 4739
2 4909
3 1164 4871
3 1390 1544
2 575
2 2069
1 3084
1 4576
1 4896
3 1906 3094
2 1158
1 3278
3 3749 4908
3 2530 4625
3 4129 4644
1 840
2 3419
2 2177
3 840 1481
1 757
1 4276
3 3703 4954
3 4524 4555
3 288 3278
3 714 3627
2 4111
1 3375
2 319
2 2364
2 3916
2 850
3 3324 4143
1 2763
1 753
3 2630 4716
1 4612
3 4454 4714
1 111
3 1462 3996
3 350 4159
1 3689
1 2883
1 1241
3 4854 4929
1 1146
3 727 3281
2 1484
3 77 3238
3 2965 4433
1 310
3 2143 2842
1 4438
1 986
2 546
2 1468
2 1318
3 3215 4065
1 473
3 1045 2091
1 2575
1 497
1 4495
1 1195
2 3568
2 4716
2 3604
3 2605 4638
1 1698
3 2806 4824
3 1602 3028
2 4237
2 1764
3 3855 4070
2 2635
1 2015
3 1438 3299
3 1931 1939
1 203
2 971
1 2804
1 448
2 4996
1 4477
3 416 2819
3 3011 3741
2 267
3 4238 4689
2 4860
3 4531 4758
2 3457
3 2962 3721
1 3635
2 1317
3 787 3302
3 400 3443
3 1717 3530
2 2857
2 2674
2 3636
2 627
3 3519 3616
1 4525
3 4019 4495
1 3156
2 3408
1 2375
1 84
2 4311
3 182 709
3 935 1916
1 2414
1 3440
2 1758
2 2155
1 3720
3 4842 4873
2 4285
1 2010
1 1130
2 3709
3 343 465
1 1002
2 3800
2 3545
2 740
3 3517 4114
1 2337
2 3010
3 1783 3713
2 81
2 3975
2 3415
3 4824 4895
3 3385 3845
3 4464 4891
2 3025
3 2084 4604
1 1718
3 1232 1731
1 3010
3 818 2813
2 1196
2 369
1 9
2 1360
2 4708
3 4817 4925
1 1236
2 671
1 821
1 3432
3 348 1879
3 4120 4326
1 3559
2 3017
2 3290
1 2274
1 2980
2 674
2 1418
1 4528
2 3307
2 652
2 4355
2 1120
2 2218
1 226
2 2265
3 3892 4606
1 1289
2 2856
2 3919
2 3360
1 1799
3 1624 3609
1 3340
3 4934 4974
2 2394
3 1826 2347
1 133
3 1368 3640
2 720
1 3719
2 1829
2 1570
2 1882
1 328
3 3720 4779
1 3619
2 3528
1 1361
3 4296 4559
2 1763
2 3794
3 3991 4158
3 3838 4876
1 173
1 2959
3 1095 3545
2 3893
3 2284 2819
2 1884
1 3712
1 596
2 4276
3 3954 4230
1 4030
2 4931
1 3332
2 45
3 1485 4347
3 1200 3740
3 2869 4822
2 158
3 2658 3811
3 4842 4997
2 1455
2 3728
2 1945
3 1271 2032
1 201
2 458
1 441
1 4064
2 723
3 1933 3101
2 2403
1 1860
3 167 3978
2 3092
3 2005 4549
1 1228
3 3171 3947
1 4603
1 714
2 764
3 671 1409
2 1805
1 2264
1 2163
1 2862
3 1967 4670
1 3546
2 3319
2 3556
2 2749
3 1616 2855
1 4450
1 2074
3 4679 4786
3 1098 3937
1 2752
2 3266
1 2769
1 3542
3 4812 4822
3 2378 4248
3 4189 4735
2 3982
1 2734
2 2044
2 1356
3 3503 3682
1 471
2 2867
1 1451
1 3511
1 2784
3 2816 3512
3 1289 2705
3 1811 2017
3 1863 4256
3 4543 4863
3 1603 1707
2 2140
1 264
1 3837
2 799
3 4574 4655
3 2733 3401
3 3473 4591
3 2758 2816
2 1811
3 1972 3216
1 2728
1 3414
3 1431 1622
1 3120
3 2775 4559
1 3418
3 1481 4871
1 4624
2 2913
2 3136
1 3221
3 2777 3004
2 4867
2 2101
2 2430
3 254 2875
3 273 1906
3 623 795
1 1837
2 3234
2 4599
3 3696 4428
2 4588
2 2573
1 2884
2 2588
2 2370
2 4497
1 4732
2 3185
2 4140
2 1749
1 473
1 1081
1 1826
2 1469
2 3590
2 3351
2 1259
1 879
2 1297
2 3522
2 1160
3 918 4954
1 4251
3 444 2835
3 3138 3777
1 4864
1 1133
3 4775 4931
1 2694
3 635 4044
1 2448
1 1513
2 1405
1 3092
1 3750
1 1629
2 4161
2 2055
1 2053
1 2125
1 1321
1 2183
1 45
3 1505 2599
1 3343
2 2877
2 111
1 244
3 4334 4470
2 4594
2 3024
1 4328
2 83
1 3486
3 467 1754
2 43
1 1588
2 3566
3 2078 2868
3 765 2249
2 3387
3 2571 3182
2 1856
1 1514
1 1802
2 3259
1 1722
1 4955
2 4294
2 1582
3 4750 4900
2 1989
3 2214 4270
1 3359
3 2928 3771
1 1804
3 3326 3327
2 571
3 2078 3068
1 1954
2 3376
2 719
3 946 2889
2 1430
1 115
1 3761
3 2952 4283
3 3737 3922
2 3908
3 2903 4750
3 1477 1843
1 1553
3 1232 4586
2 1214
3 171 2921
2 2017
2 2313
3 106 4365
1 127
1 4588
1 960
2 212
3 546 1976
3 1906 3667
3 4243 4550
1 966
3 2308 4540
2 971
2 4029
2 2286
2 4639
1 336
3 2808 3429
3 277 2411
3 2086 2433
2 4187
1 3380
2 1438
1 142
3 4182 4793
1 4350
1 2974
3 584 977
1 3679
3 230 925
1 3834
1 2076
3 1023 1203
1 3840
1 4034
1 2613
3 4557 4901
3 1744 2316
3 4776 4949
2 2876
3 2058 2213
3 2823 4083
2 4472
1 3205
3 3942 4652
3 3452 4170
3 4139 4321
3 2528 3608
1 4843
3 2012 2497
3 4916 4997
1 2611
1 3451
2 4637
2 3291
1 3487
2 1538
1 1000
1 4704
2 733
3 2520 3354
3 744 1695
3 3092 3215
1 3941
1 1739
1 3598
2 3233
1 3538
3 3710 4701
2 1080
2 4744
2 31
2 153
1 3889
2 164
2 2769
3 3396 4573
2 682
2 1499
1 493
1 1179
1 1104
2 593
2 609
2 3484
1 1933
3 1863 4691
1 190
1 547
2 2839
1 1502
1 4917
2 4984
2 4478
3 152 1307
2 1940
2 2807
3 3074 3633
1 3171
2 2293
1 3884
2 720
1 3349
1 1241
1 59
2 4607
3 1187 4716
1 3115
2 1846
2 2176
3 1924 3720
2 2194
1 1285
2 4216
3 1087 2181
2 3337
1 2286
1 2652
3 1810 3106
1 521
3 2976 3562
1 2962
1 1685
2 571
1 2422
1 3713
1 2947
3 3541 4309
1 4262
3 239 916
2 4533
2 704
1 3417
1 1278
1 1124
3 4191 4599
2 4288
1 2530
2 1566
2 4159
1 3745
1 2085
2 3727
1 4394
1 1800
2 3957
1 3422
3 3221 4062
2 3988
3 3290 3831
2 1858
2 3217
1 4506
1 2500
2 1916
1 2849
2 3990
1 2912
1 1654
2 4116
3 4921 4934
2 1313
2 4104
1 2741
1 167
2 4018
2 1466
3 2671 2945
2 3657
1 3076
1 1460
2 4293
2 282
2 1530
3 3469 3587
3 4014 4271
2 3131
3 388 3674
1 2350
2 1949
3 1925 4867
2 1115
1 2879
1 3627
2 1448
3 2368 4461
3 2854 3668
2 2205
1 3923
2 3497
1 191
2 1726
3 3654 4503
2 809
3 2386 4096
1 4672
1 3229
1 2971
2 125
3 789 4987
1 1874
1 4457
3 4810 4849
3 4914 4939
1 1890
1 3503
2 254
2 3118
2 2957
2 3202
3 466 665
2 2957
3 4480 4525
1 139
1 2120
3 905 4098
1 4394
2 3568
2 2262
3 3170 3292
1 3725
3 2159 4281
2 455
3 4742 4743
2 4690
2 4625
3 1352 2116
2 4183
3 2545 2723
3 66 4630
3 2824 4517
2 4265
1 2274
3 87 4683
1 2514
3 1215 3089
1 3035
1 3911
1 703
2 2226
1 1424
1 3972
2 3895
1 1249
3 1849 2479
3 3532 4697
1 4664
2 1235
2 4196
2 3407
1 4546
1 1229
3 4862 4927
2 3803
3 1920 2248
2 4258
1 2879
3 4761 4974
2 2888
1 253
3 4664 4948
3 388 3065
2 2259
2 901
2 4063
1 2808
2 2915
3 3624 4773
2 4879
3 932 4496
3 4485 4681
2 3445
3 1861 3897
1 451
1 2619
2 4204
2 1483
2 4768
3 483 591
2 4657
3 1085 3830
1 4190
1 2568
1 3561
2 1535
3 4561 4625
1 22
1 595
1 2897
2 4431
1 1660
1 2219
3 2433 3533
1 4110
1 3213
2 3118
3 1530 3132
3 2035 3834
1 585
1 3567
3 2330 2523
2 380
2 1084
1 4550
2 1228
3 1669 4466
2 1356
1 689
3 4466 4580
2 2279
3 247 4287
3 1855 3279
1 1341
2 4298
2 1530
2 1859
1 638
3 1472 3811
1 3373
3 592 2221
2 2907
1 3947
2 2074
3 2873 3561
2 4114
2 1497
2 1619
1 2332
2 4011
1 1523
1 1649
3 4628 4634
1 4527
3 1873 1971
2 3776
1 3588
1 3551
2 2273
1 1157
2 407
1 874
3 2719 3884
3 3568 4387
1 3143
2 76
1 4920
2 1995
2 3704
2 620
2 4055
2 2316
2 4109
1 1520
1 2476
1 3448
2 2915
2 2137
1 247
3 1682 3324
3 3814 3915
2 4554
1 1562
2 2404
2 66
2 3201
1 2292
3 3415 3562
3 787 3603
3 1000 2290
2 2821
3 169 4009
1 684
3 954 4464
2 1564
2 2620
1 4129
3 4509 4813
2 1767
3 1942 4121
3 3766 4119
3 3555 3895
2 499
3 3060 4497
3 474 3340
2 1243
1 4937
1 1954
3 4092 4899
3 4839 4985
1 3425
1 4801
1 1938
3 2971 3444
3 105 3265
2 4701
1 3296
2 1995
2 931
1 2014
1 2329
3 11 1251
2 908
2 532
2 178
2 843
3 4278 4933
2 2065
3 3017 4213
1 3802
1 2160
3 3209 4011
1 4858
2 248
3 1275 1512
2 280
2 4696
1 2669
3 3844 4500
2 1653
1 615
2 4116
1 2155
2 4251
1 4625
1 3283
1 1746
3 1113 4520
1 700
3 1374 2620
1 4267
2 2912
1 406
2 1999
1 4139
3 615 1201
2 222
3 1413 2145
2 1498
2 4749
2 2361
2 606
1 4641
3 423 3145
3 4152 4817
1 2283
2 1234
1 4679
3 2173 2427
1 2607
3 3785 4190
2 275
1 2188
1 1142
3 3249 3362
1 3164
2 3733
2 2773
1 2612
3 4210 4400
1 3869
1 65
2 3024
3 4134 4582
3 1715 3844
3 4085 4604
2 868
3 3442 4035
3 4447 4594
2 2990
3 1346 1576
1 4091
2 4003
2 1513
2 3351
3 3686 4166
3 4154 4465
2 2421
1 2969
2 3458
3 4524 4722
2 2639
1 1602
3 4441 4891
1 1808
3 4142 4615
1 486
2 4420
1 991
3 1415 1636
2 1150
3 2182 4773
2 1804
3 1029 3210
3 951 3123
2 2003
3 4635 4788
3 3301 4921
3 2482 4128
2 3917
1 952
2 1890
1 857
1 1884
1 588
3 3455 4276
2 2714
2 1764
2 4332
1 3255
1 3174
1 4737
3 3848 4354
3 50 1383
2 2905
1 1813
1 2565
2 2992
2 161
1 4069
3 2407 4451
3 728 1450
1 258
3 4480 4689
3 1898 1917
2 1935
2 1502
2 644
2 1775
3 4320 4931
1 1780
2 1651
2 1204
2 4603
1 2042
1 2711
2 587
1 3880
3 3079 4634
3 588 4458
3 3921 4832
1 264
3 4552 4682
1 830
1 1845
3 3618 4107
1 242
2 1725
2 1316
2 3291
1 3418
1 4118
2 4979
1 2925
3 4237 4703
3 4405 4845
1 196
3 4443 4705
2 3271
1 987
1 3715
3 2705 2950
3 3573 3650
1 946
1 1620
3 1676 4107
2 2838
2 1266
2 4724
1 135
2 3347
1 2145
2 4177
2 2307
2 2218
2 3067
1 609
2 3566
2 1674
2 1282
2 1026
2 4167
2 1503
3 2780 2901
3 4006 4648
3 1080 1671
2 732
2 92
1 1932
3 3772 4036
1 1581
3 3494 4633
3 61 361
3 863 3872
3 261 881
3 4761 4771
3 2392 3821
3 1584 4377
3 4822 4849
2 2129
3 1607 4453
3 2057 4367
2 277
3 2851 4289
3 1465 1977
2 399
1 812
2 233
1 4412
3 427 2618
2 860
3 3604 3856
2 2136
3 4141 4560
2 4912
3 2694 3583
2 486
2 2963
1 273
3 3996 4096
3 190 1800
1 4145
1 4935
3 4647 4943
2 916
2 4361
2 4316
2 3880
2 704
3 4071 4639
1 4470
3 2979 4125
2 874
2 2819
2 1749
2 3549
3 3396 4123
1 2805
2 3078
1 4759
3 3536 3890
3 2875 3489
3 4540 4757
3 556 1257
3 313 1771
1 1820
3 360 615
3 4310 4944
1 2956
1 2316
1 947
2 875
2 4442
3 1007 3842
2 2737
3 4151 4367
3 2321 4591
2 3089
2 2686
1 678
1 2651
2 1713
2 4306
2 1679
3 2121 3256
1 1509
1 2593
3 3649 4639
2 1134
3 4400 4417
2 3863
3 2570 3786
3 680 3424
3 1572 2531
3 2774 2796
2 2104
1 1819
1 3538
2 4376
1 3151
1 2294
1 2635
2 473
2 2446
2 278
3 2368 4595
1 3583
2 167
3 2434 4306
2 2377
1 1241
3 4780 4823
1 1557
2 1189
3 181 517
3 1245 3606
2 6
2 864
2 1179
3 3437 3497
2 4202
2 1009
3 4398 4987
1 394
1 2020
1 3438
1 3192
1 1988
1 1915
2 1756
3 4795 4986
1 397
3 3174 3702
1 2930
3 3051 4924
1 4352
3 952 3245
2 413
1 2116
1 872
3 115 695
1 3057
1 780
1 3869
3 2030 4928
3 3421 4045
3 3957 4674
2 541
2 4931
2 4781
2 1784
3 521 4489
1 4773
3 3696 3743
1 803
1 2724
3 3300 3497
3 4973 4988
1 1006
3 2989 3653
1 3130
1 533
1 652
3 369 2507
3 3004 4905
3 29 3659
1 236
1 4460
2 3494
2 101
1 548
1 3526
3 2016 2058
2 2054
1 3507
3 2505 3378
3 1837 4931
3 3086 3834
1 4876
2 2330
3 4322 4965
2 3090
1 3734
3 3712 4240
2 3951
2 2456
3 2540 3887
1 4003
1 2964
1 1847
2 1097
3 1637 4526
3 2373 4472
3 3066 4164
2 3107
1 2439
3 786 2270
3 379 3415
2 4299
3 4256 4258
1 1862
1 1671
2 2106
2 4806
1 2991
1 2907
2 1376
1 4942
3 4772 4967
2 1026
3 2291 4393
3 3324 3739
3 4249 4636
3 908 3844
1 2081
3 3303 4581
2 4252
2 3709
3 2566 3323
3 2751 3064
2 792
2 4375
3 1212 3035
3 2298 2335
1 4735
2 2405
3 4486 4670
2 4704
3 3096 4397
1 2676
3 2815 3908
1 3538
3 4864 4982
1 820
2 3548
1 2335
3 2347 2904
1 3364
3 4196 4837
2 537
1 4409
2 3749
1 4677
1 2983
3 285 1872
1 1504
1 3212
2 3919
1 257
2 3699
1 185
3 2755 4555
3 2218 3141
2 1363
2 3249
3 1524 2400
3 4611 4937
2 3925
2 3164
3 2353 3110
3 3899 4288
3 4660 4932
2 2847
2 3458
3 4402 4403
3 4851 4871
2 393
2 774
3 3391 4920
1 2434
3 4665 4805
1 3475
1 4022
2 1950
2 4133
1 772
3 2245 2848
2 809
2 1117
3 3236 3592
3 1517 3155
3 3589 4789
3 3932 4149
1 737
3 386 2315
3 3855 4941
2 77
2 2597
1 819
1 932
3 2786 4589
1 452
2 1156
3 544 1339
3 3807 4289
3 3200 4969
1 1601
2 2086
1 1512
3 1411 3964
3 1974 2678
3 106 2371
1 4398
2 2078
2 3978
2 1947
3 4360 4522
3 4640 4677
1 4694
2 3722
1 2923
3 752 3064
2 4457
2 1467
3 3903 4528
1 469
2 3440
3 1947 2461
3 1439 3290
3 4512 4517
1 4128
3 2261 4252
2 3810
1 3182
3 2025 3869
2 3850
1 4285
2 526
1 1989
1 68
1 3150
3 2133 2571
1 4477
1 502
3 606 954
2 772
3 3431 3830
1 2234
2 734
1 2467
2 1176
1 3494
1 2368
3 3392 4712
1 810
1 3553
1 4344
1 4571
2 1020
2 3401
1 2291
1 3302
1 2951
2 3769
1 1640
3 158 1425
2 4186
1 460
2 1709
3 911 2725
2 3436
2 2281
2 1598
3 2909 4566
3 1018 3755
3 2455 4686
1 1786
1 2921
1 3484
2 3363
1 2426
1 1762
3 3811 4507
2 2578
3 3066 4775
2 3976
3 1448 1983
1 3574
2 4758
1 4566
3 2626 4670
3 2265 4128
2 1956
2 4056
3 2318 3390
1 3962
1 2072
3 46 3844
2 4815
3 3923 4844
1 4537
1 1760
2 3933
1 750
2 349
2 3890
2 949
2 1564
1 3293
1 1889
3 3139 3935
1 1653
2 4025
2 2075
2 2277
1 4970
2 4361
2 372
1 2204
3 3443 4368
1 790
3 1746 1801
1 4388
1 2320
1 3188
2 3545
2 1967
2 10
3 3135 4762
2 349
2 3968
2 1684
3 1494 3568
1 482
1 765
3 2568 4293
3 1763 4098
1 4116
1 256
3 4825 4948
3 4059 4695
3 3857 3992
1 2173
1 3317
2 4942
1 4482
2 2032
1 4853
2 3403
3 1471 1864
1 2437
2 995
2 2810
3 2998 4668
1 4849
1 4935
3 3740 4614
3 2020 2704
2 1306
3 3220 4562
1 4650
1 3018
2 3736
2 2517
2 775
3 607 1278
3 3329 3945
3 2674 3291
2 3480
3 2271 4722
3 4086 4166
1 3805
1 532
3 3338 3765
2 3580
1 1482
3 1367 4040
1 3434
1 3276
1 159
2 3589
3 150 3817
2 65
2 4216
2 3991
1 3646
2 677
1 162
3 4094 4454
3 262 3075
1 3829
2 2603
2 59
3 69 1361
3 3026 3068
2 3840
1 1794
2 2048
2 384
1 369
2 2206
1 4857
1 3685
1 3739
1 4426
2 1662
3 988 4713
1 458
1 2422
2 3651
2 3782
2 206
2 3303
3 2005 2250
1 934
3 132 158
1 1579
2 2787
1 264
1 4416
3 4663 4849
3 4617 4972
3 3903 4453
2 371
3 3769 3788
2 236
2 1414
2 165
2 1583
2 2340
3 2067 3169
2 1931
1 4360
3 3688 4742
2 2075
1 705
3 997 2079
2 2232
1 3533
1 3481
3 4889 4896
1 565
1 1650
1 3425
2 370
1 2602
3 3333 3861
3 4905 4984
2 2168
3 1699 1709
1 2720
1 627
1 2142
1 1955
1 125
2 287
2 4656
1 3334
3 4920 4998
3 46 718
1 3585
3 4102 4394
3 1839 2482
1 1761
3 3545 4204
1 1187
3 2478 4071
2 260
1 3950
3 605 1905
2 3514
3 3848 4259
2 2834
3 2195 2430
2 2221
2 1146
1 551
3 2078 3652
3 319 1253
3 3112 3874
1 1613
3 104 3629
2 2716
3 4981 4982
1 4070
1 1050
2 2578
3 2847 4480
1 1879
3 2809 2951
1 3676
2 906
3 4874 4988
1 890
1 2839
3 914 1366
3 691 1456
2 442
1 263
1 627
1 1261
2 3648
3 2995 3359
1 4048
1 4048
1 2766
3 4909 4955
2 4064
1 3705
1 2480
1 3682
3 3049 3163
2 300
2 419
3 1427 4276
3 2140 3140
3 2493 4915
3 812 3024
2 4623
2 3567
1 113
1 1337
1 358
1 1136
3 3867 4437
3 35 1940
2 3036
2 2007
3 2545 4612
1 975
3 3393 4243
1 1252
3 1344 2907
2 626
2 4144
3 1620 2754
1 1942
3 2543 3856
1 1360
3 1746 2875
2 4469
3 231 3942
3 3039 4998
1 3508
2 3793
2 3000
3 1887 1900
2 4052
1 214
1 4305
2 1049
1 1308
1 4708
2 1762
3 1081 2286
2 999
2 3775
1 963
1 2993
1 2903
2 4114
2 2259
3 2146 3347
2 3660
2 3000
3 767 4937
1 3489
3 2631 3243
3 3171 4584
1 2743
3 4345 4366
3 1376 4756
3 4803 4885
3 4054 4794
3 4058 4800
2 2153
1 1752
1 4126
1 1379
1 4660
2 2177
1 3598
1 2664
2 2160
2 2994
3 4597 4633
2 3510
1 2814
3 2889 4796
2 704
3 3585 4327
3 3180 4212
1 427
3 1838 4797
3 3132 3639
3 1832 3945
2 1576
2 3680
1 3660
1 4093
1 605
2 2353
3 4793 4919
3 4568 4749
2 3329
2 3698
1 1076
3 2559 3050
1 2007
1 327
2 679
1 1330
1 20
2 3036
3 585 969
3 1624 3506
1 1049
3 1012 2959
1 2951
3 4951 4953
3 4692 4924
3 2374 2581
3 2308 2716
1 3902
1 4093
3 3055 4577
1 2500
3 4832 4962
3 2955 3228
2 1265
3 73 463
1 1801
3 2413 4507
3 4914 4948
3 1192 3970
2 2891
1 4584
1 1158
2 4398
3 4937 4995
1 521
3 79 292
3 4587 4807
3 1633 2016
3 1886 1913
2 798
3 2432 4708
2 3905
3 1995 4156
1 2887
2 1191
2 3693
2 1209
1 3491
1 3952
2 4912
2 615
1 56
3 3473 3768
3 1965 3273
3 2542 3062
3 458 2079
1 4699
2 1588
3 2976 4869
1 2316
3 4383 4554
1 1062
3 2707 4543
1 2400
3 3168 3425
1 3407
2 2598
3 2200 3932
3 1317 3984
2 1928
3 3322 3888
1 2523
3 4641 4713
1 4418
2 814
1 3399
3 4467 4999
1 4968
2 1547
1 1580
2 3007
1 4258
1 254
2 4594
2 3210
2 4266
2 937
1 704
3 1083 4320
1 2934
2 1609
1 4034
3 2040 4917
2 3942
3 549 921
2 3306
3 3307 4906
3 949 1211
2 657
3 4032 4106
1 3791
2 1521
2 35
2 1319
2 584
3 4858 4877
2 1880
1 907
2 4521
3 1011 4470
1 3623
3 4254 4959
2 4683
2 4250
3 2215 4589
1 4178
3 4427 4491
1 2509
3 1365 4226
3 3581 3866
3 1883 2037
3 4441 4944
1 10
1 1975
3 2917 3673
3 3153 4287
2 1460
1 699
1 1292
3 2025 3543
3 4107 4569
1 381
2 3504
3 3477 4401
3 3136 3653
3 243 1998
2 965
1 2005
2 1952
2 1807
2 1939
2 2872
2 1390
3 1717 4541
3 2326 2372
1 2709
1 3438
1 2103
1 3811
1 2895
3 3312 3827
1 3227
1 146
3 3768 4598
1 2314
2 4349
2 3423
1 2933
2 4267
3 3461 4810
2 1141
3 1697 4943
2 2517
2 3209
3 3822 3894
3 794 3565
2 2587
2 3810
2 1301
3 1406 4242
1 1244
2 2845
3 673 1883
1 1019
3 1714 2678
1 1778
1 2996
1 696
3 4327 4791
2 4397
1 3254
3 747 4471
1 2399
1 2766
2 4930
2 1344
2 4250
3 407 1258
3 964 2562
3 2584 3596
2 4888
2 726
3 4963 4993
2 2476
1 1821
3 1471 4683
1 2747
2 3553
1 4351
1 4790
3 3863 4948
1 3414
1 1926
2 174
2 1652
2 2258
1 4189
3 1897 3992
1 3692
3 1469 2243
2 676
1 3288
3 610 2615
1 798
2 66
1 2241
