5000 5000
2 4268
2 4662
2 25
3 60 2203
1 2267
3 1568 2346
1 492
1 4636
1 3069
1 3591
1 3673
3 3609 4810
1 4114
3 243 3982
2 3239
3 3094 3580
1 445
1 4484
3 1692 3209
3 4820 4944
1 2118
2 267
2 505
1 4735
2 402
3 4636 4896
2 4308
2 4398
2 2982
1 3752
2 3226
1 3738
3 1800 3286
1 3741
2 2830
1 2458
3 1086 1952
3 3450 4835
1 3334
3 1367 2582
2 3047
3 1542 2305
3 2392 4862
3 4200 4599
3 4087 4997
3 1106 3171
1 2323
2 4361
3 2793 2800
3 4470 4555
1 2918
1 4890
1 2091
3 3199 4773
1 2572
2 4308
1 119
2 1402
2 2947
1 2006
1 1968
2 2747
2 3236
2 1783
1 1902
3 1059 3613
1 975
3 1579 3482
1 1301
3 2387 2550
3 4648 4710
1 4648
1 4852
3 1341 2548
1 1264
2 280
1 3622
1 4918
1 4937
1 4645
2 3918
2 142
2 1728
2 3310
3 3056 3831
3 853 2699
3 2437 3344
1 3415
1 1429
2 1458
3 1059 3830
3 3720 3808
1 2143
3 2827 4531
1 4219
2 4413
1 2241
3 1243 2355
1 488
3 528 1120
1 1489
1 1453
3 911 4341
2 1776
2 1965
3 1237 4770
1 4703
3 1521 4648
3 1269 4537
3 1414 3216
2 1927
2 534
1 842
2 747
3 371 2130
1 1726
1 1100
2 2959
2 2528
1 1552
3 3034 3953
2 906
3 4660 4863
1 2453
3 3378 4984
2 3975
1 4708
1 3742
1 2017
1 1835
3 4244 4469
1 40
1 1095
2 3723
1 182
3 2691 3878
2 2736
2 416
1 4580
3 2953 3953
1 3196
2 723
1 1980
1 1003
1 4640
3 850 4193
2 4372
1 163
3 4008 4193
3 3394 3442
1 4075
3 332 1156
2 2194
2 964
2 3391
1 4828
2 805
2 4958
3 776 2407
3 1554 3135
3 2384 2775
2 2404
2 4942
1 4816
3 4023 4125
1 1908
1 3726
2 124
1 1106
2 3842
1 1317
1 2955
2 4596
1 4215
1 177
2 4778
3 3745 3953
3 427 2269
3 3409 4120
3 4918 4988
2 3456
1 1525
1 2065
2 4272
1 4572
1 2513
2 1259
1 1110
3 352 2301
2 1516
3 4538 4626
1 1885
3 1160 2767
1 3980
3 2202 3385
2 4239
3 1662 4606
3 4868 4990
2 2076
3 3740 4304
3 4854 4984
1 4647
2 2033
1 1521
2 4167
3 3702 4395
3 2132 2629
1 2733
3 156 356
3 4566 4895
2 2715
1 1637
3 957 1379
2 2105
3 767 776
2 810
1 2548
1 4932
2 4559
2 1494
2 1850
1 3528
1 1233
2 1444
3 1763 4441
1 925
2 2842
1 4319
2 635
2 2502
2 1919
2 4789
3 2595 4136
1 2307
2 2856
1 4561
3 3680 3932
3 1715 3329
2 524
2 3942
2 2494
3 3760 4060
3 2478 2578
1 3323
1 363
2 387
1 3973
1 3439
2 1623
3 1507 4433
3 1343 4272
1 4625
2 4216
3 3942 4188
2 2026
2 2822
2 8
2 838
2 1220
1 464
1 1542
1 4629
1 28
3 4426 4441
2 3385
1 284
1 99
3 2339 3631
3 2804 4414
3 2100 4507
2 1356
2 1593
3 591 637
2 845
2 840
1 974
1 2581
2 2315
1 3477
1 3514
2 3879
3 740 3120
3 2532 2870
2 1088
1 4233
1 2487
2 1851
1 55
2 2016
3 4553 4764
3 406 3582
2 1391
1 4333
3 4638 4905
3 4698 4961
3 3855 4931
2 1245
1 2856
3 1396 3799
3 1422 4740
3 2274 3615
2 2610
1 2625
3 2645 3488
1 174
3 3912 4551
1 4886
1 2037
2 3389
2 4358
3 3285 3956
1 707
3 4817 4842
2 547
1 239
3 3536 3649
2 4158
2 631
2 1345
3 4411 4452
1 422
1 2448
3 3838 4438
3 4167 4750
1 2308
1 4915
1 1024
2 4774
2 4153
2 545
2 1921
2 1709
1 1916
2 3629
1 266
1 4016
1 3914
1 3565
2 2760
2 1780
1 4193
1 328
3 4852 4957
3 3755 4702
3 1482 3771
3 1918 3045
2 1681
1 1173
1 302
3 2262 2685
3 1440 3227
3 421 4272
1 3618
1 3814
1 4522
3 4118 4930
3 791 2047
1 1444
2 894
3 3815 3968
1 803
1 4629
1 2567
2 1109
2 706
1 4650
3 3430 4108
3 4005 4702
3 1535 3937
1 2838
2 1707
2 4827
3 3768 4048
3 1070 4697
2 4723
2 1971
2 311
2 4353
1 2187
2 2652
1 1816
3 4945 4966
1 3002
2 3631
1 2253
2 4414
3 401 1219
2 2898
2 160
2 4271
1 4171
3 4572 4749
1 4813
2 337
1 3416
2 855
3 297 1524
2 1361
3 1342 3537
2 2198
1 4672
1 2857
3 3567 4659
2 227
2 2764
3 3109 3963
1 814
2 1636
1 3741
3 2211 3047
3 4820 4950
1 2743
1 3253
1 3816
2 1438
2 2985
2 1766
1 3769
2 4383
2 1093
1 4009
1 61
3 1573 2074
1 3991
1 861
1 3429
2 2980
3 1315 4442
3 773 4271
1 3434
2 291
1 2858
3 2476 3983
3 2703 4468
2 4357
3 247 3807
3 3254 4814
3 1136 3147
2 1033
2 4795
1 3223
2 3583
2 2442
3 1608 2735
1 3721
3 663 1071
2 255
3 1817 4235
3 630 2588
1 2058
3 1023 4761
2 2146
3 2621 4294
2 3536
1 3742
2 4906
1 254
3 659 1280
3 2433 3797
2 1804
2 4186
2 1136
2 3983
1 1890
2 4870
2 1904
3 3670 4707
3 1054 3543
1 4854
1 4740
3 728 2909
1 4754
2 4666
2 3849
3 1636 4570
3 2562 3501
3 262 2316
2 3543
1 1947
2 2793
3 4793 4932
1 795
2 2987
2 2852
3 3043 4525
3 3174 3322
3 531 4891
2 4924
3 4598 4766
3 4553 4648
1 4005
3 698 4513
3 2280 4467
2 1182
3 3157 4666
1 4231
2 208
2 4518
1 1301
2 415
1 3093
1 34
2 530
2 2998
1 2464
2 3473
2 4959
1 3561
3 3520 4245
2 4726
2 4798
3 3915 4970
3 2821 4651
2 1695
2 4252
2 1826
3 2454 3614
3 524 1442
1 3547
3 1318 3664
1 1714
2 4849
1 3265
2 1371
3 3828 3932
2 4625
3 143 3614
3 1656 4043
1 4144
1 1298
3 1243 4456
3 3389 4542
2 382
2 3846
1 4605
1 3368
1 4475
1 150
3 4566 4665
1 448
1 933
2 4758
3 1102 2425
1 4596
1 3490
3 1068 3051
3 3754 3964
2 1576
2 1592
3 659 4769
1 355
3 4354 4596
2 3254
1 2102
2 148
2 3433
2 381
1 2101
3 3782 3834
2 4137
2 4253
1 1971
2 878
1 1860
2 2284
2 1604
2 482
3 550 3188
1 756
3 1536 3206
1 576
2 4217
1 4986
3 217 255
1 436
3 1305 1352
2 569
3 3998 4975
3 4074 4924
3 3071 4316
1 4162
3 3217 4396
1 2955
1 3544
3 4133 4332
1 631
1 4576
1 4145
1 157
2 1206
1 1246
3 514 4027
1 4946
3 1857 3525
1 755
3 1578 1772
3 3116 3985
1 3262
2 4384
2 2360
3 1147 2858
3 3385 4731
3 1325 4817
2 24
2 2069
1 4906
1 2588
1 4925
1 1393
3 1170 2898
1 1163
1 991
3 257 4581
1 1171
3 1839 3239
3 2255 3695
3 2364 4937
1 4967
3 1446 4626
1 1990
2 368
3 254 262
1 235
2 1136
1 4789
2 3473
3 227 1172
1 1424
1 1893
1 959
3 852 4191
1 219
1 1444
2 3681
1 1802
3 2992 3133
2 4800
3 4993 4995
3 1592 4444
1 2549
1 2550
3 1434 3442
1 4486
1 1883
1 2409
2 2305
1 563
3 4968 4989
3 2560 4887
2 1357
1 618
3 1990 2869
1 274
2 188
2 3483
3 4426 4737
3 2808 3745
1 1045
1 3750
1 3814
2 2226
3 3888 4075
1 4778
2 1582
2 2536
1 3638
2 1142
3 2556 3815
3 1619 2745
2 4191
3 3933 4497
1 2832
3 4333 4771
2 388
1 1946
2 4244
3 2049 4096
3 1379 2668
2 1171
2 1649
2 1106
3 3515 4483
2 4270
2 3429
1 2629
2 2966
3 700 3128
3 174 4379
3 668 835
1 445
1 4565
3 4903 4906
3 1750 4047
1 3498
3 3722 4220
1 2206
3 3646 3748
2 1475
1 4857
2 1708
1 1433
1 1826
1 2799
3 1783 4099
3 2263 3157
3 4547 4768
3 2841 4107
1 4323
2 1493
3 4762 4873
1 2330
2 2522
3 679 3918
3 136 1305
2 4040
1 2922
3 3295 3977
2 1744
1 1818
2 4312
3 3474 4193
2 3726
1 1310
1 1392
3 2455 4506
1 3773
1 3050
3 2930 3835
1 990
1 3959
2 831
1 2757
2 1275
2 431
2 3145
1 3038
3 4623 4630
2 1147
2 4889
3 3662 4174
2 4496
3 1104 2953
3 2911 3435
2 699
3 711 3302
1 4426
2 3230
2 2337
2 4456
3 702 4354
2 4690
3 814 2108
1 1079
3 3807 4072
2 34
3 2541 3241
2 2092
1 3315
3 3309 4811
1 1315
2 861
1 1661
3 1268 4664
3 862 2594
2 296
2 1645
1 2950
3 1200 3018
2 696
2 4943
1 4022
3 1971 3486
3 808 1300
3 4951 4980
2 3376
2 123
1 221
3 361 2601
1 2648
2 2046
1 4506
1 2979
1 4764
3 1809 3210
2 1618
1 95
1 3580
3 4572 4947
2 1836
3 2703 3294
3 3354 4823
3 4237 4551
2 138
3 4723 4844
3 4573 4776
1 315
2 970
3 3691 4333
2 4045
3 1958 3455
1 1879
3 3015 3267
1 2875
3 3456 4111
3 2510 3311
2 256
2 2457
2 2294
2 4810
3 2541 4133
3 4173 4949
3 85 242
2 2041
2 4976
3 718 2900
1 145
3 3898 4785
2 1690
3 4369 4589
3 1566 4707
2 2509
2 4763
2 3543
2 121
1 3208
2 1107
3 2578 3111
2 4290
1 4063
1 1672
1 4087
2 3214
3 4760 4961
3 2171 4705
1 3619
1 4931
3 295 3331
3 2153 2408
3 4544 4974
1 2328
3 1855 2181
2 275
3 819 2483
3 4840 4912
1 1925
2 2662
2 4081
2 3070
1 549
2 3860
3 4555 4674
3 1922 3923
1 3196
1 2913
3 2981 4589
2 2043
1 4077
3 113 4321
3 4606 4965
3 813 1347
1 4580
3 2238 4701
2 711
2 4258
2 2686
2 4260
1 4777
2 95
1 2778
1 1513
2 1232
3 686 1038
3 3218 3817
2 1632
1 969
3 1328 3030
2 48
2 593
1 4693
1 81
1 3690
3 100 739
3 4169 4186
3 319 2820
1 4274
3 3490 4203
2 4462
1 4176
3 4681 4899
3 2199 2404
3 712 1569
1 4352
2 6
3 4263 4336
2 4367
2 4427
1 549
1 872
2 2325
2 2414
2 2713
2 1095
2 3484
2 3014
3 3218 3583
2 524
3 3267 4422
2 1653
1 2568
3 3880 4760
2 3646
3 4545 4810
3 4813 4918
1 1193
2 1147
2 2936
3 4609 4633
2 1083
1 180
3 2630 4378
1 4934
1 1286
2 34
2 2519
3 2290 2479
1 4354
3 1581 4990
3 3629 4598
3 2526 3370
3 562 743
2 831
1 4656
2 1291
3 3186 3452
1 2073
2 1107
2 2081
1 3216
2 2638
3 3878 4384
1 4678
2 1273
2 3885
3 1657 4265
1 3105
3 1258 4455
3 4848 4880
1 4684
3 1962 4604
1 1648
1 2252
1 3823
3 4096 4164
1 648
2 3932
2 715
3 69 4991
2 1221
3 3554 3890
2 1631
3 1062 2586
2 3039
3 3246 4557
3 3530 3888
3 1255 3734
1 3987
2 4902
1 3135
1 3884
2 65
3 1031 3507
3 3815 4443
1 416
1 3901
1 2089
2 3364
3 1323 3563
1 2428
1 2148
1 4003
2 1506
3 773 3962
1 836
1 2058
3 2307 2452
1 1719
2 4296
3 4765 4963
3 3944 4044
3 2003 3676
3 475 1672
3 606 1390
2 2995
2 3106
3 829 1213
3 2306 2847
3 2546 2631
2 4556
2 1072
3 894 4232
3 2568 4128
2 3766
3 641 1532
1 3847
2 4359
1 1190
1 3734
1 4363
3 3414 4658
3 1575 2127
3 4867 4906
2 2596
1 2960
3 677 1269
1 3894
2 145
1 2775
1 1086
3 26 1665
2 4581
2 1750
3 1030 1752
1 3589
2 3998
1 214
1 354
1 3526
1 861
1 3061
1 1494
2 1644
2 1306
1 4816
3 3861 4828
2 4745
1 2042
1 2291
2 2938
1 2087
1 4495
1 4316
3 4832 4852
1 3341
2 2069
1 1091
3 3462 4096
1 248
1 300
1 4874
1 3020
1 3325
1 1312
1 2303
1 934
1 4080
2 2047
1 398
2 884
2 2227
2 389
2 1726
1 4299
1 3281
3 387 1815
2 761
1 2096
3 4693 4993
3 4455 4767
2 4899
2 3763
1 1103
2 4816
1 1344
1 2238
1 4744
3 3868 4685
1 685
2 3880
3 2279 3271
3 2559 3539
2 39
2 102
3 1608 3283
3 4839 4933
1 2223
3 4924 4979
3 658 4231
1 3146
2 1129
1 2046
1 4394
1 1224
2 444
1 4862
3 2035 4461
1 3961
3 2083 2234
3 1607 1900
3 2741 4109
3 1869 3329
2 4792
1 1787
2 3110
1 4710
2 770
2 2342
1 2028
1 4541
1 4171
3 514 4709
1 1380
3 2927 4565
1 2208
3 4575 4938
2 4566
3 37 4593
3 87 1544
3 1267 4883
1 867
1 18
3 3088 3663
3 2295 4330
3 46 602
1 3902
2 2199
2 2982
2 2938
2 3533
3 4989 4994
2 442
3 2519 4755
2 2783
1 4426
1 4952
3 3994 4232
1 4483
2 1772
1 4326
2 3858
3 1190 4235
2 1243
2 2806
3 1853 3739
1 267
3 4446 4664
1 822
1 605
2 1279
3 1119 4628
2 1060
2 444
3 4722 4894
1 556
2 1617
3 3354 3907
2 601
1 4867
3 2315 4735
1 1820
3 3745 4197
3 2345 2858
3 4448 4650
1 4134
1 3743
3 2393 3685
1 3266
3 4374 4600
3 4066 4409
2 2442
3 3506 4006
2 2610
2 62
3 4627 4682
1 733
1 454
1 2562
3 2931 3497
1 311
2 162
2 3178
2 16
2 4192
2 3565
2 3403
2 720
1 1236
1 1694
2 2332
2 2636
2 3428
3 2666 4222
1 893
2 2946
2 1712
1 4028
3 760 3099
2 736
2 3683
1 1225
3 2644 4239
1 4952
1 4679
1 3332
1 2567
1 2005
2 3875
3 3351 3945
3 1043 1460
1 3235
1 429
1 819
3 627 2798
2 2056
3 2253 3134
3 3309 4960
2 3185
1 246
3 4624 4649
1 1322
2 1603
2 859
2 4986
2 1170
1 4464
3 2049 3152
3 4828 4845
2 697
2 986
2 3058
1 2792
1 4647
3 1824 1914
2 3773
3 3038 4847
3 1623 4080
3 4750 4770
1 2476
1 4681
2 2101
3 4397 4550
2 4539
3 1751 4626
2 2215
3 3796 4482
3 3791 4526
3 2515 3347
3 1499 1685
1 3509
3 171 3081
1 4713
2 2074
2 2071
1 4723
2 2207
2 3280
3 4057 4467
1 4327
3 719 4015
3 4736 4859
1 262
3 683 849
2 1827
2 2744
2 3202
3 4222 4973
3 4130 4272
2 4823
1 1931
1 819
2 560
2 4144
2 2672
2 965
1 1345
1 4717
2 1163
3 2745 3923
1 4439
1 1691
3 2334 3963
2 190
3 2542 3252
3 291 2770
3 1113 1841
1 58
1 2744
3 4093 4394
1 360
1 3171
3 1701 3549
2 1388
3 672 965
1 1165
2 1419
2 425
1 1135
3 1098 1871
3 1270 1759
2 4958
3 3519 4528
2 974
3 1135 1993
2 83
1 1835
1 4739
2 2767
3 1243 2019
1 1991
3 2115 3780
3 247 3753
1 2324
3 2683 3341
2 947
2 4385
2 3262
1 2172
1 4284
3 4653 4806
2 4480
2 3775
3 3068 4556
1 4138
3 4048 4146
2 985
3 4354 4848
1 778
1 509
3 1331 1979
1 2867
2 382
1 1281
3 682 3481
2 4322
3 2338 2995
3 4864 4872
3 2075 4074
3 1352 3882
2 1829
1 871
2 4697
1 1223
1 1477
1 3758
2 9
3 2920 4907
2 3683
1 782
1 1286
1 3703
3 1943 2697
2 1186
2 320
3 1641 3978
1 732
2 2478
1 2689
2 4269
1 3441
1 4310
2 2424
2 3992
1 366
3 3105 3509
2 2042
3 2997 3373
2 1194
1 4776
1 4432
3 392 3117
1 4662
1 2116
1 1433
1 590
3 4270 4676
2 98
3 1495 3778
2 636
1 4404
3 3256 4379
3 4658 4679
1 3658
3 623 3373
1 4639
1 508
1 1034
2 658
3 336 4462
2 3913
1 404
3 3151 3729
3 3971 4167
1 438
1 1808
3 3605 4081
1 2387
2 4149
1 663
1 3245
2 3845
3 1545 4678
3 2362 2467
2 4855
1 4980
3 4360 4859
1 1936
3 3877 4692
2 3393
1 1928
2 2976
2 4406
2 4677
3 2536 4932
3 3127 3273
2 4906
2 3065
2 2449
2 1065
2 1860
1 2345
1 1749
2 4103
2 3041
1 1481
3 3424 4564
2 595
3 1875 4440
1 1982
3 4577 4844
1 2853
3 651 2896
1 4227
3 1099 2671
3 3840 3854
1 2148
2 4990
1 2964
2 2855
3 4938 4943
2 4570
3 1644 3959
2 1569
1 1899
2 2576
1 1781
2 896
2 3941
2 167
2 1636
2 1931
1 4463
3 1850 4058
3 2599 4792
1 3131
1 1981
1 2228
2 1876
3 227 1999
3 1475 1749
3 4074 4172
2 513
3 430 2821
2 2862
3 721 1502
1 1005
3 4910 4978
1 2343
1 2946
2 2209
1 4440
3 1918 3818
2 2696
3 343 1034
3 1799 4382
1 3158
3 2610 4595
2 340
3 4469 4692
3 3398 3463
3 631 2178
3 776 928
1 176
1 4906
2 3317
2 1827
1 4509
2 1649
1 1436
3 658 3353
2 1787
2 4541
2 1471
1 2585
3 695 3526
3 3468 4149
3 4846 4853
3 4101 4835
3 1241 3212
1 4195
3 2554 4774
1 3958
3 4400 4809
3 2543 4133
1 638
2 3772
3 3571 3579
2 4583
1 4501
1 3461
3 619 4612
1 421
1 3398
3 3344 4605
2 3758
1 4387
3 2318 2640
1 1180
3 3354 4258
2 3315
2 416
3 3380 4414
2 3765
2 4726
2 3248
3 3678 4270
2 4651
3 1440 3780
2 160
2 3951
2 980
1 3507
2 4697
3 1575 3531
2 4305
3 3321 3703
3 4602 4921
3 1155 3304
2 2932
3 166 505
1 2030
3 560 3281
3 4742 4963
1 2723
3 1185 1431
2 3925
1 2253
1 1348
2 396
1 208
2 587
2 1159
2 2444
2 2679
2 1425
3 1415 4763
3 4523 4951
3 4148 4642
3 4630 4679
3 2937 3502
3 3042 3475
1 4486
1 704
2 1655
3 3876 4289
3 3419 4251
1 1839
3 4614 4757
1 4965
2 2153
1 421
1 251
1 1596
1 3756
3 4119 4961
2 3379
2 1703
3 3003 3377
3 4767 4987
1 1976
1 438
3 3411 4020
2 120
2 1768
2 1134
2 3162
1 1064
1 1406
3 3638 4537
3 4356 4926
1 3517
3 4027 4842
1 553
3 3558 4543
3 2778 3322
1 4387
1 3524
1 648
1 1855
3 1235 1504
1 298
3 1864 3665
1 727
1 1163
1 4176
3 2193 3432
2 3519
1 4722
3 1280 2360
1 2534
3 66 2282
3 1586 4374
1 2825
1 4983
2 2463
3 3800 4567
3 1950 4799
2 55
3 1329 2649
2 496
3 1151 1520
3 4108 4859
3 466 2643
2 1816
2 807
1 2722
1 4757
1 2104
3 4571 4968
3 2141 3668
2 1251
3 1036 4418
3 1212 1252
1 3079
2 4294
1 1838
1 1689
2 2702
1 3218
2 3234
1 4896
2 3660
2 2046
2 1325
2 1823
3 1594 3211
2 1977
1 1929
2 4403
3 348 4444
1 921
2 2494
3 1021 3848
1 4009
1 4425
2 669
3 3620 5000
1 4628
2 3984
1 2925
2 4999
2 3332
2 3138
1 1289
1 2506
1 4181
3 281 2304
2 4052
1 2736
2 4673
1 3348
1 576
3 944 4194
2 408
1 3649
2 1415
2 2536
1 3137
2 3666
1 1576
2 1254
2 630
3 1377 1882
2 4724
3 602 1363
3 630 4030
2 1416
3 4335 4874
3 2238 2941
1 4134
3 474 1774
2 805
1 1430
3 3595 4137
2 836
3 4616 4704
2 533
3 3052 3679
3 1423 1598
1 4948
2 679
3 738 1800
2 4035
2 540
3 1655 2108
3 3804 4268
3 612 1624
3 3214 4274
2 1124
1 2307
1 2465
1 1180
1 3999
1 2
3 3024 4415
1 1219
2 2610
1 363
1 245
3 3394 4505
3 968 3569
2 4524
1 3534
2 3809
3 176 3590
3 4410 4414
2 2418
3 2158 4544
1 3232
1 745
3 2816 4065
3 659 1906
1 3728
2 1974
1 4730
1 4187
2 4154
3 512 2526
3 3122 3297
3 3961 4940
2 1086
2 4496
3 1831 2603
1 3521
3 69 3178
2 3744
2 1086
3 889 3494
2 1143
1 3038
2 1291
3 1460 3173
1 11
3 2811 3679
1 3417
3 3958 3987
2 401
3 4838 4863
1 2498
1 738
1 3116
1 2401
1 3354
3 3764 4785
1 651
1 2576
1 3716
2 2488
1 2122
2 3861
1 45
2 3220
1 3174
3 106 2313
2 3665
3 3799 4937
2 3777
2 3517
1 3365
1 4334
2 4099
2 812
3 1577 1863
1 102
3 4649 4662
3 3205 4036
3 4927 4994
3 1276 1533
3 4053 4567
2 1938
1 1580
1 2161
1 2481
1 4890
2 3362
1 2490
2 1688
1 3351
3 4969 4979
3 746 3228
3 3055 3172
3 4356 4465
2 3395
1 844
2 2937
3 1434 4101
2 3130
1 568
2 992
3 4023 4256
3 3606 4497
1 4824
1 3824
2 2807
1 1073
1 3183
2 1878
1 2478
3 3005 3428
2 305
2 3886
2 186
1 239
3 4695 4710
1 1827
3 62 680
1 1204
2 2521
1 3074
1 4652
3 3408 4207
3 2263 4052
2 4489
3 2920 4562
3 2542 4104
1 2475
2 4565
3 3646 4636
2 1714
3 3583 4965
3 24 3143
2 4190
3 4024 4797
2 4793
1 2599
1 2944
2 1728
3 1263 3120
1 1074
1 400
2 769
2 3965
1 1730
3 3128 3349
3 3505 3693
3 1108 1867
3 4967 4998
3 1318 3576
3 1784 2848
2 815
2 980
1 1779
2 964
2 4971
2 4238
1 4317
2 79
3 3631 4571
2 151
3 4415 4573
3 2249 3798
1 4119
3 3879 4782
2 4069
1 1061
1 2008
3 2652 3277
1 3770
2 38
2 3246
1 1318
2 3560
2 2464
2 894
2 2514
1 596
2 3959
2 1882
3 1845 3692
1 3597
2 4780
1 3692
3 3621 4648
2 2080
3 63 2947
3 2005 4160
2 2989
2 2450
2 3391
3 1747 2583
2 3519
3 3539 4007
3 659 2222
1 13
3 824 1412
3 1338 3629
3 3243 4308
1 3647
3 2613 3371
1 4924
2 841
1 4614
2 4221
3 2469 2484
2 1679
3 4953 4955
2 3167
1 3416
1 1395
2 2052
1 3448
2 560
3 4531 4547
3 939 2046
1 3532
3 2319 4285
2 4667
2 4672
2 4948
2 4420
2 596
2 4173
2 1788
3 2705 2804
3 1035 2527
2 307
1 756
3 2337 2523
2 340
2 403
3 4680 4704
1 3289
2 2788
1 4881
3 1065 1569
3 141 4668
2 2110
3 1721 3280
2 1676
2 2469
2 3599
2 2092
2 4571
1 4183
3 2699 4009
1 1058
2 1415
3 3217 3569
3 732 1820
1 701
3 97 4892
2 684
1 1037
3 3891 4920
3 1783 4148
2 4003
2 3521
2 1078
2 3099
3 228 274
3 3914 4299
2 323
2 1817
2 3993
1 4568
1 1755
2 165
2 3114
1 904
1 4790
1 2871
1 1189
2 2825
2 3730
2 2099
2 2746
1 589
3 1708 1979
2 4259
3 4748 4923
3 1059 4549
2 3013
2 3027
3 2030 3315
1 3822
3 1547 1673
2 733
1 743
2 1493
3 4502 4631
2 3365
1 4403
1 1419
2 1960
1 4865
3 2891 4492
1 3423
3 3269 3618
3 46 2162
1 4747
1 1619
1 2668
2 637
2 1709
2 381
1 4317
1 890
1 2166
3 502 2578
2 3140
2 630
1 3417
1 2718
1 3816
2 4660
3 2181 3181
3 1350 4192
1 2806
3 3622 4492
2 3229
2 2691
3 3918 4078
3 1113 4600
2 3838
3 1807 2296
2 825
2 4519
3 1786 3274
3 4404 4946
1 3031
1 3488
2 843
3 2627 3020
2 2646
2 3954
2 1562
3 2726 4152
2 3608
1 1284
2 1342
3 4058 4154
1 4643
1 2695
3 990 3717
3 4288 4923
3 2579 3039
2 4248
2 1480
2 2785
2 160
1 1139
2 2537
1 4714
1 122
1 293
1 4483
2 918
1 4322
1 637
1 3783
2 4475
2 1149
2 150
2 3089
2 3348
1 1271
2 1821
3 16 4632
3 4166 4584
3 4679 4886
1 4263
2 1870
1 4256
3 1104 4589
2 642
3 4389 4853
1 1194
2 4369
2 758
3 2800 4940
2 2067
2 2915
2 4583
2 2182
2 1511
2 4871
2 2982
3 712 2123
2 3371
1 4767
3 4032 4333
3 2233 3001
3 439 1704
3 3010 3157
1 1961
1 2483
2 954
2 4792
1 4552
3 4778 4864
1 1100
3 3849 4139
2 3089
1 1699
3 4763 4933
1 2215
3 2592 3902
1 4507
2 68
3 1423 3337
3 4213 4707
1 564
1 3486
3 2441 3396
1 577
3 2337 4492
2 2961
1 1855
2 745
2 1847
1 3400
3 816 2180
1 4389
1 4381
3 4285 4671
3 4187 4887
1 1068
1 447
2 1037
3 4322 4877
1 2668
3 4969 4977
1 535
3 2115 3746
1 3191
3 2264 4459
1 2353
3 3116 3806
2 4481
1 150
3 2962 3203
2 4044
3 656 4769
2 431
3 196 460
2 3514
3 2635 3975
1 3784
1 1713
1 2698
3 507 1499
1 1034
1 1906
3 1371 3981
1 3512
3 1610 3211
3 606 1123
1 1296
3 4058 4064
2 371
2 4026
1 1274
1 4994
3 3169 3748
1 2111
3 1450 3707
3 3860 4472
3 4398 4648
3 2812 3756
3 1402 4570
2 1444
1 2713
2 3838
1 3346
2 3454
2 1374
3 3714 4903
2 145
3 3331 3869
2 2439
2 2053
3 81 1296
3 1925 3552
1 550
1 788
1 831
2 4390
1 424
3 619 3833
1 1863
1 3441
2 1830
1 2804
1 1544
2 3825
1 1323
3 3360 3858
2 4951
1 4219
2 1178
3 3474 4016
1 1537
2 1237
2 121
3 1045 3991
3 789 3869
2 1477
1 757
1 2470
3 3302 4666
3 3567 3850
1 4002
2 2749
1 4297
3 3183 4471
1 1343
3 2951 4293
1 3917
3 484 3994
2 2695
1 3240
1 3076
2 1594
2 677
1 339
2 547
3 4965 4982
3 1990 2501
2 382
3 3342 4416
2 296
2 1919
1 1384
3 552 997
3 3676 4091
2 1355
2 3811
2 2775
1 3296
2 2660
3 3743 3964
3 4495 4976
2 1579
2 3443
3 1646 3967
2 28
3 18 2715
3 851 4495
2 3498
3 282 1598
3 3806 4343
2 3972
1 4846
3 2082 3477
2 1564
1 1859
1 3193
2 2876
1 2043
2 4629
3 3357 3501
2 52
1 4765
3 1968 4044
2 43
2 4602
3 417 781
3 2854 4522
3 2789 3565
3 3400 4199
3 2280 3319
2 2197
2 2842
3 1784 3647
2 2280
2 4727
3 918 3969
2 2469
2 1434
2 4338
1 1867
3 1323 2104
1 3437
1 3547
3 2225 4721
3 1140 2467
3 2637 4328
2 3459
2 793
1 2573
3 1745 4085
3 3775 4113
1 3550
3 4965 4967
1 3678
2 3568
3 2724 3635
2 3915
3 4086 4683
1 2666
3 1717 5000
1 3553
1 2864
1 2249
3 4928 4943
2 1147
3 4411 4519
3 1587 2830
2 21
2 3958
2 3068
1 4579
3 3987 4996
1 2269
1 1186
3 510 3452
1 4601
1 1843
1 845
3 3824 4807
1 1536
1 2280
3 425 2870
3 4392 4530
3 1095 2900
3 4918 4961
1 3354
2 290
2 3040
2 3818
2 198
2 1894
3 614 3548
3 1482 3100
3 61 3693
1 4769
2 618
2 679
3 4119 4667
2 4286
2 4454
3 2754 3297
1 3202
3 4816 4932
1 3581
2 3361
3 3992 4842
2 1677
1 3593
1 3698
3 2654 4616
3 4720 4798
1 1330
1 3861
1 1253
1 2308
2 411
3 2580 3559
2 430
1 1503
3 2522 2612
2 3671
3 2853 4023
3 1807 3309
3 330 2634
3 2814 3467
3 341 560
3 2207 2946
2 3873
3 2783 4199
3 4221 4905
1 2492
2 3152
1 433
3 3790 4137
1 4363
1 1588
1 4360
3 1411 3781
1 471
3 267 4279
3 2751 4049
3 107 4142
3 3672 4306
3 2607 4283
1 4243
2 858
1 4009
2 2755
3 1353 4581
2 1850
2 2709
1 2342
2 210
3 208 820
1 2070
3 4549 4662
2 304
1 907
3 4191 4426
2 1157
2 3684
1 599
2 2492
2 2823
1 704
3 3727 4933
3 818 3695
1 3546
1 3784
2 3015
1 4319
1 3703
2 1448
3 1306 2417
2 3772
1 1598
2 2950
1 3247
3 2675 3942
3 1878 4762
2 2688
3 763 847
2 2629
3 2709 4977
2 4247
1 3310
3 815 2651
2 1310
1 1284
2 4614
3 4129 4807
2 2876
2 723
2 2003
2 1630
3 1604 2328
3 796 2082
2 2284
3 4800 4920
3 2077 3377
1 2439
2 1110
1 2487
2 206
2 1950
3 4833 4859
3 3386 4272
1 4526
1 4396
2 4869
3 4524 4867
2 4212
1 584
3 1827 4590
3 2358 2878
1 3563
1 1968
1 4199
3 4856 4963
3 3412 3548
1 195
1 2771
2 1714
3 3295 3768
1 3950
1 4320
2 2451
3 503 3987
1 3439
2 1000
1 952
1 4798
2 2546
3 1196 1270
3 641 3805
3 2050 3718
2 4589
2 2134
3 2828 3222
1 2636
2 3857
2 4343
2 3647
3 1223 4769
1 4042
3 3480 4599
3 4374 4501
2 4066
2 3622
2 136
3 1891 1901
2 1790
1 571
1 360
2 919
3 1099 4377
2 2771
2 4513
2 2575
3 1019 1914
3 7 2196
2 4634
3 535 4827
2 1022
3 1721 2747
1 3541
1 3828
2 4368
3 605 4903
3 3548 3834
1 3513
3 3946 4786
1 389
3 2960 3161
3 3985 4384
1 3046
1 4965
1 3112
1 4161
2 1533
1 4414
1 4538
1 4398
2 4660
3 4769 4928
2 150
3 3173 4754
3 3409 4372
2 3803
3 1799 1923
1 2387
2 1067
1 838
3 1373 2148
1 2950
3 179 1218
2 267
1 3658
2 4673
1 4521
3 3240 4758
3 625 2617
3 921 4134
3 1158 3796
3 3221 3688
3 1459 3502
3 2660 3938
1 4516
3 3493 4770
1 4934
3 4611 4805
2 3605
2 2762
3 2401 4971
1 4466
3 4944 4981
2 1589
2 3327
3 1807 3604
2 3387
3 3130 3363
2 250
1 4969
1 3165
2 2718
3 4828 4883
1 2760
1 4481
1 3314
1 2796
2 3999
2 2354
3 4560 4695
1 3097
2 980
1 243
1 3737
3 1891 3675
3 861 4441
1 1962
2 3635
1 3941
3 2322 2972
3 1623 3237
1 4257
3 70 2570
2 2685
1 1737
1 747
3 3618 3991
3 4512 4807
3 4209 4901
2 4368
2 1289
1 2904
1 1300
1 2500
1 479
1 3447
3 1800 3775
3 1532 2119
1 248
2 3340
2 2585
2 256
2 340
3 1318 1401
2 662
3 2985 4420
3 2423 4719
1 426
3 3242 4302
3 1551 2277
3 2288 2465
2 735
2 731
2 2365
2 3673
3 612 3922
1 1588
1 2846
3 2690 2788
3 499 1468
1 494
3 821 904
3 4523 4911
1 4223
3 3111 4352
2 4662
1 1967
1 1628
3 3485 3901
3 148 4705
1 93
1 2334
3 1681 1764
2 3168
2 707
1 1776
3 2914 3987
1 1786
2 1213
2 2620
2 3866
3 3048 3499
3 4609 4902
2 629
3 3474 4444
3 1125 2619
3 608 3394
2 1504
3 336 4329
1 2588
2 348
1 1855
3 2343 2903
2 499
2 3211
1 2455
3 2639 4516
1 2409
2 3933
1 3946
2 4454
2 4775
2 3070
1 4614
3 1425 4377
3 4351 4569
2 3945
1 4098
3 2980 3356
3 3922 4094
1 3831
3 418 1576
2 3167
1 903
2 2513
1 3277
3 2925 4034
3 4218 4507
3 2016 3453
1 4869
3 427 1869
3 1258 1982
2 2109
2 640
3 4676 4988
1 4062
1 3836
1 2117
2 4144
2 1434
1 736
3 4212 4232
3 3996 4378
1 276
1 105
2 3514
1 3544
2 1163
3 4866 4896
3 3943 4683
3 1564 4513
2 3873
1 2313
2 4890
3 3339 4801
2 1789
2 699
1 3135
3 2437 4200
1 4371
1 98
3 1727 2341
3 4856 4916
2 2591
3 264 3533
1 1127
3 1281 3244
3 2359 4992
1 3219
2 1086
2 3890
2 905
1 1185
2 3708
3 2271 4595
3 73 224
3 3169 3683
2 1336
2 895
2 3846
2 3583
3 11 3098
3 4805 4988
1 4790
1 2978
3 489 2499
3 1038 3433
2 4023
2 532
3 1572 3466
1 4730
2 4945
3 1974 3741
3 4901 4970
1 328
3 2466 4628
3 161 1439
2 1662
1 1179
2 4839
1 2169
1 1829
1 3434
1 532
1 4362
1 2883
2 192
1 694
1 473
3 4729 4752
2 2104
2 1483
3 948 2007
2 2720
3 1306 4169
1 1173
3 2174 2589
1 4622
1 48
1 3300
1 2985
3 1749 4124
2 3139
3 1045 4422
2 1918
2 1935
2 224
3 15 489
3 1150 2689
2 4835
2 1404
3 3667 3886
1 3395
1 277
3 2164 2933
1 2078
2 4138
2 3949
1 1912
1 476
2 3183
1 4059
2 4015
2 97
1 2183
1 4416
1 2556
2 4682
1 302
3 3308 4723
1 2204
2 3099
1 3369
1 2977
2 2856
2 906
2 3624
3 2595 4531
3 3670 4366
2 2268
3 1071 2653
3 3297 4540
3 4549 4752
2 415
3 2790 4553
2 1340
2 2961
1 1268
3 3964 4352
2 2596
1 2389
1 1231
1 2300
3 496 3630
3 4999 5000
2 3736
3 848 2020
3 594 674
2 799
3 843 2407
1 2743
3 2485 4763
1 2616
2 4820
1 4062
3 2332 2895
1 2696
2 3822
3 4601 4930
2 2883
2 393
3 2507 4650
3 4841 4855
2 4641
2 3746
1 3074
1 4790
3 4447 4616
1 4090
3 1244 4484
3 4361 4919
1 232
1 3273
1 2589
1 1482
2 482
3 4452 4857
2 2683
2 2315
2 55
3 2568 3745
2 2833
1 3351
3 1084 3742
3 252 3329
3 4121 4708
3 2157 4578
3 1053 1198
2 2308
2 1913
3 3816 4761
2 3
1 4529
1 4310
1 2589
2 4889
3 419 4645
2 769
3 3285 3361
2 942
2 551
1 3832
2 1333
3 121 1396
1 18
1 4826
1 1891
1 3331
3 937 4299
2 2103
1 3828
3 4837 4875
1 1682
3 3949 4720
1 197
3 4771 4837
2 1465
2 2035
3 2310 4694
2 3819
2 2986
2 1357
1 2282
1 1637
2 1290
1 781
1 4950
2 311
3 1491 3635
1 1605
1 1868
3 4706 4984
2 3076
2 2162
1 2849
1 895
3 4829 4884
2 4285
2 2247
2 93
3 881 4836
3 1855 4214
1 2899
1 65
3 494 531
1 1760
3 3421 4379
2 429
3 1574 4564
1 2753
3 318 2432
2 3999
2 1700
2 3248
3 1674 2639
3 1834 4026
3 173 4818
3 3265 4238
3 4824 4949
2 4647
1 340
1 185
2 1872
1 1661
2 4062
2 4155
3 981 3320
3 3602 4025
1 2005
3 4813 4850
1 634
2 3930
2 3638
3 4517 4768
2 3873
2 4162
3 313 3212
2 583
3 4730 4945
3 1221 3406
3 3690 4697
3 2553 4174
3 2827 4722
2 474
2 2074
1 2437
1 4830
3 4012 4429
2 871
3 3546 4276
2 4332
3 2556 3180
3 515 3524
2 847
2 3393
2 1520
3 4064 4670
2 1782
1 1745
1 3460
1 3178
2 3317
2 4592
3 1217 2698
2 743
2 2071
1 4846
1 4564
2 1963
2 658
2 3617
3 1350 4810
3 235 4951
1 184
3 3453 4516
2 4411
3 3335 3382
1 2548
2 992
3 2997 3922
3 572 658
2 4317
2 3092
1 4712
3 328 357
1 79
3 390 4000
3 4044 4518
1 1951
1 429
3 1269 3063
1 489
2 2824
3 3888 4952
3 255 318
2 1536
3 4063 4154
1 3774
2 2058
1 2520
1 3592
3 4697 4779
2 2554
1 2733
2 3335
1 4709
2 2031
2 1788
1 2771
1 1527
2 4500
1 2180
1 1564
1 4106
3 2424 3449
3 1778 2376
3 1660 4231
1 4001
3 526 2553
3 1618 4972
1 4623
1 2614
1 502
3 2695 4321
1 836
3 3407 3426
1 2011
2 1283
3 339 4920
2 3587
1 1235
2 2839
2 3969
2 1014
3 1125 1432
1 3645
2 2380
2 1798
3 3551 3825
1 2032
2 936
3 1536 4729
2 1683
3 2781 4826
2 22
2 3444
1 437
1 3889
2 2577
2 4563
3 4660 4929
3 710 4082
1 1845
3 4528 4881
1 909
1 3934
3 2654 4273
2 1371
3 2418 4910
1 3021
3 1980 4120
2 461
1 4935
1 452
1 1174
2 4108
2 2345
3 611 4417
1 3208
2 3238
1 1937
1 4969
2 3741
1 4440
3 2365 3069
3 344 1647
2 1123
2 2325
2 1655
1 3805
3 2838 3557
2 1106
1 3918
3 3720 4277
2 4213
3 1398 1696
3 4178 4385
1 1602
3 229 4199
2 207
1 1857
1 3343
1 468
2 2179
2 2275
3 906 1430
2 2821
3 448 2345
2 2562
2 2075
2 2313
2 3271
1 3180
1 2491
3 371 4745
1 832
1 4288
1 3019
2 3442
1 3308
2 4958
2 2410
1 2419
1 3706
1 4281
3 3101 3776
3 2731 3469
1 4261
2 3841
3 2280 3826
3 1105 3699
3 2471 3557
1 1583
3 1145 3959
2 3863
3 3080 3623
1 4640
1 991
3 3475 3630
3 3004 3760
2 1823
1 3030
1 1563
3 997 1534
1 3857
1 4271
1 1381
3 38 1725
1 3119
3 480 3195
3 886 3937
1 3468
1 225
1 2114
2 3574
1 2214
3 4089 4181
2 2313
2 142
3 1431 2191
3 719 4221
2 3334
1 1336
2 300
3 503 1544
3 748 2635
1 593
1 4328
3 1383 3999
3 62 4346
1 2562
1 2936
3 1026 2747
2 1966
2 2656
1 1389
3 4511 4838
2 1591
3 795 2394
2 1330
2 3642
3 3340 4089
1 2331
3 947 1050
2 4084
3 2998 4033
3 2860 3268
2 921
1 4670
3 821 2125
1 2556
1 3061
2 3298
3 4838 4882
1 2844
2 1667
1 4371
3 4649 4961
2 1809
3 4263 4986
1 2531
2 2679
3 4666 4728
3 3968 4047
3 4556 4860
1 1768
3 4915 4989
3 1262 4375
1 2702
2 483
1 2075
3 4261 4309
1 4982
2 4952
1 3732
2 2741
3 879 4346
3 3789 4310
3 1020 4049
3 517 3318
1 4406
1 4135
2 1822
3 2422 4323
2 373
2 1000
2 4446
2 2355
2 1266
3 2551 4727
3 3329 3960
2 1179
3 3686 3688
1 3468
3 4667 4921
1 440
3 2678 3346
1 1114
3 3513 3943
2 3555
1 1856
2 3897
1 111
2 230
1 59
3 4416 4766
3 335 744
1 832
1 1982
3 4992 4997
1 2020
2 531
2 1507
1 3207
3 2825 3529
2 4927
2 1764
3 2023 3985
2 3063
1 3274
3 4436 4862
2 217
2 1785
1 3056
2 167
3 3369 3627
2 630
1 3758
1 1948
2 4650
1 4471
3 945 3508
2 33
1 583
1 466
2 2538
2 3384
3 3407 4393
2 1650
3 2408 4610
3 2935 4870
1 4878
2 4419
2 3608
1 4488
1 1683
1 4298
2 4711
1 2620
1 4642
1 3249
1 4342
2 3997
3 3305 3556
2 218
1 3528
3 2426 2509
1 3092
3 4297 4992
2 979
3 4683 4829
1 240
2 4688
1 2468
3 3474 4759
2 2253
2 1682
3 2327 4764
3 2317 4133
3 267 1773
1 2088
1 2994
1 2259
2 411
3 2091 4134
3 3428 3979
3 811 1132
1 4268
3 4474 4571
3 647 1670
3 1018 2641
3 3724 4731
3 3422 4930
1 18
1 2618
2 174
2 4255
2 466
2 3592
1 2933
1 914
2 2780
3 4204 4648
2 99
1 2482
1 72
1 4887
3 540 2168
1 1971
1 1485
2 191
3 4611 4946
1 3290
1 296
3 4193 4968
3 1666 4069
1 1288
3 1632 2791
1 1654
1 3816
3 4259 4995
3 3378 4821
3 2447 3248
3 3029 3412
3 3395 4725
3 390 4300
3 1910 4059
3 2109 2426
2 1021
2 1121
2 1028
3 1941 2286
3 2022 3354
3 2081 4537
2 4749
3 1188 4116
2 2565
1 3509
2 2132
1 3631
2 3447
1 2105
2 2027
3 1747 3197
2 316
3 179 3334
3 1873 2914
3 4450 4749
3 3113 4722
3 276 1744
3 4011 4161
1 2882
1 3380
2 3977
1 839
2 1724
3 2306 4605
2 2315
1 2790
2 3361
3 2451 4310
2 3223
1 1364
2 3526
1 3541
2 3003
1 3139
3 4344 4606
1 1933
3 1903 4730
1 3538
1 4028
2 2635
1 4229
3 2577 3887
1 3196
3 2898 4373
3 2791 3649
3 389 3643
3 135 859
3 1471 4068
2 3302
3 2593 2873
3 1772 2872
3 4186 4550
2 1687
2 2829
1 3839
3 1289 3077
2 1472
3 1175 3065
3 1901 3090
3 2020 4505
1 2554
1 3845
3 2145 2912
1 4701
2 4747
3 3164 3932
1 3872
2 4351
3 787 1750
3 1331 2654
1 1584
2 3330
2 4708
1 675
1 4146
1 4568
1 3361
3 3346 3486
1 1739
3 266 4166
3 2968 4194
3 4890 4943
3 1345 3390
2 4320
3 779 4462
3 947 4330
1 4790
2 2925
1 896
3 541 2396
3 4389 4405
3 2125 4773
3 1855 2919
3 354 2969
2 3051
2 2187
2 4741
2 1075
1 2746
1 2641
2 1390
1 1330
2 1184
2 1653
1 1452
3 555 1408
3 4180 4513
2 3204
1 1287
2 4892
3 3203 3297
2 4817
1 4618
2 2373
3 3453 4239
1 121
3 1963 4084
2 3132
3 1302 1569
1 3466
1 4330
1 3819
2 3742
1 4944
2 4368
1 3962
2 2761
2 1006
1 305
2 3033
1 4739
2 1349
1 1902
2 3236
3 4079 4894
3 1111 3143
1 1397
3 1014 3304
1 552
3 1295 2443
1 2827
1 2012
3 2553 3924
1 2806
1 3772
3 490 4647
2 1014
1 3296
2 919
2 3725
1 3102
3 1078 1792
2 139
1 3208
2 3241
3 2587 3550
3 3270 3741
2 4058
2 54
1 4858
3 4344 4424
3 4175 4917
1 574
3 2566 3524
2 2356
3 4895 4915
1 4868
2 1335
1 4995
3 783 4552
3 195 2964
3 4631 4643
2 4507
1 4051
1 3152
2 1099
3 4044 4297
2 3490
1 2046
1 113
1 1077
3 3878 4717
1 780
1 2216
3 1105 3595
2 1127
2 2721
3 1234 2058
3 2390 2582
1 1487
3 830 1702
3 4441 4650
2 130
2 3871
1 1047
3 970 2517
3 2535 3620
3 3320 3896
2 4153
1 703
2 1313
3 3466 4141
2 3989
3 1444 1813
3 184 1637
3 3005 3956
1 4716
1 3283
3 3183 4348
3 2870 3332
1 3948
1 3808
2 4838
2 4817
2 2275
1 3309
2 3068
2 4683
1 1203
1 2676
2 4057
1 3990
3 2488 3907
1 3049
1 4932
3 1160 3478
3 3395 3692
2 563
3 1812 4596
3 543 4637
1 936
1 4391
3 3047 4054
3 628 1808
2 4223
3 190 709
2 3068
1 1637
1 663
2 4128
1 4748
3 2593 3743
2 4924
3 2528 4390
2 4916
2 582
2 722
1 2952
1 1328
1 663
3 399 1050
1 3862
1 3103
2 2381
1 4040
2 3604
2 4187
1 4661
1 2190
3 3447 3820
3 3548 4362
3 3149 3214
1 2871
3 1640 1833
1 1307
2 4290
2 4861
3 2371 3433
2 928
3 2975 4619
3 4545 4844
3 4682 4972
2 3080
2 3841
2 4527
3 3391 4206
2 464
1 4477
3 1709 4214
1 4042
1 3146
3 3395 3574
1 2389
3 2 415
2 3513
3 611 3451
3 3502 4077
1 2860
3 3822 4619
3 1241 2634
2 3215
3 4452 4988
3 3877 4947
2 4032
3 4844 4991
1 999
1 2204
3 2891 4953
3 2407 4548
3 4494 4856
2 1629
3 4626 4916
1 2548
3 4179 4509
2 2792
3 587 1802
2 2889
2 4003
3 1716 2150
3 4998 4999
3 3477 4690
1 4154
3 2114 2124
3 4187 4789
3 3635 4307
3 1671 2397
2 2077
3 1164 3391
1 4948
2 957
1 3317
1 4330
1 2563
2 1818
3 4995 4996
2 1553
3 4833 4841
3 647 2171
2 4858
3 924 2263
1 1865
1 2235
2 2305
1 3573
1 816
2 4919
1 599
1 1449
2 1075
1 4128
2 3288
3 1558 1742
2 1216
2 3569
2 3450
1 4255
2 3670
3 2683 4704
2 277
1 3688
2 3554
1 1878
1 1942
1 415
2 1746
2 406
2 1631
1 3277
1 578
3 1435 3619
3 2374 3886
1 4535
2 4791
3 4981 4999
3 504 4894
2 3640
2 4903
2 7
1 4150
1 2057
3 1352 2451
3 4490 4746
2 876
2 1565
1 294
2 4284
2 4801
3 1016 3652
3 4112 4868
2 3551
1 4707
3 522 2916
1 3505
2 4420
1 2731
3 458 3618
1 4927
2 2079
3 1962 4611
1 4284
2 608
3 3178 3286
1 2511
2 3996
2 154
2 3880
3 4160 4787
3 2311 4732
3 1268 1982
1 3521
2 4357
3 3312 4280
1 12
3 2734 3890
1 1701
2 3029
3 1556 1579
3 767 4616
3 360 2332
1 2021
3 4699 4846
1 4023
1 2613
3 1598 4800
1 1162
3 3429 4304
1 4324
1 4089
2 1724
3 1695 4180
3 224 879
2 2791
2 4796
1 1150
1 2638
3 1704 3816
2 4973
2 3092
3 1171 3810
1 2943
3 2308 4318
2 4735
1 1952
3 3986 4750
2 3463
2 4462
3 4652 4928
1 1190
1 4032
3 282 2380
3 1503 2323
3 3508 3871
1 2666
3 2543 3771
2 3000
3 3448 3983
1 2394
2 2771
3 118 2005
2 2000
2 3710
1 678
2 4648
1 89
2 259
2 3860
1 835
1 2059
1 4324
1 2295
3 702 4731
3 2794 3496
1 2144
1 2461
3 4356 4821
2 2095
3 2759 4770
1 1090
3 4549 4825
3 1439 1642
1 1064
2 4717
3 2877 4600
2 2409
1 751
3 1882 3450
2 741
3 4206 4656
2 1120
1 4406
1 4891
2 3488
3 4721 4859
3 3097 3220
2 2706
3 3921 4294
2 3726
2 2947
1 285
2 2658
2 1033
3 437 1806
3 1874 1916
1 1712
2 2363
3 883 4738
3 2985 4950
3 3998 4010
3 441 2592
2 3135
1 1240
1 3668
2 3799
2 718
3 143 3473
1 1947
2 3686
1 628
2 2912
1 1585
1 2249
3 614 3013
3 212 981
2 146
1 4260
2 1554
2 654
2 4883
1 1994
1 3977
3 2499 3352
2 4453
2 2731
2 3614
1 2604
1 2198
1 3863
1 1357
3 1050 2611
2 858
3 88 3920
3 2672 3620
3 1026 4846
3 953 4021
1 265
2 366
1 974
3 4830 4869
1 1192
2 200
3 3602 4237
2 1188
2 2453
2 4838
1 2700
1 1737
1 4667
3 704 1954
3 4493 4635
1 1896
1 1714
1 1078
2 992
3 3650 4441
1 2698
3 1468 3115
3 2672 2866
2 4162
3 2289 3254
1 3286
3 1134 1987
3 3413 3450
1 4436
1 193
3 1035 3928
3 3846 4227
3 4716 4898
3 4928 4962
1 271
2 1176
3 3861 4442
2 4746
3 57 4953
1 1076
1 2173
1 2614
3 4981 5000
1 4920
1 1627
2 1540
1 4316
1 244
3 1703 3648
3 4126 4151
3 4012 4745
3 4098 4488
2 3277
3 3652 4228
2 4690
1 1224
3 2224 2313
1 3900
2 4779
1 3012
2 276
1 827
3 2908 4426
1 4316
2 2894
3 2125 3526
2 1408
1 4515
2 3464
2 2747
1 1111
3 3164 3752
3 754 3045
1 4166
2 3724
2 2330
3 2326 4412
1 4876
3 2773 4371
2 33
1 1804
2 4392
3 679 4130
3 1551 1633
3 3536 3784
3 1708 3048
2 1132
1 147
3 4881 4980
1 2838
3 3060 3102
2 4628
2 2177
1 4474
3 3911 4350
3 1114 1187
2 1206
3 4444 4975
3 1382 4000
2 4387
3 3621 4791
1 2827
3 3488 3909
1 49
3 1671 4249
3 134 1639
3 2990 4076
2 1515
1 4455
3 525 4679
1 3665
1 1245
2 4075
2 1931
3 686 3260
1 2029
2 4208
2 2204
1 4233
2 716
1 4238
2 4690
3 1640 4305
3 1301 4971
1 3806
1 1315
3 4188 4512
1 3254
2 674
3 1463 3469
2 1824
1 69
3 2244 4355
2 3189
3 4675 4926
2 1074
1 3011
2 3207
1 3558
3 918 1928
3 4952 4968
3 3301 3429
2 3643
1 4066
2 904
1 3921
3 1777 2201
3 4580 4739
3 908 1083
3 3051 3883
3 703 2041
2 2631
1 2170
3 3025 4199
1 4991
1 590
2 2454
1 2036
1 3232
3 4892 4973
1 4812
2 3136
1 1291
2 1126
3 3607 4644
2 3658
3 283 819
1 3353
3 4483 4754
2 401
1 2267
1 3576
1 4002
2 1253
1 2132
2 180
1 3131
2 2083
1 3171
3 905 3701
1 141
1 1823
3 1290 4506
3 2176 3846
2 3050
1 936
3 2007 4371
2 649
2 2033
1 1587
3 2770 3120
1 45
1 2689
2 2526
3 3266 4716
2 4692
3 2506 4977
2 1918
2 2217
3 585 2632
2 253
1 2751
1 4519
2 2523
3 4470 5000
2 4317
1 1574
3 3265 3633
2 1413
1 2758
1 1218
2 132
3 3777 3951
2 1914
1 3514
3 2090 4022
1 1137
1 2858
2 1735
1 106
2 1482
2 4026
3 4375 4537
2 3153
3 3021 4578
2 1524
1 393
1 2708
3 4678 4839
3 3107 3991
3 362 4120
1 620
3 90 4387
3 1910 4553
1 4970
2 3092
1 2307
2 2516
1 4052
2 841
3 278 2454
3 493 3041
3 350 2013
1 2149
1 4375
2 4658
1 4417
3 1490 1810
3 236 3096
3 4795 4796
2 1374
1 1425
3 1426 1490
2 4523
3 4320 4625
2 1345
1 4068
1 1396
1 2614
3 3955 4201
2 3204
2 1445
1 2793
3 4248 4381
1 4731
3 1404 3061
3 808 2419
1 578
2 4307
1 370
1 3860
3 29 3624
2 4147
2 3981
3 2918 4687
1 3950
1 1980
3 4959 4961
3 3493 3707
2 4762
1 360
2 3059
2 1165
2 4694
2 1110
3 4117 4709
1 3838
3 2603 3454
2 4068
3 3641 4664
1 3224
1 2231
2 3004
2 3850
2 1266
2 1974
1 1427
1 596
3 1068 1890
3 2690 4332
1 3341
1 4511
2 3658
1 1015
3 1836 3718
3 4862 4897
2 1637
1 3582
1 574
3 516 4619
1 1158
2 2321
2 2101
2 2055
1 3352
2 4984
1 3569
2 72
2 3344
2 758
2 3132
2 4209
2 4999
1 3355
3 2381 3748
1 1701
3 4849 4933
3 2261 3843
1 4146
1 1301
3 688 4378
3 3650 4304
2 2963
1 1311
3 1870 2487
3 352 2582
2 3664
2 757
1 3803
1 36
1 669
3 1661 2217
1 4921
1 1093
3 4113 4171
3 554 3438
3 2307 4595
1 1964
1 3026
3 4690 4751
1 851
1 1764
1 1615
2 3641
3 964 4008
1 3083
2 611
2 3034
3 2108 4418
3 3446 4895
2 786
2 4415
1 2298
1 2231
3 789 3656
2 4244
3 829 885
3 3339 4078
2 1867
3 2643 3778
3 488 2534
3 285 2829
2 1193
3 2881 3002
3 948 2114
3 2730 3510
3 4337 4969
3 2340 4841
2 2884
2 1290
1 352
1 3145
2 1295
2 2916
1 1517
3 589 4989
2 3909
1 2937
2 962
3 1469 1805
1 4563
1 3173
1 4031
3 4918 4937
1 2635
3 3783 4690
3 1512 3236
3 2349 2998
2 2036
3 3997 4286
1 4734
1 599
2 2790
3 4078 4192
1 2295
1 938
2 2692
3 4134 4756
2 3283
1 2895
2 4826
3 4402 4598
3 2405 3674
1 1457
1 2055
2 3707
3 2872 3376
1 4127
1 3785
3 1993 4924
3 3815 3918
1 1021
3 4003 4188
1 4670
1 1646
1 4599
3 3097 3349
2 2088
3 1147 1792
2 1875
2 2821
1 3592
1 81
1 1869
2 2865
2 1225
1 852
3 2700 4839
1 609
3 4892 4937
2 4122
1 3054
2 1944
3 4204 4454
2 2218
3 3815 4441
3 4336 4401
2 2768
3 480 3111
3 3744 4243
3 3766 4444
1 4818
1 2102
2 528
3 2139 3804
3 649 3910
3 678 4876
1 2636
3 4578 4727
1 2586
1 678
3 3337 4779
2 3798
3 1943 3808
2 889
3 3076 3631
1 347
3 3989 4772
3 3737 3965
2 977
1 3544
1 3932
1 4689
3 3708 4753
3 4779 4783
1 1706
3 2719 3271
2 2748
2 3976
2 1590
3 3194 4058
2 1579
1 1589
3 4208 4440
2 3620
2 527
2 3640
3 2618 3584
1 3337
3 1294 4284
2 3930
3 1860 4186
1 644
1 3952
3 1128 4348
2 4732
3 3313 4090
1 4949
2 1476
1 4801
3 3676 4322
2 3958
2 3330
2 1339
3 4554 4917
3 4585 4970
3 1625 4745
3 4169 4370
1 4080
3 4457 4596
1 4307
1 1878
1 3514
2 4710
2 4699
2 257
2 668
3 3125 4702
2 3494
1 276
1 4350
1 1369
3 3136 4635
1 3430
1 3371
2 153
1 4301
2 4923
3 108 1480
3 1425 4911
3 2094 4703
2 4257
1 1096
3 1846 4144
3 2421 3069
1 150
3 4921 4997
1 742
1 3524
2 3422
1 2318
1 4179
1 4607
2 2998
2 691
2 4276
3 204 1004
3 2773 4878
2 132
3 2904 4149
1 3055
1 3733
3 4367 4827
2 3858
3 2985 4734
1 2252
2 137
1 2869
3 4050 4300
2 611
1 2280
3 4391 4814
2 2445
3 4113 4408
1 3709
1 4437
1 4724
1 2864
3 4654 4774
3 3095 4172
2 407
1 1434
1 2293
3 967 3135
2 3809
1 3403
3 536 3995
2 4896
3 1494 4170
1 3243
1 1756
2 1667
2 1891
1 2765
2 686
2 4184
3 430 4266
1 4349
2 3362
3 3374 3432
3 53 783
1 4355
2 4810
2 2797
3 395 3727
2 3546
1 3067
3 2170 4551
2 1126
3 3634 4329
2 4720
3 39 1996
3 1016 4631
3 639 1923
2 346
3 4771 4971
3 2568 2658
3 1175 1365
1 3834
2 2036
2 4368
3 379 4519
1 224
1 4554
2 1732
1 1138
1 2601
1 1983
1 923
2 4816
1 4288
3 4414 4709
3 1397 2638
2 4031
1 1926
3 4483 4947
2 2987
1 2723
1 4336
3 2924 2983
2 1334
3 1596 1610
1 4530
2 1267
1 3728
2 2859
2 2045
3 1354 4338
2 2112
2 4585
2 1046
2 2815
2 1793
3 2506 4636
2 760
2 848
3 4153 4740
1 3190
3 4122 4904
2 4862
3 887 4088
3 4694 4783
3 3778 4023
2 2966
3 4597 4717
2 1642
3 282 1911
1 2876
2 2415
3 2549 4235
3 2271 2398
1 1263
1 1594
2 2280
2 944
1 65
1 715
3 4299 4497
2 1363
2 3495
3 229 661
1 1890
2 2614
1 1495
1 2515
1 2318
2 83
1 3017
3 4995 4996
2 4391
2 4902
3 2354 3598
1 1569
3 1815 1830
2 4701
1 4507
2 2520
1 2736
3 4989 4997
1 937
3 4087 4570
1 2189
2 228
2 3717
1 1535
2 1619
3 569 590
1 3796
1 2114
1 2934
3 4745 4820
2 4046
3 671 4184
1 3629
3 1276 1278
1 450
2 1876
2 4857
2 2930
3 2585 2865
1 4692
1 4285
1 4851
1 1970
3 1347 2706
1 4053
1 4139
3 4247 4561
1 3451
1 1692
2 4937
3 622 2364
3 1743 4795
3 920 4952
1 1889
1 318
2 3575
3 3046 4042
3 4190 4653
1 2973
2 609
1 2572
3 2253 4156
1 2520
1 3129
2 1220
2 3467
2 3668
1 988
1 1038
3 1904 3213
2 4252
3 4020 4303
1 525
2 2355
2 3960
3 2833 3027
2 390
1 1357
2 3012
3 932 4996
2 1327
1 1637
2 125
1 2388
3 2491 2868
1 1116
2 1058
3 2641 2928
2 4165
2 2802
1 3172
1 2102
2 402
3 464 2127
2 1075
3 3486 4580
3 191 2819
1 3945
1 1333
2 2670
1 2534
3 849 2788
2 2726
2 4002
1 1469
1 667
1 3807
3 1138 1616
3 2469 4772
3 3549 4612
3 2913 3040
1 167
2 2220
3 310 1165
2 825
2 1745
3 3215 3486
1 2873
2 2764
1 384
1 3574
2 2609
2 2333
1 555
2 2636
3 4180 4949
2 896
1 3989
1 4187
3 4248 4339
2 4945
3 1006 3733
3 3173 3243
1 4479
2 3124
3 265 3053
1 2851
1 3426
2 3732
2 4617
2 3070
2 2540
3 2349 2514
3 2028 4080
3 4234 4487
1 3775
3 2680 4511
3 1222 4529
3 1393 4080
3 3309 3564
2 2391
3 1939 4046
1 199
1 264
1 1977
1 594
1 1258
2 765
1 2746
3 3048 3136
1 972
3 3947 4519
1 3889
3 530 2276
3 839 2552
1 1621
1 2296
2 291
2 500
1 2823
1 1732
2 1381
3 2352 2870
1 4203
2 851
3 2347 2795
3 4057 4130
2 2146
2 2127
2 4418
2 379
2 4804
1 4760
2 3117
3 13 2032
2 1881
1 4683
2 4950
3 442 2430
2 4277
3 3707 4943
3 4500 4696
1 3595
2 1151
2 3384
2 4418
1 4099
1 293
2 64
1 2937
1 4784
1 4029
1 3808
2 4632
3 2922 4875
3 3963 4027
3 1955 2346
3 3688 4152
3 3214 4285
1 1360
3 4337 4528
1 629
1 807
3 4986 4990
2 2227
3 3376 4767
1 2229
2 1662
1 807
1 1611
2 6
2 1132
3 4058 4258
3 4763 4943
2 4236
2 1273
3 4189 4572
3 2865 4172
1 4199
3 3888 4454
1 1236
3 1561 4348
1 4973
1 2202
1 4094
3 1335 4954
2 34
1 428
3 1083 3445
2 878
3 2604 4132
3 2888 4812
3 4765 4788
1 1325
2 3273
3 2088 2227
3 3512 3852
2 3134
2 4891
3 3760 4153
3 3288 3322
2 2692
2 3797
2 896
3 76 4170
1 1170
1 4584
3 4103 4670
1 911
1 4652
2 1825
2 1638
1 3159
2 4362
2 3102
3 2606 3749
3 3742 4521
1 4474
1 4342
3 951 4927
1 4887
2 4899
1 2025
3 4523 4608
2 3415
1 1197
3 2311 3289
1 4991
2 4976
1 3945
3 2979 3520
3 4812 4885
1 1658
3 1970 2752
1 4652
1 877
3 2759 4312
3 175 4144
3 4987 4992
1 1776
3 4396 4640
3 3027 4802
1 1666
3 1581 3937
1 4350
2 3526
1 1261
2 4655
2 568
3 4772 4858
2 4975
2 649
3 410 1946
1 1441
2 3799
1 1444
2 2434
1 2404
2 1709
1 2742
1 3398
2 1197
2 542
2 1005
2 1192
2 1100
2 3312
2 679
3 1310 2331
2 4063
3 1776 4708
1 70
1 3090
1 4259
1 62
2 4731
3 1416 3664
3 1946 3252
1 3781
1 1378
1 4028
2 4441
3 949 3467
2 1292
2 4464
2 259
2 4072
3 76 4767
3 1553 4071
2 2740
3 3571 3900
1 3937
3 534 2942
3 4553 4603
3 1138 3932
3 1467 4685
1 21
3 2194 2206
1 4696
1 1958
3 813 1772
2 756
3 2114 2695
2 557
3 2146 2931
3 4079 4845
1 1075
1 4848
2 1406
2 925
1 3526
1 2089
2 722
3 4136 4909
2 668
1 3146
3 2225 4720
1 1516
2 3517
1 125
1 2267
3 3156 4473
3 452 950
3 823 2026
3 1221 3166
1 3634
1 4684
2 479
1 4133
3 914 2556
3 1188 3351
3 4469 4967
3 3427 4763
1 1250
2 773
3 4834 4928
2 1545
3 1488 3931
3 1181 2806
2 3845
2 225
1 4695
1 1843
1 3251
2 3410
1 2563
2 3064
3 4851 4945
1 2570
2 3193
1 4714
1 3090
1 3610
1 3241
1 1856
3 2540 2604
3 4026 4685
1 4903
2 2357
1 3859
