5000 5000
1 3183
3 2976 3794
2 820
1 2633
1 4514
1 2811
3 3801 4427
1 1154
3 2641 4572
1 1868
1 1242
1 3300
1 976
1 3115
2 4890
3 759 3534
3 583 2631
1 771
3 4822 4973
1 4871
1 1367
2 1771
2 2300
3 1768 4594
2 255
1 3879
1 4572
1 3648
3 134 1597
1 4777
2 3794
3 1542 3839
3 1827 4348
2 4742
3 3817 4985
2 3408
2 2562
2 4656
1 2866
1 444
3 2348 3092
2 3607
3 4958 4960
2 981
3 2673 3203
1 457
1 3563
1 4127
1 3505
2 4591
3 986 4444
2 4679
2 2007
3 1957 4018
1 1110
3 3025 3892
3 194 2293
3 4605 4797
2 1862
3 2346 4075
1 4615
1 819
2 1940
3 4865 4913
1 1060
2 3635
3 3317 4226
3 1537 3229
3 473 4445
3 234 3149
2 1251
1 2164
2 1951
1 3828
3 2423 3690
2 1408
1 20
1 2457
2 4689
1 1071
3 2022 3530
1 3594
3 2104 2924
3 4335 4978
3 2146 3883
3 3490 4970
1 4646
1 3003
2 2794
1 2160
1 1889
2 379
1 3202
1 2882
1 3751
3 3171 3451
1 3979
1 2541
3 3275 3973
2 2450
2 4810
1 303
1 4276
1 3120
3 1489 2662
1 1024
2 4041
2 4319
2 434
3 1925 2858
2 1425
2 2938
2 4439
1 2285
2 4416
3 2846 4268
3 2986 3426
3 1909 4996
3 4123 4796
1 2254
2 1143
3 1207 2413
2 1361
2 2781
1 3628
3 2860 3631
1 1190
2 3963
1 1275
2 2740
2 88
2 1507
3 1436 2890
3 4780 4966
3 1850 3970
1 2772
3 2743 4335
3 3652 4724
1 1067
1 2179
2 1521
3 2564 3731
2 4314
1 4105
3 2291 4848
3 451 2049
2 2546
1 1442
1 24
1 1397
1 2082
1 1589
3 4912 4923
1 3783
2 4138
3 2321 2603
2 2397
1 1049
1 1785
2 901
2 1277
3 2346 3258
3 3339 4724
3 818 3884
1 2693
1 2367
2 4541
2 3927
3 3358 4793
3 605 2687
3 732 3108
1 3372
1 1047
2 3103
1 1379
3 1011 1207
3 226 1221
1 3408
2 1222
3 4073 4519
3 4089 4153
2 2926
3 3095 4445
3 4886 4991
2 3235
1 236
1 999
3 3260 3991
2 2022
2 1121
3 2703 4749
3 2346 3788
1 2284
2 4338
3 2886 2900
2 782
3 934 2589
2 3317
2 707
3 2256 3218
3 4025 4939
2 3655
2 1361
1 4375
1 4965
1 2350
2 3912
3 4245 4395
2 479
3 3086 4210
1 1367
2 2238
1 2238
2 2772
2 3822
1 2529
1 1608
1 923
2 1966
3 4574 4635
1 953
3 2741 2856
2 2976
2 329
1 437
1 3609
3 2186 3740
3 4974 4993
1 775
2 4934
1 3787
2 4753
1 866
3 647 895
3 1675 3493
2 3229
3 2184 2196
1 3038
3 3442 3460
3 3974 4265
2 2123
1 106
2 1603
1 1964
1 1774
3 852 4868
3 2490 4659
2 691
1 3559
2 112
2 319
1 4707
1 3158
2 1994
1 2405
2 635
3 3930 4010
2 4149
3 2008 2447
1 4436
1 3872
1 4231
1 4199
2 3981
3 2682 3263
2 2256
1 4824
1 3634
3 2622 3464
2 2980
3 2387 2874
1 1503
3 4329 4921
2 4185
2 4523
3 92 2978
2 4621
1 4316
3 4138 4376
1 4575
1 4716
3 4267 4437
3 1155 3502
2 1770
2 3276
3 2142 3089
1 344
3 2447 4920
1 4727
1 40
1 4534
3 2185 2655
1 3187
3 1083 4876
3 2892 3263
3 4776 4986
2 2027
3 836 2865
1 1129
3 1862 3208
1 3699
2 3673
2 3622
1 3281
3 2195 4438
2 9
3 3709 4639
2 1308
1 1024
1 1732
2 73
3 2958 3875
3 2834 3373
3 2758 4118
2 798
2 2654
3 1737 4118
3 1269 2337
3 4860 4895
2 3725
3 3591 4791
2 3146
1 1543
3 709 3958
2 338
2 1956
3 3875 4133
1 2153
1 588
2 3271
3 4828 4832
2 4206
3 4915 4927
2 3624
3 777 3546
1 2034
3 16 2593
2 4786
2 2578
2 1828
2 1901
1 804
1 2252
2 4731
1 3269
3 4689 4805
2 2803
1 2795
3 889 4784
1 364
2 1400
1 3406
1 3667
1 1311
3 2055 3776
3 1732 3905
3 4283 4741
1 2504
1 403
2 850
2 3584
2 1011
3 4622 4828
3 4915 4995
3 506 755
1 2441
1 4966
1 4910
1 1284
3 3747 4684
2 3362
1 979
1 1981
3 1761 2346
2 1101
1 632
2 3853
2 365
1 1305
1 939
1 474
2 635
1 656
3 4497 4606
1 2233
3 4569 4757
1 3096
2 4276
1 1062
1 4457
1 783
1 4463
3 1331 3746
2 173
1 2007
2 3855
1 3143
1 3290
3 365 3965
3 737 1647
1 3449
1 4390
2 3056
1 4236
1 3148
2 881
2 1722
2 869
3 3963 4688
3 2170 3222
1 3991
3 3337 4562
2 2457
3 1925 4004
1 756
1 68
2 3298
2 332
2 4559
3 4175 4416
1 4465
3 836 3356
2 1394
3 2417 2934
3 4748 4865
1 4228
2 2702
2 3937
3 2656 3607
2 513
1 424
3 1650 1785
3 1682 2525
1 2615
2 3281
1 2732
3 4345 4712
1 3818
2 1176
1 2200
3 75 3746
1 4070
1 4594
1 604
3 2063 3716
1 359
1 213
3 1195 3224
3 331 3023
3 126 2774
1 4689
3 590 802
3 4990 4998
1 1069
1 2632
1 4012
3 4712 4919
3 1841 2255
1 3445
3 3083 4691
2 3529
1 2467
1 587
1 109
2 1962
3 1049 1767
1 2837
3 1131 4371
3 2269 3815
3 128 885
3 745 1299
1 4261
1 2
1 1029
3 2845 4302
3 3134 3475
1 2554
1 1055
2 2875
3 921 1022
2 1197
1 3831
3 2867 4071
3 1472 4060
3 851 1700
1 631
1 3213
3 4767 4801
3 2514 3914
2 427
3 2142 3428
1 3460
3 3498 4107
2 1204
2 1454
3 1808 4715
2 1222
3 3052 3207
1 4115
1 3767
3 2632 2919
3 4131 4243
3 581 4058
1 20
2 1187
1 1622
3 3530 4412
1 3960
1 430
2 313
1 1767
1 3954
3 4051 4407
3 4996 5000
3 3783 3930
3 1457 2955
2 3937
3 3337 4297
3 1714 2729
2 4327
1 105
2 4962
2 3485
3 2623 2834
2 2827
2 1353
1 4988
3 2124 3301
1 4155
1 93
1 4382
1 3195
2 1515
3 2786 3636
1 269
2 1839
3 945 2669
2 1737
1 787
3 4823 4974
2 484
2 3742
3 568 1857
2 4586
1 1063
3 3999 4300
3 4369 4392
2 54
1 4804
1 3620
1 4342
3 2879 4230
1 3942
1 3046
2 471
1 4089
1 21
1 2840
3 2781 4301
1 3449
3 2423 4372
1 85
1 979
1 2479
3 922 3105
1 4508
2 3672
3 3386 4601
2 2124
2 565
3 1689 3341
1 2588
2 362
2 4375
2 2830
1 3249
1 3876
2 3530
3 4033 4566
3 4510 4834
2 3638
3 521 3504
1 1174
2 1036
3 4539 4671
3 4209 4377
2 353
1 4866
3 2493 2706
3 1537 3452
1 2241
3 1256 3299
1 4378
3 3205 4232
1 2637
3 2224 4356
3 1810 1983
2 3385
1 1788
1 2904
1 1041
1 549
1 1751
1 1564
1 3376
2 1346
3 2036 2525
2 64
1 712
3 2028 2854
1 2121
2 3463
3 494 2215
1 806
1 2915
1 3666
1 4402
3 1769 2184
1 1631
1 2660
1 3177
3 4772 4956
3 2200 2769
1 4163
1 3461
3 3052 3315
1 1174
3 1227 3741
1 1142
3 3038 3260
2 3115
3 4239 4999
2 656
3 2565 2992
1 3130
1 500
3 1620 2019
1 844
1 3680
2 2515
2 52
1 1354
2 1305
1 1196
1 227
3 2709 4718
3 3085 3925
1 4408
2 4008
2 2787
3 1594 4759
2 2063
3 522 2775
2 4368
3 4655 4695
1 163
2 4180
2 166
3 2413 3784
2 389
3 4447 4475
2 150
3 906 4744
2 3088
1 4444
2 1582
1 4489
1 12
3 4080 4918
1 1121
2 3969
1 4101
3 3782 4048
2 596
1 182
3 2414 4493
3 51 940
1 3602
1 2010
1 1138
2 45
2 1700
2 198
3 4199 4589
2 242
1 1123
3 3076 4653
1 168
2 2556
1 4350
2 4448
3 1958 4402
3 2771 3712
1 4299
2 2798
1 4179
1 3524
3 500 3727
2 2751
2 4490
3 296 2108
1 2784
1 4193
1 3138
1 3286
2 262
3 4407 4680
3 3048 4785
3 2283 4702
1 1478
3 1291 2660
2 2327
1 500
3 1993 3065
1 3365
1 2897
3 3952 4756
3 219 4755
3 1941 4986
3 4846 4990
1 498
2 2482
1 2721
3 3514 4824
3 1038 4949
2 668
3 2427 4340
1 1240
3 4986 4990
2 1151
1 3192
3 4097 4927
3 402 4640
3 3544 4083
1 2094
2 4278
3 4739 4927
3 2884 4536
3 2548 3342
1 2059
3 1920 4059
1 1118
2 1348
3 1360 4309
3 3932 4356
2 3428
2 3354
1 3575
2 180
3 4631 4689
3 3686 4197
3 3053 4417
3 3459 4940
2 1928
3 357 1067
1 701
2 944
3 2640 4338
1 933
1 2628
1 3545
3 2372 3350
2 154
1 745
2 1845
2 4702
1 2293
3 3103 4733
3 291 3310
1 3579
2 4950
3 475 1836
1 4084
1 3958
2 2975
1 2610
3 175 3715
3 4567 4614
3 1373 1548
2 4403
1 2656
1 522
1 2717
1 2108
2 4399
1 332
2 3475
1 2364
1 1686
1 478
1 610
3 4395 4761
2 1130
3 2415 4873
3 271 2042
3 216 2679
2 946
3 2814 3143
1 2006
2 3029
3 4993 4999
1 2279
3 4236 4942
1 4418
2 95
2 721
3 1153 2282
2 4331
1 4449
3 518 1958
3 2386 3533
2 2363
1 3788
2 2929
2 3882
2 3324
3 240 4473
3 1252 3970
3 1051 3521
1 65
2 4191
3 4111 4860
1 1846
2 3965
3 1067 1234
1 1716
3 1078 4305
1 764
2 1966
3 4104 4318
1 3212
1 2276
2 2046
3 1365 4735
3 4957 4961
3 3104 4248
1 1538
1 574
2 4541
1 2027
3 2657 3942
1 846
2 4007
1 1792
2 757
1 883
2 4724
2 1183
3 771 893
2 4411
3 2889 3525
1 3851
1 4671
1 2935
3 64 3855
3 2008 4460
3 4424 4727
1 2155
3 3991 4704
1 4687
3 1999 3573
1 2515
2 109
3 4976 4979
1 3605
2 3975
1 2005
1 398
3 1442 4033
2 4279
3 4603 4780
1 2504
3 4814 4889
2 1532
3 1682 3924
3 861 902
1 4494
2 4394
1 2353
1 4236
3 2642 2997
3 1285 4475
2 2310
3 4987 4998
1 360
2 2501
3 973 3469
2 1252
3 2141 4126
1 2167
3 2995 4343
1 2249
2 271
3 4503 4643
1 2174
2 3422
1 1541
1 3123
2 3083
3 524 4468
3 1864 4381
3 2386 4670
2 2478
3 1523 2636
2 1777
1 2725
2 2834
1 3752
3 217 3082
3 1688 2185
3 1480 4434
3 1375 2165
1 2676
2 3101
1 2477
1 3456
2 4246
3 3708 4614
2 4736
2 4191
2 4616
2 3196
3 188 3038
2 4080
1 854
1 1032
2 1717
3 3204 4665
2 892
3 745 3049
1 2392
2 2265
1 4614
2 4580
2 1046
1 961
2 299
3 4309 4574
2 4527
3 2578 4716
2 2127
3 3298 3584
1 2497
2 2732
2 149
1 3565
1 4895
3 1151 2890
1 800
2 1958
1 1543
3 429 680
1 1571
2 134
1 4900
1 629
3 2943 4280
3 4277 4713
1 944
1 4912
3 1773 2020
1 429
2 2487
1 1217
2 1562
1 2700
2 3315
1 3145
1 563
3 1563 3562
3 373 1647
3 393 1228
2 1738
3 528 647
2 4395
1 2560
3 1083 3312
1 2459
3 2726 3485
3 725 2702
1 4795
1 4179
3 293 4364
1 1540
2 2230
3 2830 4683
2 40
1 2344
2 4197
2 3553
3 1126 2446
1 1954
2 4656
3 2905 3192
1 557
2 417
2 3561
3 3493 4955
1 4878
3 3200 4652
2 4386
3 659 3832
3 3701 4745
3 849 3607
2 560
3 4058 4738
2 2423
2 4847
1 4143
1 1655
2 285
1 377
2 4588
1 2671
2 1906
1 3672
3 1586 3723
2 3256
3 891 921
3 2265 2434
1 141
2 973
1 2110
1 2327
2 726
2 608
2 3528
2 3750
1 2896
3 3649 4812
3 2761 3528
2 3437
2 1774
1 1149
3 1186 1926
2 2487
2 3575
3 2483 4267
2 4110
2 2540
2 4067
1 1589
1 3587
1 2267
2 200
1 2588
3 97 471
2 2807
1 1012
2 4950
3 2576 4190
1 1207
1 2178
3 3093 4197
1 261
2 1480
1 3523
2 375
3 184 702
1 4374
3 2308 3379
1 3408
3 928 1052
3 616 3731
2 2164
2 377
1 560
2 1609
3 4640 4881
1 4892
3 794 2179
2 3066
1 2170
1 230
1 1783
2 3104
3 3584 4033
3 975 1230
1 2366
2 844
2 1548
3 441 2763
2 3084
1 324
3 2283 4362
2 3631
3 1638 4531
1 3168
1 4415
3 4670 4738
3 986 1473
3 1353 2082
2 4230
1 3595
2 1090
1 4928
2 2005
2 4776
2 590
1 2239
2 1270
2 3006
3 2482 3782
1 4812
1 1986
3 3723 3763
2 4739
2 3815
2 3236
2 442
3 1724 2185
3 1707 2898
2 3073
1 264
3 1028 4158
1 2037
3 4595 4646
3 2930 3751
2 284
3 915 1157
2 3983
3 3941 4268
1 1508
1 1613
3 1779 3632
3 1707 3300
1 1013
1 2952
1 3456
3 421 2842
1 441
1 937
1 1365
2 1841
1 2248
2 3689
1 2209
1 622
1 191
2 479
1 2761
2 2131
1 1111
2 3366
2 4460
1 374
3 4843 4967
2 1580
1 709
3 430 3668
1 4167
3 2783 2957
3 2633 3784
1 3405
1 3713
1 3762
2 3989
1 2382
2 4389
3 3175 3686
1 2770
2 348
1 2253
3 979 2775
1 3329
1 4782
2 3571
2 2581
1 1699
1 4246
3 4906 4940
3 2288 2747
2 2253
2 3777
3 1223 3649
2 777
1 1232
2 1099
3 3254 4059
1 1512
2 118
1 3372
1 3495
2 4487
3 728 1957
2 4579
2 4282
3 907 1544
3 2865 4435
1 3438
1 2312
3 1287 3030
1 587
1 1975
2 3044
2 922
2 4836
3 1597 4673
1 2064
3 3229 3921
2 3035
1 3606
1 1440
1 3002
3 1513 3691
1 4120
3 274 1068
3 1765 1910
3 2340 3660
1 2057
2 908
1 4371
1 3253
1 636
1 1453
1 3174
1 3707
3 1323 4372
1 4125
3 698 3849
2 4414
2 139
2 4370
1 3053
2 2998
2 633
2 979
3 3566 3620
2 3679
1 4232
1 3224
2 2495
1 2164
1 1267
3 4495 4641
3 2295 3117
2 2685
3 3369 4703
1 3847
2 2965
1 3038
2 2124
3 3907 4879
2 4810
1 1996
3 4653 4758
1 2900
1 120
1 4219
2 687
1 1691
1 4074
3 4417 4436
1 2509
3 2952 3903
1 4513
2 3650
2 2238
1 1592
2 4968
3 2903 4179
2 1448
1 1741
1 3194
1 1571
3 4847 4932
1 1343
1 4539
3 1455 4455
3 3997 4949
2 4661
1 746
1 2766
3 1711 2333
3 2768 4967
3 1441 1529
1 1106
3 849 4957
1 3693
3 637 2546
1 2044
3 3842 4427
1 2033
3 2332 2439
1 2662
3 1756 3520
1 883
1 3320
1 3950
3 404 4388
3 3077 3161
2 321
3 3981 4093
1 1537
1 1
2 4770
2 1035
3 3676 4877
3 990 1011
2 2038
3 2289 3844
1 77
3 747 1109
3 395 1929
2 1026
2 931
2 2129
1 4069
1 4852
1 4529
2 1209
2 1733
1 3162
2 2429
2 3719
2 4950
3 2878 4577
2 43
2 3267
2 968
1 3638
3 4150 4268
3 4756 4795
1 584
2 4388
2 3130
2 2176
3 4179 4595
3 2558 3806
2 3069
3 368 2603
3 2651 3975
1 1781
3 2761 3470
2 4383
1 2269
3 1915 4196
2 3650
3 1737 2012
1 1832
3 4430 4652
2 2488
2 2632
3 4735 4796
2 4726
1 2856
2 1141
3 921 2663
3 2902 3251
2 2910
2 3561
2 3419
3 1920 3711
2 2284
3 3566 3790
2 4743
1 3153
2 803
2 574
2 3225
1 91
2 4813
3 3607 4766
3 3660 3663
2 1260
3 4334 4954
2 4172
2 2150
1 2497
3 2306 4121
2 4315
3 1101 4952
3 3601 4206
1 4119
2 1841
3 1246 2823
1 3068
2 2722
1 3576
1 645
2 2139
2 4054
1 3620
1 1525
2 3161
2 3504
3 2836 3920
1 2718
3 382 3479
3 3962 4687
3 2572 3424
2 4589
3 3362 4759
3 2325 4831
2 4299
1 2999
2 3469
2 2433
2 1850
2 4535
2 239
2 2840
3 647 3182
1 4776
3 874 3260
2 1950
2 3715
1 3294
2 4323
1 1551
3 3280 4484
3 4036 4958
3 2647 3008
1 4718
1 4697
2 1519
3 1708 4470
1 934
3 1478 1870
3 2652 4741
2 3414
1 4378
2 3565
2 1613
2 2663
1 1482
2 1222
3 771 1829
1 2989
3 791 4306
1 3054
1 4204
2 2818
2 1080
2 4200
3 4536 4746
3 844 1794
2 3746
2 2536
3 4037 4706
3 279 3409
3 2040 3533
1 3403
1 2109
1 105
3 4923 4953
2 1960
1 3698
2 4278
3 2465 3565
3 2282 4542
3 4031 4661
1 4159
2 3679
3 4589 4736
2 142
1 576
2 2396
1 3424
1 1337
3 115 3717
2 589
2 1539
1 4848
1 4443
2 3502
3 2207 2252
1 3831
2 3228
1 4128
2 3945
3 2779 3853
2 334
2 2721
3 4731 4924
3 812 1493
1 4463
3 1800 4247
1 3719
1 1471
3 3803 4572
2 1897
3 3441 4900
2 4788
2 3619
1 4282
1 4233
2 611
1 3227
2 1328
3 4161 4760
3 2179 3719
3 4876 4978
3 2465 2775
3 4988 4989
1 4799
1 3353
3 788 2171
3 3279 3731
1 1406
1 3851
2 2987
1 4072
1 499
3 3791 4910
3 3891 4005
3 2194 4761
3 1290 1711
1 2043
1 3132
1 4299
1 1978
1 132
2 1324
1 161
1 952
2 3544
1 4002
3 3032 3300
2 1475
2 4212
1 3113
2 4227
1 1748
2 344
1 4071
3 3325 4615
2 363
2 1632
2 3912
1 2720
3 1307 3826
2 2717
1 1326
2 1209
3 3460 4440
3 117 1265
3 288 2208
2 4079
3 1734 1877
2 1568
1 1342
2 4832
3 79 950
3 3767 4561
2 1083
1 4919
2 3328
1 3852
3 164 816
1 3709
2 4606
1 2625
2 2975
2 1250
3 4947 4992
1 4722
1 324
1 4404
2 1274
3 4643 4878
1 2322
2 2092
3 4484 4699
2 1407
3 4889 4901
3 1367 3368
3 943 2427
1 3060
1 1328
1 2368
2 395
3 2788 4624
1 3462
2 4154
1 507
3 2092 3084
2 726
2 2238
2 4451
2 4851
3 3348 4731
2 3172
3 1620 2096
1 3286
3 2503 3846
2 2971
3 4598 4609
1 591
2 1738
3 1144 3637
1 2990
1 4312
2 4701
2 4969
2 3392
2 3767
2 4922
2 466
1 4561
3 1786 1943
3 3288 4533
3 1784 4640
3 2460 3548
1 3056
2 4594
2 1877
2 716
1 1333
2 675
3 3901 3952
1 3119
1 4725
3 3746 4957
3 3194 4544
3 4680 4989
2 823
3 4617 4879
2 3862
1 1192
1 2446
3 1510 3146
2 3410
1 891
3 3507 4203
2 549
3 788 2247
3 3001 4230
1 4169
1 1699
2 692
1 2902
1 4339
1 797
3 2671 4690
1 1622
3 2696 4844
1 1639
1 4175
2 756
2 407
1 86
3 4104 4548
1 4663
2 709
2 963
2 4120
1 396
1 523
2 4465
2 3573
2 4937
3 4396 4515
2 2506
2 4606
2 411
2 4466
1 4469
2 3119
3 3872 4655
3 1510 3142
1 2497
3 1100 3772
3 4518 4560
1 876
3 1161 4333
2 275
3 2721 3290
2 2910
1 4007
2 1535
1 4804
2 3695
2 2674
3 4629 4667
3 2009 3917
3 2047 2346
1 1143
2 445
2 3519
2 3463
1 3942
3 2753 4233
2 2696
2 1147
2 4767
3 3094 4269
1 1056
3 693 1927
2 3120
3 225 4777
1 377
2 3127
3 1347 1991
3 969 1140
2 3974
3 3062 3434
1 2761
1 3636
1 905
2 1812
2 4451
1 1578
3 4595 4666
2 2081
3 3312 3570
3 1994 2037
2 4961
1 343
1 2995
3 1584 3363
1 3971
3 3651 4796
2 360
3 2320 2417
1 4653
3 3586 4984
1 4601
3 2288 3252
3 4741 4848
3 2860 3841
1 549
1 1027
3 1224 3157
2 2468
3 1634 3975
3 1439 2885
3 4318 4755
1 3410
1 3492
1 3494
1 4165
3 761 3945
1 4045
3 3236 4440
3 3912 4267
1 4962
2 675
1 3870
1 356
3 2371 3071
3 2068 4742
2 667
2 3637
1 907
2 1843
2 1249
1 95
3 4647 4880
2 4790
1 3575
1 2890
3 658 1339
2 666
2 718
1 4384
3 1156 4985
3 1936 3790
3 2140 2164
2 1116
1 1320
3 1058 3240
1 2322
2 4452
1 3997
2 2253
2 1618
3 1223 3124
3 3341 4505
3 842 4388
3 2529 3937
1 2386
1 3244
3 4407 4515
3 4717 4741
3 2101 3676
1 2938
3 2222 3152
2 1722
1 1651
1 4145
2 4999
1 1888
1 522
1 2361
2 951
2 503
2 1460
3 4494 4754
3 2722 3713
2 3017
1 1020
3 103 2016
2 2838
2 4486
1 1480
2 4284
1 1418
3 1689 3714
1 4973
1 1007
1 2165
3 3315 4994
3 910 4509
2 2818
2 3322
2 153
1 3454
1 1186
1 4789
2 2057
1 4247
2 1213
3 4739 4853
2 3554
3 4492 4646
2 3880
2 1367
2 2275
3 2330 2448
1 3464
3 4571 4609
1 4964
3 4648 4740
2 4855
3 1434 3523
2 1297
3 4707 4789
3 1258 1415
3 1593 3344
3 3854 4237
3 1324 1701
3 354 4125
1 3070
2 1432
1 2234
2 784
3 3436 4337
1 4688
2 3111
1 2254
1 1740
1 1758
2 4993
1 862
1 2474
3 315 1075
1 1219
1 677
3 3043 4914
1 4847
1 3598
2 9
1 4420
2 430
1 1215
2 4469
3 3571 4003
2 637
1 4388
1 4131
2 1916
3 4557 4634
3 81 2327
3 2858 4288
2 278
3 2141 4068
3 4531 4585
1 2506
3 4424 4805
2 2729
3 69 1926
3 2857 4139
2 2898
3 2834 4781
3 1101 4633
3 3883 4953
3 4235 4967
1 3053
3 4692 4790
1 3847
1 3742
1 2232
1 1853
3 929 1895
3 518 3716
3 4259 4800
3 3733 4668
2 3278
2 3036
2 857
1 1320
3 3413 3793
1 461
2 2009
1 1793
3 4845 4910
3 2813 3680
3 2886 3629
2 3428
1 4427
1 3850
2 214
1 180
3 4945 4981
1 3463
3 4466 4543
2 3687
2 3383
2 1323
3 1930 4506
2 131
3 347 2653
3 568 2952
3 3713 3943
2 1872
3 1464 3331
2 1795
3 2330 2860
1 3128
2 4234
2 2590
1 2253
1 2347
1 2064
1 1467
3 3833 4584
1 1225
2 108
3 117 4729
1 2209
2 2450
3 182 2222
1 720
1 4793
1 2259
1 3493
3 156 3293
1 2982
3 843 1544
2 1124
3 783 1913
3 4327 4793
3 196 4877
2 3918
3 2263 4977
1 1515
1 4389
2 4744
2 74
1 956
1 2127
3 4309 4330
3 1051 3053
2 1830
3 4132 4993
2 1468
3 1540 3469
3 4288 4675
2 3784
2 1587
2 4380
2 3925
1 3639
2 191
3 874 3576
3 127 4759
2 1066
1 2689
3 4770 4797
3 2022 2846
1 1511
1 4296
3 2434 3033
1 2820
2 2427
1 960
1 4458
3 3883 4628
1 1735
1 402
2 2646
1 2326
1 4798
1 4091
1 3391
1 16
3 3948 4583
1 2935
3 837 2081
3 2249 3737
1 37
2 1438
1 116
2 1630
2 3176
1 3374
1 1256
3 419 2975
2 129
3 4062 4132
1 2619
2 281
3 3298 3642
2 214
3 1412 2173
3 4741 4904
1 439
2 541
2 4620
3 3811 4438
2 652
3 1710 3577
1 1109
1 2869
2 1125
3 92 3572
1 898
1 2577
1 953
1 3562
3 2758 3654
1 2965
1 807
2 2144
2 430
3 1863 4383
1 735
3 1665 2257
3 1786 2837
3 762 4244
1 3835
3 1508 4414
2 4917
1 1000
1 4773
3 1174 2696
2 4738
3 1705 4806
2 3445
3 316 4725
3 2178 3249
3 974 2856
1 1042
1 3271
3 3514 4085
3 1833 4408
3 2062 4969
3 4893 4922
2 3295
2 4134
1 1600
1 3986
1 1093
3 3030 4487
2 2083
1 1081
3 3175 3996
2 3244
2 3516
1 2246
2 2927
1 2577
2 1046
3 701 1017
1 2901
2 1740
1 2028
3 2731 4951
3 4922 4937
2 1043
3 501 2108
1 2377
1 4447
2 221
2 2859
1 2666
3 3951 3978
3 182 4698
3 3478 3710
1 483
2 1706
2 84
2 4324
3 4375 4425
3 3719 3997
3 4884 4885
2 463
1 4939
1 2471
1 2154
2 1458
2 4288
3 720 817
2 3847
2 952
2 1536
3 1168 4716
2 2704
3 2290 3214
1 923
1 2456
1 4085
3 3703 4490
1 928
1 2788
3 2754 4801
2 2059
1 798
2 3028
2 4548
3 4801 4931
3 3121 3422
2 1909
2 612
3 3281 3575
3 2219 2578
3 749 4695
3 4872 4956
3 1181 2549
1 1247
2 2994
1 769
3 3400 5000
1 4449
2 1879
1 3808
1 4777
2 3603
2 1304
1 1686
1 4718
2 4471
3 886 4981
3 924 3587
2 2174
2 2850
2 4482
3 1401 4348
1 4241
3 4457 4801
3 1816 2026
1 4201
3 4088 4136
1 1139
2 3635
2 2378
2 2370
2 4025
3 3940 4580
2 3617
3 3710 4093
2 3495
1 4494
3 4606 4698
1 988
1 1880
3 4558 4691
3 3673 3940
2 3382
1 1070
1 2168
3 4652 4929
3 3624 4216
2 1170
2 1385
2 4000
1 391
3 1298 2045
2 4087
3 1371 2238
3 4835 4903
2 4520
1 1980
2 3322
2 1732
1 3384
3 4612 4687
1 1875
1 3121
2 4360
3 2997 4216
2 4066
3 3945 4679
2 4290
1 1179
1 1558
1 4439
2 2448
2 4975
1 2924
2 2338
3 4308 4355
3 2708 3162
2 4051
1 78
3 675 696
3 2746 4296
2 3567
2 4998
3 3575 4408
3 4219 4754
3 1129 3277
2 3083
2 3838
3 2217 3798
3 1571 3609
1 4584
3 2217 2303
3 4673 4820
2 3833
1 1909
2 2719
3 1586 4539
1 334
3 4809 4852
2 1734
3 3427 3862
1 4235
3 2435 4281
1 2641
2 2618
2 3799
3 1593 1673
2 600
2 3688
2 3444
3 1461 3027
2 3297
2 4298
3 2262 3865
2 4378
2 2810
1 4956
1 2439
2 1400
3 1277 1656
3 987 4828
3 3756 3858
3 3923 4864
3 4095 4473
1 4592
1 1163
3 880 3525
1 4427
1 1051
2 395
1 4938
3 4189 4945
1 4069
3 3352 3863
1 3389
1 3957
3 4196 4976
2 4869
2 1096
3 2446 4153
3 4536 4819
3 204 4932
2 3284
3 2393 3509
1 2474
2 1579
3 1706 3131
2 3728
3 2560 3071
1 4465
1 1435
1 2909
3 2090 3169
3 4037 4670
1 941
1 1740
3 4968 4972
2 4260
3 2714 3267
1 3011
1 4770
2 3227
3 4434 4848
1 3238
1 1750
2 1732
3 1718 4602
2 4700
3 1592 3035
3 4451 4819
1 171
3 2497 4106
1 388
1 2217
3 485 3526
1 2695
1 3207
3 1329 1818
2 2961
1 1404
3 309 4265
2 706
1 4747
3 1067 4988
2 3128
1 3461
3 1014 1341
2 1195
2 2112
3 649 3320
3 250 4672
3 1387 3644
1 72
2 223
1 3867
3 4189 4203
2 1590
2 960
2 321
3 2210 4324
2 4445
3 3211 3313
1 2911
2 3584
3 22 4141
3 4458 4697
3 2646 4730
2 1382
2 751
3 4644 4840
3 820 3721
3 1306 4958
1 591
2 1529
2 3657
1 3103
3 2690 4930
2 1895
2 2638
3 533 769
1 3575
1 888
3 4948 4955
3 2366 2544
1 2069
1 1483
2 2125
2 1812
3 3951 4247
3 1665 3091
1 4673
2 29
3 4958 4999
3 3619 3965
1 2451
1 1398
3 772 2361
1 1122
2 4891
3 953 3538
3 4977 4982
3 6 151
3 3218 4212
3 2023 2279
2 3601
3 4318 4587
2 1469
3 3062 3786
2 1035
1 4825
3 4672 4995
1 2292
1 4946
1 427
2 6
3 1853 4571
2 1527
2 506
2 1652
1 250
3 1777 2890
2 1387
1 4155
3 3868 3899
2 1528
3 3846 4717
3 1273 3524
2 1355
3 890 1534
3 4391 4608
1 3299
2 3564
3 829 3877
2 1971
2 338
1 1799
2 2123
3 1472 2846
2 2357
3 1816 4826
1 1994
3 851 3856
3 4373 4859
3 1675 2008
3 597 1944
3 604 997
1 1169
2 3241
2 1842
1 1123
3 859 860
1 2317
1 2087
1 3612
1 1672
2 103
1 4049
2 22
2 726
3 3059 3491
3 4340 4954
1 1910
1 3146
1 688
1 62
2 3225
2 3301
3 1535 4822
2 4566
2 503
2 3635
2 639
1 2494
1 1581
3 526 1356
2 230
1 1637
1 3222
2 83
3 2311 4657
3 3363 4070
1 254
3 4993 4998
1 4771
1 3721
1 3060
1 3615
3 2123 4744
2 4384
2 4054
2 2231
1 3043
1 4496
2 2025
2 3924
1 4975
1 4770
1 3893
2 1969
3 3673 4527
1 2829
1 981
3 3098 4797
3 3071 4273
2 2438
1 1706
1 2907
3 1192 3458
3 2590 3132
1 3747
2 2381
1 36
1 1222
1 1055
3 3094 4874
1 2789
3 1935 3368
1 60
2 4509
2 3273
1 1097
2 610
1 2746
1 1046
1 4965
1 4740
2 2763
2 4758
3 4830 4946
2 1011
3 1046 3174
2 2450
1 4553
2 429
1 4616
1 383
2 649
3 3402 4780
2 4219
2 4456
1 3634
2 2998
3 361 902
2 1002
3 1746 1816
2 1643
1 2734
1 630
3 3118 3607
3 3582 4341
1 4887
3 1555 3916
2 2658
1 4132
2 4997
1 2199
2 1878
2 1037
3 4770 4830
2 2926
2 670
1 4066
1 4384
1 278
2 3491
3 2294 4510
2 2116
2 1917
3 2107 3562
1 922
3 4161 4628
3 4763 4843
2 4402
1 898
2 638
3 2674 4123
3 2181 4958
2 935
3 4983 4989
1 2732
2 2121
3 2056 3285
3 1836 1910
3 51 748
1 3759
3 369 1405
3 3760 3937
3 1737 4408
2 4516
3 2632 2703
3 4877 4999
2 1656
1 4293
2 1546
1 2902
3 2339 4005
2 1677
1 2746
2 3470
3 870 3765
3 2506 4788
1 4306
2 874
1 3459
1 1069
2 3281
2 869
2 2259
3 2377 4486
3 2271 3987
1 4338
1 513
1 4523
3 3735 4860
3 2620 4496
3 3405 4236
3 3706 4816
2 2892
3 2255 2507
2 1910
3 176 4089
2 2063
3 4287 4848
2 4902
1 115
1 1720
3 3683 4043
1 221
1 3043
1 4293
3 4401 4716
2 1227
1 626
1 4897
3 1391 3704
1 4212
2 933
1 2975
1 3754
1 1563
1 1022
1 2716
2 2288
2 3140
1 3222
3 1802 4461
3 1546 2233
2 4660
3 542 1248
2 2811
1 1947
2 3613
3 3041 3498
3 2277 4994
1 1014
1 1847
3 3133 4878
2 202
3 3017 3329
3 4716 4893
2 2813
1 3734
1 2388
1 1346
1 1989
3 2782 3368
2 1006
1 224
1 1125
1 82
1 125
3 2639 4876
1 834
3 2195 3771
1 2797
2 3220
2 4692
1 1197
2 757
3 4158 4582
3 4339 4831
3 2441 3480
1 4979
3 2471 4517
1 4454
1 1694
2 2391
1 1672
1 76
3 1608 4022
3 2733 3244
2 4086
2 4738
1 2497
1 4352
3 470 1477
1 3625
3 1982 2181
3 2116 2549
1 4571
3 770 1916
2 1971
3 4968 4969
2 1332
1 3483
3 1491 2250
3 327 2518
2 4630
1 4343
3 3903 4337
3 649 1028
1 1013
2 856
1 725
1 2147
3 2878 3677
2 4215
2 4090
1 4195
1 4423
1 618
3 2434 3401
2 1009
1 2203
1 4658
1 4290
2 528
1 4236
2 2318
1 2577
3 4569 4596
2 4254
3 3118 4285
2 4055
3 840 2400
2 1658
2 2765
1 1972
2 4016
3 1758 4022
2 3289
1 2613
3 2167 4351
2 1719
3 376 2084
1 4206
3 3052 4226
1 2914
3 3236 3534
2 1330
2 2713
1 819
3 1709 4237
2 3606
2 4779
3 1028 3830
3 4958 4975
2 2765
3 2646 3790
1 4726
2 1951
3 1546 1850
3 3690 4558
3 4565 4978
2 58
2 1928
3 825 3896
3 2816 2910
2 1804
3 1208 2825
1 2020
2 4028
3 1696 4281
1 2360
2 1223
3 1786 3264
1 1316
2 4617
3 3734 4322
3 72 286
2 4218
3 1311 2485
3 4206 4289
1 4108
3 1273 1422
2 4079
1 3629
1 4656
1 310
3 1733 3343
3 1765 2581
3 4407 4915
1 4158
2 3059
3 3316 3606
2 2510
2 1579
3 1326 3733
1 4983
1 276
1 2514
1 4958
1 4096
1 2560
1 2761
1 2171
2 3201
2 1560
2 959
2 1779
1 1042
2 69
2 443
3 2645 4160
2 4865
2 3411
1 2471
2 414
2 2659
3 4440 4606
2 563
2 2067
1 4744
1 3193
2 674
3 3393 4712
2 4191
3 260 3850
1 1855
3 1830 3142
1 4114
3 3112 3553
1 4748
2 4363
2 3104
1 2043
2 1999
2 2112
3 215 2424
2 1400
2 4780
1 3469
2 2135
2 1689
3 3279 3387
3 2087 3047
3 4032 4500
2 3820
1 1725
2 1049
2 4506
3 4621 4840
1 2909
2 232
2 1025
1 3560
3 2005 4261
2 3970
1 1692
1 2674
3 1287 4073
2 4811
1 4494
1 4726
2 1071
3 1179 1275
1 630
1 689
3 550 4800
2 303
3 170 538
3 757 1274
2 38
1 4595
3 628 4543
2 1887
2 690
1 154
2 1989
1 3772
3 3104 3540
1 4197
2 2808
1 902
2 3363
2 937
2 524
3 4591 4933
1 4970
1 1151
2 3114
1 3737
3 1645 2571
3 2738 4114
3 320 2714
1 3897
2 1417
1 4036
2 1411
1 4914
1 329
2 2079
1 1599
3 1190 1403
1 4865
1 907
2 3116
3 2436 4201
3 609 1497
1 1411
2 2500
1 4421
2 2350
1 3834
1 3056
2 4996
2 4606
2 1053
1 4567
1 8
3 4271 4631
2 957
2 3353
1 693
3 835 2849
1 1157
2 2646
1 2741
2 2769
2 2189
1 3981
3 2434 4466
2 1403
2 4256
1 762
1 3798
3 2039 2900
2 4131
3 194 3645
2 3498
3 4377 4750
1 3838
2 2839
1 4784
1 4697
1 651
3 629 3231
2 3290
1 4284
3 3628 4185
2 4670
2 2408
3 1786 1819
1 3753
1 3371
1 477
3 1295 2074
1 1071
3 2810 3388
1 3912
2 589
3 1940 3271
3 3702 3779
3 4267 4852
3 4100 4917
2 4510
1 2031
1 1455
2 4894
1 480
2 941
1 3456
3 2066 3169
1 3361
3 1859 3864
1 2997
1 2299
3 2973 4420
1 2282
1 2674
3 565 4371
1 986
3 378 2848
2 2764
2 4511
2 3990
2 3272
3 3803 3987
3 3508 3607
1 2936
3 2881 3052
1 551
3 4849 4886
3 310 4120
2 4789
1 2217
1 166
1 422
2 4571
2 2353
2 4595
3 2156 3744
2 2835
1 1488
2 3615
1 3132
1 2242
2 4590
3 251 2243
2 896
3 4420 4962
3 1542 4450
2 2642
2 210
1 4432
3 848 2538
2 1827
1 428
3 3412 4181
3 2434 3350
3 91 1495
1 943
1 2405
3 4149 4323
2 1622
3 828 4483
1 2048
1 4446
1 4823
2 3830
3 379 4252
2 2706
2 2014
3 1460 2359
2 3008
2 3493
3 2180 4960
2 155
2 506
1 4304
1 3334
3 2476 3802
2 3595
2 3472
2 2743
3 744 1176
1 1412
2 2161
2 1363
3 2186 3855
3 1046 2508
1 3162
3 3711 4071
3 241 4026
2 670
1 1623
1 3321
1 2828
1 2341
1 2505
3 4156 4784
3 1410 1646
3 2104 3590
1 4768
1 2419
2 31
3 1830 2656
3 926 1949
3 4960 4967
3 2248 3657
3 2446 2662
3 2735 3297
2 3977
1 1225
3 2257 4925
2 1129
3 63 3174
1 2862
2 4656
1 4267
2 3268
3 4262 4544
3 2217 4940
1 2750
3 4225 4844
3 3999 4244
1 2429
3 1068 2964
3 3170 4443
1 19
3 4624 4725
2 4831
3 2085 3711
3 1747 4759
1 3457
3 2490 3986
2 447
2 2996
1 4508
1 3612
3 1434 1914
2 724
1 3922
1 4223
1 1368
3 3582 3838
3 1996 2135
3 1452 3399
1 2974
2 3361
3 4230 4434
3 2581 3561
2 3853
2 1837
3 1640 4092
2 3488
1 3564
1 3876
1 173
3 1979 4022
1 140
3 397 647
3 1420 1533
3 2899 3755
1 2285
1 1290
3 620 3717
2 3873
1 883
3 1543 2293
2 1981
3 5 2195
2 4052
1 400
1 2444
2 156
3 882 3426
1 1902
1 1589
3 3834 4725
3 4758 4993
3 3537 4278
1 299
1 4177
1 159
2 2507
3 1653 4106
1 3336
3 1422 2312
3 139 827
1 1699
3 1343 3264
2 1273
3 4577 4833
1 2923
1 1174
3 3985 4207
3 3689 4468
2 476
2 4348
2 1527
1 1310
3 4785 4874
3 3001 3207
1 3041
2 3735
1 3606
3 3855 4133
2 3096
1 3306
3 319 3034
3 2012 2790
2 260
3 154 2597
3 4956 4972
2 125
3 3895 4840
1 4408
1 169
3 1958 3821
1 2308
3 1495 1703
3 2038 3511
3 114 632
1 2425
1 4217
2 3194
3 1859 4534
1 4627
1 474
3 4728 4821
1 2660
3 4839 4948
2 1903
2 88
3 3501 3679
2 903
1 2294
1 4448
1 754
1 118
3 4876 4910
2 3431
3 3716 4744
1 2948
1 2373
1 4027
1 426
1 3748
2 4608
3 1040 1777
1 4595
1 4896
2 4331
2 36
3 2541 4579
1 2804
3 615 4510
3 2236 3310
2 4769
3 503 4438
2 775
3 4980 4990
3 1572 3947
2 2845
3 1389 2939
3 3874 4617
1 3700
3 4860 4862
1 3624
2 516
2 944
2 1010
2 2540
3 4014 4776
1 3551
2 2254
1 11
3 2416 4413
2 4480
2 2802
1 1062
3 2617 3761
3 4568 4693
2 2507
3 279 4362
1 3028
1 4800
3 1107 3820
1 83
1 3981
2 4710
1 49
3 3489 4496
3 3305 3370
2 1736
2 1467
2 4963
2 3973
3 25 3134
3 2064 4772
1 1253
2 2907
1 3654
3 2140 2336
2 4717
1 249
1 4041
2 2464
3 650 1424
2 4105
1 4272
3 1578 1648
1 3932
1 2315
1 838
2 2028
3 1627 4687
1 3856
2 344
2 1764
1 3327
1 2972
2 2407
3 934 1764
2 1075
2 1052
3 1163 4139
2 1901
1 4216
3 428 1641
2 2116
2 205
1 3390
3 1003 4001
3 1755 3972
3 3977 4560
1 3025
1 3595
2 887
3 3348 3438
3 2149 2849
2 534
1 1491
1 3284
2 4520
1 190
3 3924 4005
1 292
2 1274
3 1366 2006
3 2547 2955
2 2017
3 3924 4310
1 2654
2 810
2 4162
1 2056
2 683
2 4525
2 3991
1 3769
1 1713
3 1000 1563
1 3915
1 4064
1 574
3 3385 4827
3 4943 4966
3 2267 3418
3 825 3272
3 3720 4887
3 4973 4981
2 1147
2 1887
2 1334
2 3234
2 4360
3 4842 4944
3 4487 4802
1 448
2 288
3 1890 4650
3 269 4412
1 2278
1 31
3 1468 4773
2 2620
1 2132
3 3254 3448
3 1356 4553
2 161
1 1403
2 997
1 4768
2 976
1 2284
1 3445
2 65
3 4148 4406
3 39 4265
3 540 2526
3 2935 4203
2 2158
1 677
3 723 3599
1 2346
2 3217
2 269
2 4998
1 2458
1 2950
2 942
3 3068 3153
3 3425 4684
1 1685
1 1209
3 3305 3603
3 1974 2790
2 273
1 4899
2 446
1 2568
3 1943 4265
1 4565
1 378
3 1198 3965
3 499 1034
3 4450 4529
3 4498 4651
1 2405
3 1777 2854
3 59 4849
1 1084
2 4262
2 4648
3 898 2824
3 158 1604
2 1256
3 900 4644
2 1850
3 349 2519
2 1737
1 4916
3 4293 4757
2 4504
1 4722
2 2893
3 3227 4280
1 1881
3 819 4110
1 2804
3 853 3165
2 3306
1 475
2 1784
3 3050 3357
1 3975
2 701
1 2315
2 4034
1 866
1 2408
2 1614
1 1587
2 4577
3 512 1727
2 3913
3 3214 3978
3 638 2673
3 1489 4468
2 1781
3 4211 4289
3 1149 2135
1 4817
3 541 3969
3 4998 4999
2 1850
1 3147
1 4420
3 3172 3997
3 419 1021
1 4990
3 3247 3488
3 1119 3911
1 4475
2 2529
3 18 417
1 3034
3 4856 4878
1 4162
3 4963 4966
2 376
1 3608
1 3789
3 1407 3846
1 3050
1 1688
3 3668 4874
3 13 3899
2 3664
2 1608
2 90
2 4803
3 2815 2817
1 4642
1 579
2 4886
1 3203
1 1551
2 163
3 1172 4564
2 395
2 2559
1 949
2 1278
2 1231
3 3864 4488
1 3360
3 4906 4917
1 4927
2 3460
1 4334
2 4164
3 2231 3406
1 1559
1 990
1 1139
2 2811
3 236 3437
2 3083
3 3345 4767
2 4207
1 4317
3 1491 2562
3 4254 4346
3 3690 4223
2 1954
2 4300
2 2032
3 2456 4228
3 4396 4489
1 2192
2 3268
3 1469 2291
3 1087 4261
2 4831
3 4407 4795
1 507
3 3761 4048
2 600
3 33 443
3 3 1756
2 1230
1 297
3 3676 3924
3 4624 4948
3 4107 4742
3 3671 3784
2 1024
1 3454
1 3505
2 4824
1 4815
2 4456
2 1488
2 885
3 4394 4435
1 3149
3 3119 4359
1 2524
3 4868 4903
3 3193 3912
1 4530
1 3401
3 1634 4774
2 3713
2 1616
2 3161
2 688
2 4932
3 1451 3095
3 2461 3133
1 2239
3 3626 4665
1 3555
1 511
2 1297
3 2196 2926
3 1831 4425
1 707
2 4584
1 4283
3 1062 4945
1 2403
1 3218
1 1217
2 4747
3 1255 2564
2 3247
2 3389
3 1461 3314
3 3763 3897
1 2526
3 704 4549
2 559
2 1977
2 642
2 1881
1 4922
1 47
3 2012 2450
3 3292 4860
1 3026
2 2624
3 469 1319
1 3770
2 3465
3 4496 4708
3 112 2767
3 1759 4333
1 2523
3 3061 3741
3 1644 2584
2 2566
2 2541
2 2878
2 3670
2 4689
2 4574
1 887
3 1117 1333
2 3016
3 901 2313
3 613 1826
3 4988 5000
2 4204
1 4110
1 1226
1 2918
1 3584
1 544
2 3882
3 3431 3986
2 181
2 3715
1 1577
2 2430
2 2054
3 2611 3453
3 4013 4120
3 4174 4452
1 2016
2 2990
3 2795 2934
1 2430
2 412
3 4381 4405
1 1070
3 3398 4584
3 3434 4956
2 487
3 3125 4806
2 2010
3 22 4996
3 4509 4762
2 4781
1 921
1 4805
3 4959 4987
3 1250 4348
2 2164
1 4228
1 3164
2 782
1 3232
2 877
3 2160 4042
1 838
1 4360
3 661 856
1 4994
3 3569 4682
3 1909 4307
1 3623
2 4238
1 1546
1 778
3 738 4348
2 507
3 1884 3802
2 1756
1 4905
1 4543
3 1089 1179
2 1568
2 1648
3 4343 4889
2 2771
2 4858
2 2203
2 4627
3 2030 2540
3 489 1916
1 1367
2 2788
1 4989
2 4822
3 2564 4280
2 1834
2 2593
2 2250
1 3796
1 2347
2 3060
2 3648
2 391
2 2831
3 2825 4948
3 3530 4379
1 1215
1 1074
2 86
1 1530
1 4689
3 4752 4981
2 137
1 1108
1 3654
2 524
3 2657 4017
3 1246 1695
3 3784 4083
1 765
1 3149
3 4675 4762
1 123
1 4460
2 557
1 4871
1 195
3 3063 3245
2 3666
3 2384 4554
1 2516
1 317
3 2671 4075
2 3077
3 2439 2936
2 208
2 275
3 4213 4724
1 4849
2 1378
2 2911
3 2686 4188
3 1685 4946
3 1134 3598
2 3447
2 4632
3 3680 4013
2 3579
2 3692
1 257
1 2380
2 111
1 4642
1 1164
1 597
3 4247 4494
1 4742
1 383
2 1045
1 4572
1 2982
2 1141
2 4124
1 1182
2 3598
3 4247 4357
1 779
3 1994 3009
2 1667
2 1811
3 493 2558
1 25
3 119 152
1 1783
3 3228 4474
1 3633
2 2758
1 2028
1 1258
2 3664
1 1115
3 1935 2073
1 3706
1 300
3 1302 4595
3 2252 4715
3 3581 4641
3 4223 4440
3 3622 3801
1 4423
1 1361
2 135
3 2169 3076
3 4813 4839
1 176
2 3579
3 2579 4305
3 4737 5000
3 2930 2938
1 516
1 3972
1 1321
1 208
3 2372 4587
3 1439 3144
1 4287
2 2865
2 3042
1 1566
2 234
3 2754 3908
2 4393
2 709
3 4130 4472
2 4754
3 4246 4956
2 4596
3 1468 2476
2 4063
1 4743
2 869
1 2331
1 596
2 1756
1 216
1 2676
2 220
1 3602
3 3004 4195
1 1677
2 582
1 115
2 4602
2 1598
3 777 3618
3 4486 4664
2 868
2 2179
3 3144 3731
3 4891 4968
1 70
2 2559
1 4300
2 2595
1 76
2 1568
2 734
2 4303
2 1919
2 2247
3 750 2229
1 4174
3 58 4045
2 4727
3 3766 4229
1 3133
1 1525
2 3797
2 4033
1 547
1 2493
1 1283
1 1266
3 1422 1431
2 2935
2 312
3 802 1678
3 1547 2464
3 3823 3960
3 1697 2892
2 3744
2 1487
1 4375
2 2904
1 1190
2 766
2 4573
2 4319
1 3321
1 4361
3 4123 4902
2 4846
1 148
2 2231
1 1680
3 4744 4801
3 3153 4066
2 870
3 69 3361
3 3825 4111
2 703
1 594
2 888
2 4604
1 688
3 3132 3172
3 4919 4952
2 2573
1 3848
1 267
1 1833
2 4765
1 3338
3 1830 2140
3 4597 4874
3 4625 4839
3 1570 4089
2 3407
3 2201 4944
1 92
2 1523
3 4264 4459
2 3302
2 4623
2 4385
1 4679
3 2922 4069
3 2753 3011
3 2842 4342
2 4848
2 2882
3 283 2796
1 3786
3 4939 4948
2 248
3 3644 4829
1 1373
3 2864 3568
3 2312 2690
1 113
2 4965
1 2695
1 2462
2 2497
3 602 811
2 3319
2 1351
2 278
2 40
3 770 4864
2 2106
2 4250
3 899 4288
2 406
2 2029
1 2717
2 3878
3 4365 4913
3 3457 3912
1 2140
3 4867 4912
1 4940
2 2818
2 3352
3 98 2514
3 3535 4928
1 1259
1 3545
2 4719
3 994 2007
3 3040 4695
3 4540 4637
2 4747
2 980
3 2084 2790
2 3326
2 1771
1 3265
2 4911
1 3690
2 4336
3 2642 3521
2 759
2 2976
2 3139
3 3296 3805
3 4084 4087
1 4045
1 1929
1 141
1 3710
3 2164 4239
3 2442 3623
2 4044
3 3757 4386
1 68
1 415
2 282
2 3299
2 3958
1 4062
1 3890
2 3290
3 1267 4150
2 88
1 3545
1 4057
2 2368
1 2702
2 2845
3 2850 2946
2 4927
1 520
3 4558 4672
1 965
1 494
1 515
1 3706
2 630
2 1695
1 4119
1 1025
3 1380 3918
1 1682
2 3353
3 840 2409
1 1321
3 2398 4623
1 3089
3 2106 4446
1 2844
2 879
3 2732 4206
2 603
2 3304
3 4911 4952
2 4846
2 3459
3 424 1146
3 336 2282
3 4903 4953
1 971
2 3352
2 4563
1 616
3 4685 4965
3 2007 2898
1 4901
3 4038 4331
1 3907
3 3219 4566
1 1562
3 1118 1654
3 3035 3611
3 4863 4948
2 2103
1 4088
1 2869
2 607
2 3630
1 171
2 1899
1 3438
2 3437
3 3670 4930
1 2214
1 673
1 4632
2 3969
2 658
1 280
1 3494
2 2168
3 1204 2485
3 4631 4905
2 4968
1 578
1 1688
1 3425
2 4504
3 4725 4961
1 4258
1 4456
1 1675
3 1037 4883
2 2859
1 3963
3 954 3679
1 1628
3 3148 4103
3 2999 4464
3 164 1791
1 4739
1 1633
1 1957
3 3380 4122
1 2881
2 2678
2 2273
1 4466
2 2706
3 4316 4338
2 3786
2 542
1 2735
1 2791
1 1353
3 7 62
2 1026
1 2902
3 466 2407
3 3983 4399
3 1300 3386
1 3141
1 1335
2 1348
2 874
2 1315
1 1987
2 3947
3 1762 4257
1 3568
1 4317
3 553 4522
1 4096
3 3074 3190
2 2942
1 389
1 2374
1 520
2 2144
1 3708
3 4136 4214
1 4418
3 4095 4568
1 2770
1 1909
2 4425
2 2927
3 1930 4260
3 531 1410
1 2899
2 4339
2 3357
1 1482
1 4525
1 1624
1 4585
3 163 1856
2 1776
1 4298
3 3139 3784
1 3220
2 217
2 4375
1 3985
1 1195
1 1200
3 1667 2426
3 4557 4757
1 260
2 1782
3 1028 2430
1 2680
1 2614
3 3746 4097
2 2140
1 4201
2 1159
3 3063 4173
2 4539
2 196
2 4645
2 3869
1 3327
1 3836
2 2078
1 4669
2 3536
1 1612
3 103 1666
3 4839 4885
1 2480
3 68 2117
2 709
1 3439
1 3169
3 787 3594
3 2038 2089
3 2829 3539
3 1247 4441
1 2712
2 3672
2 74
2 2725
1 844
2 1622
3 1371 2082
3 4449 4985
3 2511 2786
2 309
3 462 1197
2 3320
3 348 1603
3 4968 4995
2 3846
1 1876
1 1062
2 4375
3 467 3913
2 1876
3 4989 4997
1 3112
3 693 2661
1 114
2 990
3 2395 3048
1 965
1 925
2 2252
1 920
1 991
1 2030
3 3409 4504
1 4023
2 3406
2 2038
3 3084 3187
1 3324
1 175
2 339
3 3910 4994
2 2533
3 2540 4544
1 2616
3 1258 2034
3 1662 4922
3 1668 2754
3 2055 4673
3 2218 3506
3 867 3880
2 1589
1 922
3 2109 3795
1 745
2 4463
2 4114
3 4629 4993
2 3657
1 61
2 973
3 4134 4840
1 4017
2 1918
2 4310
2 4698
1 4965
2 4592
2 4965
1 713
1 1571
2 1132
2 2019
3 2417 4861
2 1261
1 4836
1 3649
1 3020
2 4382
3 2365 4205
1 4056
2 157
1 857
1 358
2 3309
3 2612 4086
2 4105
1 654
2 171
1 2891
2 3841
2 2641
3 765 3228
1 1529
2 1686
2 3993
3 2114 4513
3 2977 4597
1 3469
1 4979
1 3299
1 574
2 1213
2 4922
2 4264
1 3191
1 2413
2 1775
2 2951
2 2474
1 1233
2 2523
1 4659
1 3509
1 3251
1 1067
2 187
1 4714
3 987 1054
2 2866
1 1471
3 1151 4298
3 494 1487
3 4006 4339
1 1486
2 3882
1 3408
2 3583
3 1979 3829
2 1014
1 4070
3 2424 3962
1 400
1 656
1 3884
3 147 3809
2 467
3 3819 4309
3 4368 4800
3 3725 4912
1 4809
2 2205
1 1635
3 819 3354
1 2461
3 3637 4334
1 3128
3 3124 4857
3 1135 2610
1 4616
2 37
1 366
2 2137
1 3733
1 1369
1 1669
2 2083
3 687 4218
1 1314
1 2548
1 4565
3 1692 3475
3 3709 4307
2 1416
2 339
1 1278
3 2100 3292
3 2246 2725
2 3043
1 3485
1 1545
2 2085
3 3915 4745
2 3797
1 3841
1 3130
3 2081 4308
1 4695
2 3179
1 2835
3 4290 4560
3 2451 3608
1 581
2 3635
2 1503
1 442
2 4155
2 3424
3 3885 4896
2 1090
2 3341
2 997
1 4223
2 2231
3 2896 3760
2 1252
3 4727 4994
2 4810
2 1506
1 2010
2 3319
1 2719
2 3696
3 3773 3799
1 2187
2 2207
1 4086
3 4793 4944
3 1397 2946
3 149 1330
3 6 2938
1 148
1 2935
1 2121
2 4703
3 4604 4845
2 1655
1 1487
3 3200 4101
3 756 4709
3 2564 3815
2 840
1 4934
1 2318
1 1212
3 2118 4257
1 760
3 2259 4119
1 133
1 343
2 1742
3 1777 4195
3 2464 4025
2 1138
2 2111
3 4258 4609
2 1220
2 655
1 3740
3 3620 4153
2 449
3 996 3160
1 3816
2 138
3 2663 2768
1 307
3 1187 1692
3 3281 3834
1 624
1 4498
1 4308
2 4974
3 283 1044
3 561 1072
1 1451
1 4983
2 2945
2 2552
2 836
3 1745 2265
3 1407 2588
2 1541
3 1061 4053
1 4352
3 2362 4070
2 1702
3 3788 4310
3 358 4496
3 2921 4832
3 1913 3650
3 4778 4821
2 3408
1 2942
1 4663
1 2036
2 604
1 4357
1 3255
3 3298 4819
2 256
2 68
3 4262 4517
2 2767
3 4696 4967
3 4945 4980
3 4224 4453
2 4582
1 1196
3 1345 2946
3 1172 2146
3 3627 4124
1 2154
1 4500
3 1412 4570
1 1508
1 2553
2 4451
3 4896 4981
2 4123
1 1405
2 2646
3 1565 3529
3 211 1500
3 2851 4509
3 3072 4341
1 422
2 36
3 1285 3138
3 4858 4879
3 861 3778
3 4848 4996
1 1402
1 3374
3 64 3213
2 4289
3 1787 2547
3 3233 4779
3 2079 2758
2 637
3 150 322
2 829
1 2524
1 3918
3 4568 4571
2 1218
2 3481
3 1966 4078
1 153
1 1955
1 4405
3 3803 3993
2 1073
3 2789 4640
2 1029
3 3082 4669
3 1603 2017
1 2301
2 196
1 636
1 2044
1 3485
2 3835
1 2288
3 4748 4870
2 3449
3 3877 4116
1 2638
3 2972 3575
3 4836 4900
2 4933
2 2874
2 428
3 167 3317
3 4095 4384
1 1005
2 2871
3 3153 4678
1 1744
3 2154 3945
3 4502 4551
3 1769 4417
1 736
2 327
2 1093
2 4355
3 2840 2991
1 875
2 3462
1 177
2 331
2 2252
2 4630
2 2991
1 3809
2 904
3 897 1916
2 4297
2 1410
2 1426
1 154
2 1061
1 128
2 2863
3 3337 3803
1 865
1 2823
2 4644
3 1611 3300
2 1643
2 34
3 778 2318
1 1772
3 1452 1751
3 3407 3474
2 1510
2 2901
1 4335
1 483
2 3509
1 1296
1 2986
1 4766
3 797 2489
1 4616
2 2863
1 3002
1 4985
2 3559
3 849 3018
3 4264 4532
1 818
2 1707
2 4475
2 2473
3 4787 4809
2 1592
2 1744
3 2348 4000
2 104
3 1666 3385
3 724 3631
1 2936
2 1018
2 818
2 2739
3 1775 3870
3 904 2265
3 3590 4644
1 1142
1 3111
3 3024 4492
1 4043
2 2120
2 3026
3 3117 3452
3 189 1594
3 1125 2592
2 953
3 4662 4793
3 1792 4047
2 4393
3 4598 4857
1 89
2 1491
2 614
1 1436
2 2337
2 327
1 461
2 2641
2 1299
2 2066
2 3820
1 2191
2 4781
1 4222
2 1989
1 1143
3 1051 3174
1 4334
3 397 2600
2 4742
1 196
1 2506
2 1141
1 836
2 1190
3 751 2334
2 1116
2 1614
1 3458
3 45 1800
1 3152
3 1329 3492
2 3459
3 749 2387
1 3084
2 4818
2 2852
2 2025
2 1661
2 999
3 3120 4519
2 3003
1 4187
2 3299
3 3370 4850
1 359
2 614
1 2037
1 3195
1 2494
3 1248 4711
2 3080
1 495
1 4663
1 4369
1 2338
1 3249
2 3003
3 3346 3648
2 1963
2 2376
3 1029 4257
2 3764
1 1921
1 3325
2 933
2 3220
3 1436 2805
1 187
1 156
3 373 391
2 3664
1 2080
1 1338
3 751 4633
3 3111 4889
3 3118 3997
3 20 4403
2 3204
3 4822 4882
3 4211 4912
2 2813
2 3871
2 2363
3 4880 4913
3 3318 4826
3 4072 4730
1 4612
3 743 1783
2 3832
2 1573
2 4564
2 4339
3 1128 4778
2 740
1 2644
2 4297
2 1209
2 3419
1 1466
2 2811
2 1863
1 2902
3 282 402
1 1291
2 2687
2 1470
2 1463
1 3948
2 1310
3 1295 2775
1 3440
2 2007
3 3245 3924
3 916 3022
2 3920
2 4834
1 1707
1 4884
3 3745 3972
3 547 3445
3 383 907
2 1605
3 2205 2370
3 1963 4673
1 146
2 77
2 3116
3 4340 4493
1 561
2 4218
1 813
2 4814
2 2709
1 3275
3 3045 4172
1 3827
3 3840 4743
1 826
2 1053
1 590
2 4445
2 1373
2 1164
2 4418
1 30
3 3459 4031
3 262 3314
3 3833 4977
3 1891 1938
3 857 2363
1 3195
1 2352
2 856
1 509
1 10
2 3828
2 2178
3 3434 3956
3 3216 3571
3 1569 3705
3 86 649
2 235
2 4114
2 1787
3 4641 4883
3 4669 4892
3 3901 4068
1 2334
3 4062 4449
3 3665 3814
3 2065 3898
2 2051
3 1111 3539
3 4568 4743
1 4273
2 3431
3 4821 4963
1 2283
3 4420 4520
3 1951 4388
2 118
1 746
3 3461 3568
1 1978
2 1829
1 2289
3 422 1950
1 4425
3 2612 4197
1 1479
1 2020
2 3862
2 4454
2 841
2 3329
2 1414
3 4625 4803
2 1210
2 1287
1 3426
1 2770
3 632 2450
2 782
2 1715
2 2595
3 3919 4907
1 1397
1 1299
2 2986
1 2417
1 1403
1 4101
1 2062
1 4522
3 988 2595
3 1774 2505
1 3833
2 3064
2 452
1 3898
1 1139
2 2266
3 2816 4932
2 1511
1 1612
1 1878
3 2662 4023
3 4866 4869
2 860
1 27
1 3304
1 2084
2 460
3 4469 4931
2 4881
2 308
3 2264 3694
2 1912
2 2154
2 4022
2 714
3 587 1056
1 163
2 2903
1 51
3 3845 4530
3 2243 4140
3 3985 4244
1 2139
2 465
3 297 1500
2 1958
1 1568
2 2971
3 2935 4750
1 4943
2 1274
3 1613 3542
2 4522
2 2674
1 1594
3 4216 4698
3 1033 3258
1 1956
1 1745
2 1011
2 179
2 2801
2 114
2 3736
3 3307 3624
1 4690
2 4242
3 1310 2920
3 2416 2779
3 4886 4995
3 550 3382
3 2467 3237
2 4603
2 1907
1 3920
3 1681 4167
1 1942
2 2372
2 2390
3 2415 2963
1 3450
2 3469
1 387
3 4397 4730
3 4565 4613
1 3239
1 2453
3 430 3444
2 1930
1 2613
3 2000 2922
3 1466 2304
3 1886 4371
2 1220
1 3833
1 4118
2 3164
3 215 1473
3 1345 3624
1 2401
2 3792
3 717 4839
2 1389
3 513 4038
3 637 2651
3 1384 1895
2 1494
1 343
1 2269
1 789
2 4730
2 2389
1 2826
1 3222
2 2454
3 4848 4970
1 2739
1 2387
3 3084 3628
1 2412
3 4233 4234
1 2602
1 4953
3 3320 4949
2 4063
1 4256
2 2252
3 3894 4428
1 4118
2 4209
2 2468
2 2607
3 553 4425
1 4779
3 4596 4674
2 4211
1 4423
2 4092
1 1414
3 1351 1943
2 46
2 4596
2 2983
3 448 1902
2 4077
2 912
2 4176
3 1175 4858
2 4131
1 2380
1 239
1 4556
2 4067
3 3021 4282
3 2036 4827
1 2594
3 2812 4311
3 4979 4997
2 541
2 302
1 1149
2 4703
2 4192
3 2651 3350
2 4675
2 4906
1 4811
1 2687
1 1175
2 360
3 1112 2357
2 2308
2 1751
3 517 4766
2 732
1 2813
2 1089
3 4445 4951
1 3458
1 79
3 950 4492
1 1108
2 4707
1 580
1 4798
2 2945
3 448 2704
1 552
2 2658
3 4245 4528
2 3233
1 3484
3 4345 4448
3 684 1028
3 2627 3284
1 2522
3 58 3385
2 4465
2 1973
2 4207
3 1601 2663
2 1591
1 3638
2 820
2 1339
2 3775
3 4653 4922
3 4611 4814
2 3558
1 3495
2 707
2 2678
1 4027
3 3370 3374
3 1121 3647
1 3661
2 2080
3 2184 4780
2 4708
2 1192
3 2383 2918
2 4656
1 2735
3 2241 4126
2 3139
3 2704 4184
1 2285
2 2880
2 3497
2 4607
2 4813
3 1996 4163
1 2276
2 172
2 3214
2 1301
2 1246
1 4828
3 170 3293
3 169 4491
