5000 5000
2 333
1 3697
1 4375
3 420 1202
3 3320 4885
2 4767
3 2350 4750
2 3475
3 4796 4991
1 2189
3 2458 2557
2 957
1 3239
2 3158
3 2608 2883
3 3658 4813
1 1196
2 2473
3 4370 4996
3 4827 4906
2 3010
1 1145
2 3384
2 2499
1 2291
2 3229
1 739
3 4534 4774
2 4594
3 2824 3585
2 4013
1 2456
3 2193 4638
3 979 1978
3 2625 2810
1 2894
1 4880
2 4534
1 64
3 2801 4944
2 1874
1 2220
2 893
3 3461 4365
1 4058
3 4333 4650
1 3662
3 3277 4511
1 3572
3 2909 4208
1 3525
3 3518 3670
1 3438
2 2162
2 3585
3 4210 4876
1 3638
1 984
1 4276
2 2996
1 3705
2 3739
1 1330
3 3572 4710
3 3924 4033
2 3694
2 991
1 3926
2 235
1 2875
2 1402
3 1781 3090
2 4108
2 4913
1 2417
1 366
2 822
1 4040
3 4133 4182
3 1015 1510
2 2169
2 2237
2 4613
2 794
3 1475 3759
3 2214 3044
2 4412
2 679
2 441
2 2147
3 250 4347
1 2974
3 890 1758
2 883
1 1139
1 4520
3 2362 2665
3 1056 4190
2 1726
2 121
1 228
2 1382
2 3957
1 1842
3 4533 4793
3 3923 4886
3 470 1363
2 2202
1 2161
1 4791
1 890
2 4276
2 4390
3 4840 4998
3 1412 2338
3 815 2703
3 1524 1565
3 3625 4741
3 2733 4789
1 1543
2 4882
2 4549
3 2011 4889
2 1187
1 2602
1 3796
3 394 4339
1 3787
3 4956 4960
2 1495
2 965
2 844
3 4759 4852
2 4053
2 2657
1 1383
2 1420
2 1935
3 35 3180
2 4211
3 3092 4232
3 1752 4411
3 4060 4964
3 635 4353
3 3551 4177
2 4258
3 2622 4387
2 935
3 2927 3616
2 1517
1 1233
1 1708
2 4900
3 3564 4274
3 3187 4897
3 3163 3833
2 744
3 3918 5000
1 716
3 612 1730
2 2228
3 2298 4593
1 3291
1 1234
3 258 2854
1 530
2 1222
3 3018 4131
1 4640
1 4953
1 1119
2 3306
2 3954
3 2051 2733
2 3722
3 4906 4912
2 2730
3 4866 4978
3 2230 2942
3 2864 2955
3 4851 4944
1 392
2 2582
2 3750
1 2829
1 3925
1 2693
1 417
2 717
1 2119
1 461
3 3056 4675
1 84
2 1109
2 3317
1 4733
1 4991
2 3021
3 1727 4728
3 761 2119
2 1791
1 1898
3 1403 2511
1 4194
1 2471
2 1712
1 1742
1 3606
3 1573 2185
3 1535 2686
3 1437 1652
2 1317
1 520
1 3970
2 3433
1 1012
3 1894 3858
2 1589
1 296
2 4332
2 4178
2 367
1 3734
3 3190 3249
1 2759
3 155 3892
1 317
3 1958 3524
1 2927
3 53 4494
2 1820
2 145
2 4931
3 3366 4120
1 3125
1 1220
1 2150
3 2864 4288
1 170
1 4719
1 812
3 3979 4944
3 3428 4388
2 582
2 4960
3 3442 4165
2 1834
1 2508
2 571
1 278
1 4313
1 2637
3 2286 2835
2 3472
2 1041
3 1930 3046
2 3263
1 3553
1 338
2 3407
3 609 2825
1 733
1 4447
2 588
3 3305 3432
2 382
1 1293
2 4435
1 4689
2 3377
2 4777
1 703
1 1581
3 3961 4615
2 3353
1 3528
1 2257
3 3956 4624
1 4751
1 4911
1 3718
2 4678
1 4750
2 914
1 943
2 2356
1 1087
3 249 1014
3 2188 4300
2 481
1 1362
1 4781
2 4854
3 3971 4216
3 3462 3649
2 4939
3 3271 4226
3 2389 3413
1 2753
3 677 3729
3 2958 4497
3 1753 3238
3 3386 4219
3 2896 4845
2 235
1 1500
1 1990
3 994 1176
2 3000
1 1213
3 3178 4156
3 1177 1866
2 2280
3 4078 4655
2 2178
3 2 1836
3 822 3736
2 3311
1 2806
2 3674
3 2834 3620
1 786
2 3259
2 3464
2 4942
2 568
3 3301 4847
2 66
3 1288 4967
2 2630
1 4553
1 1276
1 955
3 396 3938
2 144
2 4815
2 3577
1 4855
2 1622
1 223
1 3527
1 3187
2 116
3 2543 4665
3 4403 4897
1 3930
2 1779
2 4300
3 2923 3790
1 2985
3 3537 4650
3 1000 1495
3 4974 4975
3 1982 3315
2 243
2 1957
2 524
2 65
1 4502
1 771
2 1003
3 3328 3748
2 3028
1 1174
2 2006
1 4105
3 1902 3885
1 3182
3 147 2620
1 4937
2 2457
2 4378
1 4747
3 3695 4940
2 3176
1 4487
2 4221
1 3652
2 4072
1 442
2 3371
1 4971
1 3687
3 591 1322
1 177
2 2437
1 2559
1 4165
1 2143
1 2872
3 4847 4915
2 679
2 4724
2 2394
2 2865
3 805 3217
1 954
3 4534 4963
3 1094 1158
2 4800
1 4390
2 896
1 3720
1 2328
3 2162 2212
2 2794
2 2124
2 341
3 3481 4434
1 2900
3 1832 3308
3 1210 1415
1 3799
3 1495 2222
2 3278
1 2837
3 3011 4455
1 2612
1 2244
1 2984
3 2634 4202
2 2340
2 4798
3 244 4210
3 3021 3607
1 3343
2 4173
1 639
2 277
3 1007 3259
3 3327 3596
1 4508
2 3219
2 1818
3 4366 4937
3 2688 3745
2 3421
3 3082 3342
3 3909 4869
1 3542
3 4603 4943
2 4355
3 702 4232
2 4121
2 309
3 1822 4741
3 4410 4429
1 1616
3 1654 2231
1 2209
3 2590 3972
1 3858
3 4144 4773
2 2937
2 826
2 1941
2 2032
3 3991 4784
2 4513
1 3187
1 3818
1 3286
1 550
3 1911 2308
2 4156
1 804
2 1451
3 2069 4437
2 3872
2 4308
1 3193
1 4716
3 2794 3184
3 1828 2196
2 2241
2 3272
2 2507
1 2322
3 2228 3395
3 2944 4973
3 189 3031
3 3103 4199
1 840
2 2283
3 2982 3497
3 2271 4051
2 2863
1 2926
3 291 955
1 387
3 2900 3028
3 2104 3983
2 636
2 2441
3 346 2946
3 3378 4020
2 4567
3 4527 4754
1 4500
1 4896
1 4042
3 2592 2693
3 820 3802
1 593
1 2978
3 4990 4991
3 4832 4960
2 2842
1 1074
2 474
1 668
3 4898 4995
2 3209
3 1985 2466
3 1497 2594
2 3895
2 2053
1 2816
1 3541
2 3666
1 110
1 1401
3 3532 4431
3 3259 3861
2 720
3 83 2920
2 4963
2 4260
2 1848
3 4182 4974
3 87 2384
2 2669
3 744 2786
2 4326
3 3530 4636
3 4776 4908
3 2605 4279
1 2413
3 3520 4769
1 3594
1 4895
2 351
3 4870 4958
2 4253
3 1830 3892
3 2600 4835
3 168 2744
3 1642 4740
3 4736 4903
3 2453 4270
1 683
3 513 2934
3 1899 4097
2 3746
1 3831
1 3471
2 1835
1 89
3 2620 4687
2 4272
3 4137 4478
2 463
3 927 4725
2 3129
2 2373
3 4740 4956
2 757
2 2410
3 463 2012
2 3478
3 2696 3443
3 1654 4189
3 4524 4607
3 927 3942
3 1813 1958
3 1957 4502
3 2496 4466
3 2566 4014
1 1224
2 1513
1 2023
2 4903
1 1398
3 30 4086
2 2527
2 260
3 275 1352
2 230
3 4973 4995
2 3563
3 1025 2495
2 4013
1 2875
3 3599 4907
3 3826 4405
3 378 430
2 1114
1 3858
2 2415
2 3
1 3408
1 3062
3 4743 4936
1 1836
2 4356
3 4753 4952
1 1551
3 1912 4081
3 2186 2906
3 909 1438
2 4597
3 4679 4896
2 608
1 2832
3 244 711
3 787 3425
3 4836 4959
3 4611 4952
1 1829
2 4958
2 4729
3 1752 3785
1 904
1 2170
2 2492
2 3752
1 1025
1 1772
2 2463
1 1091
1 3907
1 4589
1 4252
2 1461
3 3951 4734
2 2818
2 3619
2 2898
1 4479
3 4689 4790
2 2445
3 2470 4856
2 3546
3 2271 3300
2 1721
3 3833 3953
1 82
3 54 3512
3 292 840
2 1066
3 4859 4971
3 4771 4972
1 4733
1 702
1 371
2 2561
3 4130 4201
1 270
2 2691
1 3496
3 3600 4821
2 4882
3 3664 4721
3 2771 4751
3 2533 4558
1 4332
2 13
3 121 3169
1 3412
3 4702 4797
2 1578
2 2986
3 4019 4963
1 77
3 2770 4474
2 3633
2 4825
1 2661
1 1519
3 4513 4969
3 3350 4584
2 3488
1 4426
3 2508 4172
3 2435 4636
3 721 3883
3 2529 4562
2 1069
3 220 3980
1 4946
2 1022
1 2579
3 2864 3538
1 1382
2 703
2 433
2 1081
3 154 632
3 3442 4791
2 1221
3 2987 3867
1 1116
3 4611 4833
3 2457 2911
3 359 2144
3 2764 4646
1 4551
3 3991 4248
2 2448
1 4967
2 717
3 2043 4830
2 2149
2 2873
3 3337 3981
2 2288
3 781 1631
3 3421 4898
2 204
1 1465
1 4940
3 379 1693
3 4143 4440
2 4970
3 2680 4802
3 4874 4983
3 204 4008
1 1298
3 3943 4648
2 3891
2 445
1 657
2 3262
1 162
2 3094
3 2386 3800
1 2303
3 2422 3314
2 4477
1 1862
2 1761
3 16 3857
3 726 1931
1 1503
1 1496
2 1827
2 1120
1 1379
3 625 1193
3 4832 4898
2 1249
1 2037
2 4540
1 4149
3 1356 3267
2 2546
3 4669 4931
2 714
1 829
1 3145
2 3254
1 1074
1 4547
2 3221
2 2203
1 4960
2 600
3 2205 3174
1 2066
2 3320
2 424
1 371
2 2390
3 3342 3965
3 2664 4182
1 4011
3 2218 3859
1 2444
2 430
2 1294
2 2041
2 1879
3 1243 4566
3 892 4099
2 22
2 160
3 1344 3513
1 3447
3 1344 2988
1 948
1 1264
1 4485
1 2635
3 3515 4388
3 2107 3400
2 4547
3 4013 4720
3 3484 4100
3 840 1061
2 1029
2 3182
3 1238 3545
3 3019 4452
2 2466
3 268 3852
2 1767
2 1436
2 1983
3 4179 4748
3 4825 4888
2 2954
3 26 4817
2 2051
2 2796
1 3739
1 2271
2 2012
1 1631
2 251
1 3174
3 1099 2925
1 2340
3 1509 4390
2 203
1 1769
3 2588 3320
2 1129
2 4075
3 3927 4807
2 4268
1 2921
2 1879
2 1061
3 1274 4081
2 653
1 831
2 3632
3 3630 3718
1 2214
1 1956
3 4103 4975
2 126
3 3923 4435
2 1978
1 800
1 267
3 819 3058
3 3153 4262
3 4269 4837
2 1595
1 2901
3 1874 3034
2 2622
3 1391 2126
2 4301
2 4952
3 3172 4612
3 4378 4671
3 3932 4579
3 4800 4936
2 2546
1 2916
3 2675 3739
2 2466
1 1192
1 4
3 4454 4478
1 3523
1 114
1 745
2 1047
3 4210 4428
1 1906
2 2452
2 2384
2 4619
2 1044
2 2236
3 1588 4314
3 3707 4260
2 1170
3 1193 1831
3 1270 4153
3 472 1683
1 3239
2 625
2 4987
1 3431
3 3000 4850
2 1682
2 1100
1 26
1 1741
3 3443 4502
2 653
1 4828
1 3853
1 2360
3 4640 4714
1 20
3 3731 4458
1 3854
3 908 2359
3 1145 4042
3 2753 4621
1 801
1 4515
2 1581
3 2172 3904
1 1938
2 1725
3 579 1931
3 981 1381
2 1857
1 4139
3 2200 2393
3 3019 3319
2 2626
2 110
2 19
1 2713
1 822
3 2428 2939
2 863
3 2993 4081
1 2257
2 2156
3 1356 3925
2 4409
3 3397 4049
3 799 2572
3 2224 4716
1 3073
3 3498 4485
3 2583 2898
3 4339 4798
1 1819
2 713
2 1454
2 2792
3 2686 3158
1 1661
3 4398 4939
1 1321
3 4721 4888
1 106
2 32
2 3291
1 3056
2 2146
1 271
3 354 1690
2 3271
2 3094
3 1602 3022
3 3009 3125
3 601 2616
3 2454 3968
1 4638
3 621 1801
1 1737
1 2218
1 4264
3 2522 2632
3 4333 4655
3 2997 3293
3 2351 4847
1 1312
1 4866
2 3193
1 75
2 4263
2 401
1 267
2 3346
2 1188
2 4560
1 1773
1 2816
3 789 3885
1 2450
1 3856
3 2442 3700
1 195
2 2228
1 389
2 3234
2 1425
3 2235 4532
1 4232
2 618
2 3711
2 4055
2 1378
2 408
2 3024
2 3985
3 948 4649
3 4666 4768
2 2575
2 3397
2 4275
1 1441
3 1774 3192
2 2029
2 3194
2 2196
1 1899
3 2477 4837
2 995
2 4317
1 4096
1 856
2 1857
1 4831
3 3812 4720
1 54
3 3495 4860
1 2735
2 3023
2 530
2 2958
1 2808
2 3824
1 3479
1 4102
2 3769
1 1093
3 4418 4904
1 474
3 2757 3356
1 2003
2 3104
1 4195
2 3970
1 2207
3 2034 2089
1 247
1 4935
3 1504 3428
2 2543
2 4753
3 2793 3500
3 1326 3618
2 4727
3 4454 4731
1 870
2 4008
1 829
3 4044 4373
1 1067
3 2760 3863
1 246
1 4985
3 2989 4476
2 2284
1 4466
2 1756
1 4293
2 4025
2 951
1 856
2 2943
3 3875 4804
1 3949
3 2428 3260
1 3120
3 1674 3614
3 2903 3340
1 1466
2 1063
3 909 1664
2 3576
3 2282 3042
2 2033
3 3416 3827
2 374
3 1581 2709
3 4054 4505
2 1331
1 3992
1 4011
2 827
1 2287
1 30
1 4839
2 426
2 4352
3 3883 4726
1 4069
3 845 4714
1 899
3 692 1537
3 843 2586
2 3815
1 4983
1 1238
3 628 4662
1 1425
3 1427 4773
3 1638 4813
1 859
1 2072
1 3391
2 2134
2 1920
1 684
1 270
2 1194
1 2827
2 158
3 766 4108
2 4113
2 2026
1 548
2 2468
3 3018 4826
3 2218 2612
3 1491 3220
2 3105
2 4007
2 2952
2 4943
2 2830
1 574
1 2725
1 4582
2 1157
2 3814
3 3480 3787
3 3529 3760
1 1496
1 4636
3 1626 4418
2 646
2 945
1 3689
1 3130
1 1043
3 3656 4141
1 1334
3 615 2925
1 334
3 3772 4014
1 3916
1 4038
3 1075 3610
2 3783
2 2490
3 2509 4305
1 4229
1 113
3 3266 3769
3 3554 4209
1 831
3 4684 4707
3 1002 3815
1 127
3 86 737
3 2951 3429
2 1621
3 4692 4842
1 2852
1 3817
2 1320
2 3103
1 817
2 4487
2 4401
2 2081
1 1867
3 1366 3559
3 1645 3947
1 2916
1 1033
2 4220
3 4252 4516
1 1046
1 2828
1 3411
3 4215 4798
2 1799
3 3766 4481
1 4698
1 1304
3 4485 4927
2 3624
2 3256
1 2665
3 2546 4875
3 3689 4739
1 2761
3 2825 3583
1 3252
2 4159
2 2974
2 4859
3 3282 4812
2 3722
2 3245
2 1119
2 3654
3 4322 4871
2 2466
2 4832
3 3716 4100
1 557
3 1658 4036
3 2824 3245
2 66
3 4306 4501
1 46
3 3314 4690
2 4860
1 4072
2 3849
1 1453
3 2145 3216
2 4274
3 2053 3651
1 2534
1 473
1 4854
1 3471
1 4644
2 1286
2 862
1 947
1 3313
1 2933
1 1072
1 1556
1 1421
2 1840
2 3515
3 215 4943
2 3240
3 641 4197
2 4425
1 417
2 271
2 3594
2 473
3 4797 4863
2 4354
3 4296 4648
1 4315
3 2721 3555
1 426
3 2630 3559
3 1172 3564
2 4283
1 784
2 1980
3 4724 4974
1 2230
2 512
3 3775 4597
2 763
3 4349 4874
2 1248
3 2890 4090
2 1464
3 1508 2753
2 4495
3 2176 4428
3 4685 4963
1 1784
1 2930
3 2450 4071
1 3767
3 2936 3455
1 4781
1 4394
3 2338 2689
1 311
1 96
2 3473
1 1611
2 1612
1 3637
1 4275
1 2571
3 855 2757
3 4228 4234
3 2900 3599
3 3923 4538
2 837
1 4484
3 1642 3353
1 1661
3 3081 3582
2 3057
2 4990
1 4245
2 144
1 3675
1 1501
3 789 934
2 2746
3 3432 3627
2 3935
3 1021 3170
2 1400
3 2985 3523
3 3903 3960
2 4620
1 2530
2 2126
3 1529 3062
3 2299 2557
2 3953
1 3807
2 3819
3 3679 4820
2 4185
1 4273
2 450
3 2963 3318
2 4507
2 882
1 893
2 3511
2 2207
1 2253
1 3283
2 1173
1 2156
2 4064
2 5
1 4126
3 2792 4010
1 3093
2 2496
2 4533
3 464 4951
1 2606
2 806
2 3664
3 1795 2507
3 2341 4220
2 3324
3 918 2748
3 3992 4384
2 3394
2 1877
2 4316
1 1067
1 2693
3 1096 4429
3 1255 4964
1 3969
2 578
2 4885
1 839
1 4866
2 2569
1 2003
1 4644
2 1443
2 715
1 4089
2 2305
3 1322 2152
2 2984
3 2529 3815
2 4082
1 1581
2 2698
3 816 4631
2 1160
2 3536
3 4484 4800
1 1516
1 2781
1 834
2 3638
1 1874
1 3068
2 578
3 270 1147
1 421
1 2259
1 2594
3 2674 3366
1 4599
2 1453
3 4733 4825
1 1130
3 2715 3335
3 3068 3264
2 800
3 2016 3302
2 900
3 1426 2090
2 287
1 4400
3 4120 4698
3 3589 3740
3 788 1285
2 3587
1 3736
2 421
2 3471
1 4939
1 4222
2 2446
2 4464
3 2146 4422
2 3812
2 223
1 1878
2 2994
1 3866
2 2284
1 2885
3 4053 4890
2 957
2 2970
3 2165 4167
3 3748 4349
3 424 2531
2 2642
3 4596 4606
2 1412
2 2320
1 151
1 3721
2 587
1 1973
1 3420
2 4632
1 3558
1 2597
3 292 2033
2 1364
1 3505
3 737 2138
3 1389 2227
3 1197 2421
1 551
1 2738
3 2877 4506
2 996
2 2045
3 1936 3174
2 2873
3 1668 2875
2 2541
3 3446 4478
1 2559
3 2230 3522
3 462 1120
2 975
1 107
2 2022
3 2894 3842
1 3301
2 18
2 3803
3 2875 4580
1 440
1 2440
3 3445 4279
2 4332
1 3755
3 4169 4668
1 3282
1 125
2 4922
2 4027
3 4588 4913
2 3639
1 3038
3 3671 4993
3 2810 4599
1 598
1 1124
2 2079
3 2915 3431
2 2940
2 4906
2 2477
1 3665
3 2394 2604
3 3681 4557
3 1405 3850
2 2425
3 719 4374
1 3763
2 3235
2 4318
1 3759
2 4402
2 2801
3 4513 4786
1 4278
1 4145
3 4056 4267
2 867
3 4623 4992
2 1165
1 4872
3 3652 3716
1 2816
1 2743
3 1365 2395
1 639
1 2447
2 2351
3 3133 4509
2 3305
3 2882 3878
2 4091
2 1448
2 2654
3 505 3833
3 2591 4677
1 2507
2 328
1 3952
3 4609 4670
3 13 3075
1 4493
1 4614
2 3035
1 3663
1 3230
3 2731 3190
2 2294
3 142 2079
1 633
1 4057
3 3229 3920
1 362
3 141 364
2 1179
3 4418 4972
3 2918 3432
1 3652
1 2862
2 2437
1 1033
3 1973 4090
1 2989
2 4029
1 2489
3 2052 2750
2 1367
1 2142
2 4031
1 3757
1 1871
2 1717
1 940
1 2281
3 358 2543
1 1286
3 3408 4146
2 4077
3 1184 1883
2 1804
1 2548
3 3907 4019
1 1414
3 4200 4763
1 4652
1 1453
2 4638
2 586
2 3950
3 3650 4597
2 1147
2 2800
3 3994 4915
3 4493 4599
2 699
1 4665
3 576 3844
3 2027 3554
1 277
3 4998 5000
2 4788
1 3370
3 122 4236
3 231 1789
2 2132
1 1927
3 3110 4837
2 390
2 3155
3 4607 4870
1 1012
2 1308
1 1639
1 1149
2 374
3 2417 4791
3 4367 4645
3 1606 4924
2 4698
2 4068
2 855
2 2172
1 1754
1 3687
2 3514
3 112 4119
2 4289
2 2766
2 1766
2 1890
2 3541
1 4914
1 4671
1 4396
1 755
3 2372 3254
1 2778
2 1479
3 1174 3281
1 3861
2 3943
2 4929
3 4711 4972
1 4047
1 4042
1 1591
2 4824
2 4581
2 2750
2 4197
1 2660
1 3081
1 2796
2 1223
3 301 4926
3 2419 4878
3 2616 3771
1 2510
3 407 1633
3 616 1364
3 4519 4686
3 437 2336
3 89 877
2 1962
3 1505 3147
1 625
3 2638 2693
3 3617 4888
1 1114
2 4971
1 803
1 2801
3 698 3935
3 2477 2994
1 1839
3 2396 3448
3 3450 4497
1 4624
2 1323
1 2739
2 1175
3 1960 4216
2 4274
3 4972 4973
3 244 547
2 1664
3 2788 4906
2 1767
2 3868
3 1695 2100
3 4766 4949
1 4018
1 3398
3 1143 1667
1 823
3 981 3011
3 1044 3757
3 4775 4957
1 1855
2 2732
3 4661 4680
3 3927 4887
3 1181 1856
1 333
3 4518 4746
2 963
3 2810 3478
3 2483 3534
2 1922
3 4283 4405
3 1951 4773
3 16 571
1 718
3 1515 3279
2 3827
3 108 1158
2 3484
3 4115 4786
3 3227 3836
3 3845 3903
1 358
1 3856
1 4317
2 1186
2 2633
2 2073
3 4800 4941
1 1859
3 3151 3773
2 2659
3 1829 2694
3 2439 4464
3 3243 4170
1 2926
1 3424
2 4553
1 1480
1 344
3 4918 4930
3 3598 3689
1 4628
3 512 1110
1 2939
1 1970
3 2112 2170
3 4609 4823
3 1870 2275
2 3659
1 4021
1 4064
3 1729 4425
1 2131
1 3265
2 671
1 352
1 2823
1 365
2 2746
3 2605 3348
3 3672 4866
1 2236
2 4628
2 784
3 3792 4205
3 3000 3725
3 3819 4079
2 3237
1 290
3 2231 3080
2 689
2 1494
2 2448
2 250
1 4815
2 1219
2 1940
1 4061
1 234
3 3462 4037
1 3319
2 1083
2 3146
3 3437 4942
1 3462
2 4599
3 2341 4482
2 2993
1 3020
2 2069
1 2736
1 4282
2 2091
2 3949
1 3405
2 602
2 2017
1 4506
2 4927
2 2151
3 507 4230
2 2429
1 3487
1 1442
3 1830 3722
1 1040
3 2790 4739
1 3758
2 4509
1 3709
2 1336
3 3304 4940
2 4102
3 2662 3462
1 1819
2 887
2 4171
3 4992 4998
3 2882 3566
1 159
3 2479 2897
2 2931
1 4094
2 4982
2 258
3 3235 3369
3 3888 4134
2 3707
1 3027
3 2301 2404
2 3610
1 1197
3 2139 2604
2 3664
2 252
1 3454
2 126
1 2716
3 4989 4993
3 2439 3815
1 3626
2 1608
2 4132
3 2056 2743
3 2561 4038
1 2752
1 1977
3 812 2907
3 3334 3482
2 4872
3 4641 4658
1 1162
1 1955
1 2264
3 3285 3494
2 3074
1 2110
2 70
3 1331 4793
1 3357
3 4309 4823
1 3463
3 1538 3642
3 4139 4461
2 1566
2 1095
2 3253
1 4194
1 2092
1 595
1 2541
2 1421
1 1568
3 1907 3945
2 826
1 2655
1 898
2 2067
3 968 1918
1 4232
2 3753
3 2032 2054
3 1098 3910
1 2025
2 4368
1 4652
1 1433
1 625
1 4442
2 535
3 1742 3429
3 1561 4717
2 3529
2 163
3 2036 3357
3 2292 3559
1 4392
1 4232
1 2235
3 3375 4660
2 3691
2 4580
3 1161 2749
2 1779
1 4974
3 3864 4988
2 2277
2 2100
2 1050
3 3911 4876
1 3268
2 4986
3 3970 4335
2 4392
2 4781
2 2469
3 2691 3669
3 4072 4908
1 4692
3 4912 4966
1 2040
3 4231 4944
1 1094
2 1468
1 1614
2 2023
2 4530
1 96
1 1580
1 2813
1 2399
2 2507
1 4567
1 2023
2 2986
2 3677
2 1078
1 4603
2 529
1 3909
1 3564
1 275
2 521
2 1342
2 315
2 2629
1 306
2 808
3 1141 1895
1 4498
3 1873 1895
1 4134
3 3594 4005
3 2013 4559
2 1380
1 4038
2 1051
3 2331 4700
1 4172
3 3147 4979
1 1601
2 2374
3 3069 4129
2 2414
2 1923
3 1516 3603
1 1567
2 4113
2 1292
2 3879
2 608
3 2462 2822
2 4263
1 3747
2 535
3 3516 4000
1 2101
3 394 4559
3 1336 1455
3 1401 1899
1 4995
1 2569
3 4758 4998
2 184
2 334
2 4400
1 3565
2 3656
2 4145
3 3124 4380
2 1329
2 624
3 2883 4005
1 1918
1 3990
1 4293
1 655
1 4171
1 4387
2 250
1 2011
3 1478 2280
2 4937
2 3815
3 1070 1756
3 4281 4900
2 1148
2 2118
1 3849
1 4019
1 3441
2 4062
1 3750
1 4321
1 1490
2 2163
2 957
3 3817 4363
1 4931
2 3775
2 2172
2 1465
2 2124
3 4191 4327
1 3830
3 3161 3752
3 49 615
2 3870
3 1065 4962
3 3547 4914
1 497
1 2569
3 333 1874
3 3829 3865
1 4567
2 664
1 2819
2 4527
1 1864
3 1533 3007
2 4146
2 3842
2 2482
2 3467
3 929 4187
2 808
2 287
1 3543
3 283 4170
3 2155 2236
2 3877
3 2500 3683
2 1618
3 1718 3939
2 1503
3 1928 4052
3 3997 4227
2 4765
2 3424
3 4930 4965
1 1372
1 3841
2 1855
3 1221 2066
3 4477 4815
3 3931 4773
2 3449
1 2236
1 1702
3 4070 4523
1 3079
1 4082
2 1103
2 653
2 2607
3 3290 4788
2 1691
2 713
2 2764
1 2720
2 4591
2 2531
2 1078
3 1955 3447
2 1909
1 3037
1 4546
1 1176
3 2820 4810
1 3462
1 224
3 4807 4943
3 2947 3794
2 467
3 2905 3637
2 3544
1 3452
3 4143 4522
1 414
3 1928 2770
3 3341 4845
1 2729
1 3269
3 4603 4992
2 4996
2 3820
3 4317 4978
3 4103 4483
2 4302
1 3714
2 3079
2 2842
1 4605
2 2230
2 1037
2 2274
3 3198 3832
1 4687
3 3508 3850
2 2240
3 4272 4982
3 4234 4538
1 3856
3 3169 3646
2 606
2 1840
1 1057
1 2919
3 3972 4635
3 2096 3750
2 1377
2 3837
1 3758
3 412 4370
1 2157
1 1730
3 3931 4540
1 1718
3 1985 3049
1 1374
2 1523
2 1875
1 1135
2 983
3 4569 4923
1 2115
2 1827
1 4617
2 1341
1 2931
2 2219
2 2602
3 3395 4643
2 2705
2 4924
3 4989 4995
3 3045 3999
2 3572
1 54
1 4129
2 1447
3 4349 4443
2 2350
2 2806
3 2560 2573
2 3103
1 2361
1 3946
2 1831
2 1542
2 3830
2 147
1 4264
2 3086
1 4661
1 1407
1 1125
2 1710
2 2301
3 3330 3713
2 1330
3 4110 4771
3 4985 4991
2 1607
3 4484 4721
3 3662 3828
1 4744
2 3808
2 3915
1 3021
1 1111
2 3541
3 2304 2953
3 4372 4477
2 3381
3 4357 4618
2 3512
3 3398 3962
1 3141
1 1431
1 4859
2 4019
2 766
3 4586 4707
1 3592
1 2497
2 1294
2 4536
3 3442 3551
1 727
3 4584 4997
3 4005 4391
3 149 449
2 2096
1 4072
1 2987
2 2511
3 266 4609
1 3493
3 3144 4315
1 2487
3 2857 3334
1 576
3 2909 3584
3 2784 3755
1 4024
1 1938
1 3662
3 4604 4962
2 1579
1 2885
2 2616
1 1328
3 671 3879
1 1317
3 3281 4713
3 44 4007
2 395
2 3075
1 584
2 445
2 3157
3 1193 4423
1 2829
1 536
3 3916 4718
1 401
3 1253 1287
3 2801 3918
2 4574
3 1875 3568
3 269 427
3 1347 3524
3 4163 4576
3 2685 4766
3 2423 3620
2 877
3 1985 2511
2 1900
1 1154
3 4846 4888
3 375 3649
3 2495 3078
2 1095
2 2242
3 4178 4585
3 3823 4950
2 2410
3 4488 4883
2 2059
1 4113
1 3840
1 1252
1 4705
1 699
3 2582 3968
2 1305
2 4572
3 4943 4958
3 4751 4898
3 4980 4983
1 507
2 2150
2 2030
3 3742 4046
1 2065
2 2299
1 4852
1 2812
1 4090
1 1666
3 4976 4986
1 3131
2 4528
1 1951
3 2784 3619
2 56
1 607
3 2792 3200
3 80 2960
3 4290 4847
2 1309
1 2095
1 4186
1 1217
1 2526
3 3465 3611
2 3979
2 3567
1 4146
3 3269 3543
2 216
3 72 2513
2 736
2 564
3 2944 4997
1 222
3 2044 2399
1 1385
1 354
1 3922
2 3569
2 3470
2 3754
1 4229
2 2624
2 3210
3 345 1643
3 2239 3650
2 1873
3 1994 3515
2 37
1 1841
2 3084
1 4098
3 3050 4560
2 4189
2 4305
2 2343
3 2379 4727
2 686
1 1082
3 281 1099
2 3041
1 2221
2 2285
1 710
1 2537
2 2857
1 977
2 612
3 1596 2692
1 261
2 4246
3 775 2234
3 357 2956
3 2505 2985
1 1847
2 4947
1 2704
2 564
2 4271
1 4001
3 1149 4696
1 2391
2 4792
3 3039 4137
2 2641
2 243
3 1485 3075
1 51
3 339 3259
3 3952 4332
2 3744
3 3780 4887
1 1361
2 916
2 3348
3 714 1461
2 2341
1 2016
2 2105
3 4088 4523
2 1402
2 1023
3 4123 4475
2 3947
1 2112
2 4531
3 2397 4901
2 3150
2 4420
3 4311 4531
1 2441
2 4115
3 640 3447
2 47
1 4620
2 413
1 4113
2 640
3 4364 4990
3 821 1977
3 4812 4902
3 4979 4998
1 4204
2 1723
3 2737 4647
1 3659
2 2670
3 3974 4200
3 4597 4914
2 698
2 3496
2 3416
2 2483
3 2750 4256
2 3248
3 2432 3604
3 2579 2939
2 1886
3 4361 4972
2 458
1 4974
1 4824
1 2130
3 3835 4653
1 4152
2 3999
1 2073
3 2136 4136
1 1158
3 4310 4804
1 1659
1 4469
1 2580
3 1600 3497
2 2085
3 3425 3883
3 3038 4834
1 4586
1 3642
3 4499 4507
2 3748
2 238
2 1953
3 1033 1978
2 4204
3 86 3542
1 2568
1 4414
2 4867
2 2428
3 3819 4378
3 4302 4598
3 609 1223
3 2280 4223
3 2200 4135
1 2940
3 4227 4888
2 1478
2 2391
3 3344 4608
2 4484
1 3069
1 3920
2 2375
3 3467 4662
1 4917
3 4798 4854
3 2627 2632
1 1415
1 3269
1 4092
2 4736
2 620
3 2888 4056
1 1131
3 3897 4751
3 3186 4812
3 2856 3741
1 3185
2 2887
2 3869
1 2172
1 4724
1 894
3 3774 4949
3 3856 4078
2 2577
3 3685 4835
3 258 279
2 3844
2 3106
3 1706 2522
1 1009
3 215 1946
1 3543
1 4472
2 2440
2 4888
2 2537
3 4561 4824
2 315
1 2893
3 2381 4203
2 4067
2 4051
1 1865
1 2883
1 3445
3 1091 3043
2 3562
2 1002
1 2917
3 2317 2763
2 4970
1 2251
1 273
3 1862 2803
1 2255
2 959
1 2614
2 4812
3 4789 4955
3 1511 4714
1 4236
1 3891
2 3265
1 4236
1 463
1 4055
2 4114
1 1951
3 4275 4876
1 2691
2 2204
2 1751
2 2008
2 2407
2 3920
3 4029 4764
1 1760
3 4014 4624
1 1805
1 2159
1 1387
1 4660
1 1136
2 2193
1 1203
2 3989
3 727 3420
3 3301 3845
1 2493
2 4745
1 2508
1 202
3 1983 3628
3 4494 4887
3 2834 4853
2 3304
3 3283 3745
2 3396
2 1922
2 3323
1 1891
2 4171
2 4445
2 4924
3 2459 4016
3 3888 4077
3 3904 4013
3 2202 3255
2 2521
2 1731
1 3546
3 3542 4676
1 3425
2 1005
2 4679
1 2370
1 1968
1 3079
2 3998
1 1588
3 866 1764
1 1996
2 2865
3 1249 4230
3 1240 2665
3 101 467
2 4759
1 3776
3 902 2925
2 4431
2 702
3 4824 4921
3 1550 2446
1 2295
3 3875 4215
3 4768 4960
3 3741 4424
1 4358
2 2361
1 141
1 4198
3 3899 4974
1 35
2 2525
1 3781
3 3781 4019
2 2225
2 4174
2 1389
2 1159
3 1246 3904
3 4766 4857
1 4374
2 3581
1 1509
1 2503
2 4335
1 3541
2 3123
1 3349
2 270
3 1040 3415
3 2034 3657
2 2004
3 1678 1832
2 3793
2 1651
2 3774
3 1413 2114
2 1808
3 21 3800
1 2750
3 3500 3607
2 1843
3 954 2553
1 4393
1 1595
3 354 3141
3 4931 4955
3 429 3840
1 2150
1 1719
2 4991
2 4646
2 2680
3 2174 4308
1 3651
3 922 2599
3 298 2218
2 77
1 3192
2 3491
1 1699
3 407 557
2 2504
3 2457 3564
2 4866
3 2350 4019
3 4080 4459
3 4292 4922
2 3429
2 1739
2 3847
1 2188
1 328
3 1015 4495
2 2514
2 1454
2 4397
1 3321
2 203
3 3877 4982
2 1721
1 795
3 4735 4771
2 3277
1 1477
3 2636 3577
3 1496 2574
1 2651
2 1689
1 376
3 4581 4591
2 4046
2 1429
1 1290
3 66 4234
2 4453
2 4357
2 3892
3 810 3788
1 4803
3 3997 4617
3 572 924
1 1267
2 2093
1 3608
1 4781
2 3203
1 4625
3 2274 2429
3 4247 4509
1 3184
2 352
3 4136 4307
2 1503
3 3859 4278
2 477
2 1978
2 4554
3 3142 3691
2 4739
2 3695
2 3480
3 4897 4960
3 3353 4362
1 2031
1 1560
3 1365 3481
3 981 4644
1 731
3 4518 4870
2 3079
1 1576
1 500
3 4572 4931
2 4882
3 4463 4973
3 4603 4931
3 3805 4231
2 3335
1 4814
3 4881 4899
2 277
2 2075
2 1795
1 4245
1 769
1 3209
2 2068
2 4149
3 198 2870
1 2914
3 4731 4751
2 338
1 4894
3 1847 4939
3 1497 4029
1 2156
1 3203
1 3417
2 4032
3 4493 4498
2 2397
2 2552
3 1714 4532
3 26 2674
3 1516 2449
2 1694
2 1620
3 3985 4687
3 1303 4222
3 668 3004
2 4399
2 4832
3 3256 4695
1 3918
1 3801
1 2685
1 1792
2 1750
1 3370
3 4232 4968
3 3689 4922
2 1362
1 4672
1 4155
1 653
3 78 419
3 2943 4560
3 4454 4714
1 196
3 224 669
3 2705 4563
1 3456
2 3699
2 1764
3 1254 2005
1 4276
1 2262
2 2148
3 4693 4792
1 3762
2 2153
1 3015
2 3593
3 674 4527
1 4673
2 822
3 1344 2882
2 784
1 4037
2 1579
1 1435
2 3891
3 1589 1867
3 4420 4888
1 4136
3 3597 4122
3 3351 4194
1 4692
2 3108
2 961
1 4253
2 2467
1 2735
1 3159
3 3151 3739
1 1213
2 1965
1 969
1 1981
3 1294 4797
2 4287
3 341 3237
2 923
3 3741 4066
1 1062
2 4222
2 1441
3 3537 4461
3 4263 4691
1 4251
3 4230 4357
1 4309
1 4942
2 3045
3 2301 4549
1 4513
3 3622 4782
2 3723
2 2290
3 3415 3432
2 3485
2 2734
2 4022
2 1193
3 1095 1851
1 4446
1 1378
2 4344
1 3237
3 3955 4578
1 4207
1 2561
1 2566
2 4425
2 3519
1 422
1 602
2 4763
1 1127
1 357
2 1665
2 4433
1 4864
2 1814
2 3363
2 1711
2 3715
1 1042
2 419
1 1299
3 2040 3320
1 3723
2 1728
1 3267
1 1560
1 4389
3 521 1663
1 3599
1 2265
2 1274
1 879
3 423 3375
1 2062
2 2435
2 60
1 4513
3 4357 4520
1 433
3 2090 2693
3 4860 4877
3 1511 1564
3 1852 2148
1 2398
1 1284
2 2043
3 742 3041
1 4233
3 3028 3899
2 3515
2 403
1 1386
1 1755
3 2981 3950
3 1482 1635
2 2514
1 332
1 3737
1 4526
1 1856
3 2308 2910
1 2711
1 4642
3 1853 3449
2 778
3 3554 4656
1 3538
1 2177
1 211
2 3466
2 2139
2 51
2 3210
2 2531
3 1849 3770
1 2505
1 1731
1 3580
1 4181
2 2212
1 4352
3 878 3051
1 875
3 2578 3352
2 932
3 1612 3846
1 2999
2 3216
3 196 313
1 3279
2 4105
3 1563 3219
3 3701 4286
2 2842
1 725
2 3400
2 1884
3 4119 4928
1 949
1 2772
3 2372 3015
1 1347
3 3453 3591
3 762 4371
1 4035
3 4572 4714
2 3693
2 4973
2 3064
1 4997
3 4561 4680
2 4474
1 933
2 3017
3 1237 2310
3 3994 4662
2 3485
3 179 1609
3 274 548
2 135
2 3817
2 601
3 4989 4990
3 2459 4611
1 2965
1 2190
3 2482 2904
1 671
3 3073 4907
3 4954 4995
2 486
1 36
3 4463 4797
2 2319
2 2047
2 85
3 486 2798
2 1062
1 265
1 1890
1 1788
1 1661
2 948
3 1224 4513
3 1922 3693
2 1830
3 4971 4973
2 3781
3 168 1041
3 2508 4642
3 4639 4759
2 2373
1 3859
2 4846
3 2993 3664
1 128
3 3984 4556
2 3428
2 1280
1 3602
3 4591 4873
3 4765 4808
2 3770
1 2353
2 3198
1 4337
1 805
1 2624
3 3829 4816
3 1516 4641
3 2691 3313
2 2672
2 2471
2 1369
1 1625
2 3038
3 1982 2529
3 2817 3586
3 30 3094
2 906
1 204
1 4774
3 2098 3709
3 1112 2563
2 4255
3 636 4738
2 4502
3 642 1467
3 1519 2576
1 1370
3 4034 4048
2 2593
2 3306
3 3691 4600
1 4973
2 4693
3 1712 3570
2 4987
3 3124 3384
3 4082 4316
3 4743 4787
1 4854
1 1653
2 1687
3 68 3567
2 4780
2 2980
1 851
3 3191 4450
3 2925 3737
1 3372
3 1550 3500
1 1517
1 563
2 2482
2 1644
2 3123
1 2528
3 4046 4647
3 996 2419
2 3639
3 123 2243
2 4658
2 1513
3 1384 4718
1 2747
3 4312 4528
2 2784
2 305
2 3691
2 4184
2 2054
3 3337 4789
1 3266
1 2619
1 3608
2 4146
3 43 644
1 2991
1 922
1 2217
1 3944
1 2571
1 4520
1 535
2 1882
2 713
1 2387
2 1736
3 4024 4720
3 3525 3597
2 3112
1 350
3 3692 4973
2 3518
3 1100 1478
3 1072 4283
3 465 1394
1 3871
2 4206
2 4420
1 4920
2 1198
3 2281 2451
1 3102
3 4009 4202
2 1494
3 2912 4892
1 4284
3 4654 4716
2 1784
2 4868
2 3125
3 4114 4416
3 2852 3203
1 827
2 1275
1 378
1 4299
1 1454
1 2582
3 1127 1622
3 4910 4967
2 2830
1 3757
1 4047
2 4479
2 4876
1 2376
2 4792
1 2989
1 3505
1 3063
2 4039
3 4859 4998
2 1509
1 4009
3 2129 3253
2 3178
1 4389
3 2499 3396
2 3778
1 3840
2 3467
3 4511 4981
2 4564
1 366
3 1428 2266
3 3006 3517
2 3890
3 1967 2576
2 2397
2 642
1 110
2 1199
1 1001
2 703
1 4795
2 4566
1 3698
2 1359
3 645 1875
2 1426
2 3082
1 2509
3 3378 3693
2 3177
2 3382
1 2574
1 2275
1 1813
1 2192
3 27 1959
3 4966 4978
2 1984
1 2258
1 2991
1 3452
1 572
3 4364 4518
3 2699 3680
1 2964
1 4874
1 1942
1 3382
1 2599
3 4410 4749
1 4118
1 2869
3 4758 4946
3 3924 4119
1 479
1 2813
2 3237
1 3115
1 4648
3 987 4879
3 3272 4165
1 1762
1 3516
3 1824 4620
1 1124
3 2683 2793
2 2763
2 4525
2 989
3 1371 2259
2 2888
2 4680
3 1757 3297
1 348
1 4498
3 3994 4857
2 1998
3 2421 2994
3 1863 4878
3 3198 3488
1 1904
1 3171
3 4723 4832
3 1108 3448
3 2360 3070
1 2955
3 2724 4069
1 2671
2 1448
1 1360
3 802 2842
1 2563
3 3118 4839
2 2346
2 766
3 2398 3204
2 3279
1 4691
2 2770
2 430
1 3457
2 1033
1 697
3 761 3890
3 1317 4670
3 4844 4859
3 4656 4926
3 4416 4564
1 4396
2 2781
2 1754
3 4257 4661
3 3557 4218
3 4858 4932
1 4180
3 2497 2910
2 4931
3 3111 4315
3 3293 4528
2 2883
1 1199
1 232
2 3002
2 1761
3 4480 4796
2 863
3 2782 3449
2 2764
2 3888
3 3344 4342
2 4111
1 1318
2 4488
1 1220
1 541
3 2155 3788
1 4484
3 1870 1939
3 4015 4665
2 4969
3 22 71
1 2122
1 1835
3 3360 3691
2 2771
3 730 3343
2 2654
1 4786
3 1442 2751
3 1302 4673
1 4800
2 3540
3 2921 4991
3 1900 2205
1 4978
1 2080
3 3050 3870
3 1662 4100
3 2770 2845
3 1562 4829
3 2292 3275
3 1944 3210
3 2651 4261
2 2414
2 3742
3 3154 3592
3 3023 4791
1 1485
1 4433
1 2480
2 2554
2 4438
1 3333
2 4157
1 1808
3 4585 4701
1 1223
1 2649
2 1247
2 4083
1 1558
3 2765 4599
2 652
3 3098 3238
1 1578
1 1868
3 2094 3051
1 2389
2 3804
2 262
3 2993 3366
2 339
2 2855
1 56
2 4660
2 2934
3 2884 3316
3 4157 4444
3 1294 4315
1 4012
3 1542 3842
1 3239
2 263
2 750
3 190 3403
1 3845
3 3314 4340
1 4458
2 576
2 3141
2 2011
2 2981
3 2811 3925
2 1201
2 2495
2 3434
3 4895 4904
2 1977
1 2466
2 1226
2 334
2 3257
1 2953
1 4232
2 1614
1 2929
2 906
3 4445 4828
2 3682
3 1498 3518
3 48 3502
3 2960 4430
1 2151
2 2423
2 1956
2 2018
2 4887
2 512
1 75
1 2571
2 3390
3 4377 4859
1 534
1 1538
2 4838
2 4076
2 3456
2 4610
2 3904
2 1250
3 963 2589
1 1691
1 4823
1 1131
1 4985
3 1863 4949
1 4249
2 1863
3 2075 4717
1 4702
2 798
1 3242
2 2392
1 3140
3 3328 4791
2 3493
2 4577
2 4837
3 4189 4292
1 2427
3 383 1078
1 2124
1 3106
1 2946
2 2415
3 2935 4641
3 1560 2306
1 4849
3 1088 3879
3 2980 3219
3 4413 4842
3 4435 4815
3 117 3071
1 1191
1 1468
1 2903
2 316
3 2796 4176
1 1140
3 2442 2610
1 4816
2 3149
3 4250 4534
1 3772
1 1237
2 3126
3 4820 4871
3 581 2035
3 2111 3949
1 652
3 3130 4443
2 1558
1 2366
2 3219
1 1117
3 501 2467
2 2496
3 1534 3320
1 1650
1 4037
3 3402 3551
1 4661
2 4019
2 1231
3 1471 4801
3 3813 3896
2 3271
3 3785 3872
2 531
3 4845 4948
1 15
2 2255
3 2937 4072
2 4038
2 1490
3 307 3998
3 4106 4279
1 3533
2 3612
1 3033
3 274 1887
2 1
1 1379
3 4411 4707
1 4319
1 4569
3 2333 4953
3 457 3290
3 3742 4725
3 2906 2928
3 40 1673
1 2325
3 3110 4807
1 4913
1 933
3 1575 1994
2 225
2 3591
2 3972
3 4189 4237
3 1004 4500
1 2587
2 3233
1 292
2 4220
2 2028
2 2331
2 1032
3 3873 4420
1 655
1 1887
1 4709
3 193 1311
2 1972
2 3635
2 4999
3 2792 4622
2 4901
2 987
1 3884
2 1243
3 772 3426
1 563
2 3658
1 3494
1 983
3 358 1033
3 282 2921
3 2590 3603
2 4826
3 2853 3432
1 3436
3 1851 2809
1 585
2 474
2 1578
3 3607 3657
3 1354 2315
1 2626
2 4436
3 949 4047
3 3634 3658
2 3783
3 112 4344
3 4891 4912
1 1462
2 2603
3 2323 4211
2 4606
1 1258
3 3077 3434
1 1227
2 2654
3 3237 4524
3 263 2938
1 3173
2 3655
2 1356
3 317 4354
2 796
1 2492
3 2933 2954
1 377
2 2482
3 3163 4951
2 1710
2 3296
3 1664 4573
3 1726 2716
1 2488
3 4362 4988
3 3720 4556
3 2519 4078
2 833
1 1032
2 1429
3 200 2418
2 932
1 4042
1 871
3 4228 4280
1 2093
3 2436 3059
3 2587 4652
3 882 2651
2 1031
2 163
2 3627
1 2963
2 4739
3 1017 1460
3 2845 4468
3 2792 3299
1 863
3 1083 2036
3 3774 4586
2 122
2 4394
1 395
3 285 2320
1 4678
3 790 1608
3 4199 4575
1 2256
3 1196 2100
1 984
1 936
2 3982
2 2532
2 3978
3 4951 4953
2 1057
2 3152
1 4023
3 4200 4807
1 4571
1 3557
2 3725
1 4033
1 469
2 2969
3 1685 2689
1 470
1 3554
1 2554
3 2359 2540
2 99
2 986
3 467 1655
2 280
3 133 4445
3 117 3951
2 2575
2 1609
1 1315
2 367
1 3715
1 3575
1 1518
3 2602 3219
2 4744
1 240
2 629
3 844 970
1 3653
2 2582
1 4826
3 4320 4762
3 2485 4300
1 3210
1 1319
3 1870 2486
2 2017
1 2297
1 719
1 4009
2 2332
1 105
3 4131 4966
3 2647 4538
1 1680
3 1630 4870
3 2476 3574
3 2921 4649
1 803
2 2420
1 2529
1 4565
1 1688
3 3238 4706
2 2838
2 1779
3 2829 3673
1 2051
2 3424
3 4483 4720
1 4538
3 414 3456
2 4369
3 3441 3812
3 436 2411
1 3662
3 4481 4539
2 1131
1 1097
3 2979 3895
1 1700
1 4123
1 1972
1 1051
1 2384
3 1278 4706
3 284 1138
3 903 2520
2 3814
1 1468
3 1130 4242
1 3068
3 869 2758
1 4611
1 3472
2 715
2 3800
2 2670
1 3553
3 1628 2347
1 4696
1 2870
2 296
2 1862
2 4934
3 1621 4489
3 1942 3296
2 3267
2 4264
2 2071
3 2197 2899
2 3105
1 491
1 606
2 1757
3 3348 3756
2 3487
3 3794 3942
3 3917 4730
3 685 1186
3 3201 3622
2 3965
3 1217 2691
2 2434
2 3609
1 4870
2 4612
2 687
3 2334 3089
1 2290
1 4896
1 4849
1 1969
1 3345
2 4010
1 558
1 4818
1 2801
3 968 1841
3 4029 4610
2 935
1 3463
1 3857
3 4191 4632
3 1564 3953
3 2192 4927
2 1062
2 3951
3 1699 2854
2 1829
1 2946
3 2596 4317
1 1031
1 4382
2 3960
1 4060
1 43
3 3802 4319
1 770
3 3149 4179
2 4515
3 322 4886
2 1825
2 1151
3 4059 4270
2 547
1 4351
3 3991 4193
2 3162
1 3409
1 4354
3 2551 4615
3 1685 4750
3 4749 4882
3 2904 3460
2 409
2 602
3 3921 4286
3 447 4362
3 733 2676
3 2406 4314
3 3924 4209
3 1099 3032
1 915
1 1740
3 4220 4571
1 4200
2 1844
1 3795
3 353 3954
1 3386
1 59
3 2303 3724
2 1697
2 1235
1 3731
1 1402
2 303
3 3722 3833
3 2081 4726
3 1243 4707
2 1506
2 2619
1 1764
1 2053
2 1712
3 4941 4997
3 1905 2191
1 1092
2 3137
3 4469 4695
2 1992
2 4896
3 51 3097
3 355 4108
2 1611
2 2341
1 3371
2 1548
3 4344 4826
2 1635
2 3471
3 2691 4733
2 3365
3 3943 4327
2 4088
3 2874 4467
2 2656
1 4742
3 1298 3552
2 3633
2 748
3 3241 4948
1 286
3 1810 3060
1 4766
2 3183
1 2213
1 3212
3 1989 3869
2 599
1 3729
3 3370 3484
2 2297
3 4691 4775
2 149
2 1443
2 1304
3 922 3402
1 2810
3 562 1050
3 2685 4860
1 2045
2 1525
3 891 4134
3 2338 4755
3 1850 4694
2 4870
2 1799
3 2624 3878
3 1474 4155
1 4792
1 4662
3 3109 4123
2 1922
3 1552 1756
1 4024
1 2925
1 4180
3 4286 4775
1 1229
2 2090
3 3279 3939
1 4671
3 4653 4721
2 3671
2 2815
2 4032
1 1725
3 4261 4659
2 378
2 1842
2 4703
3 4013 4147
1 1013
2 1322
2 4055
3 3840 4845
2 3029
1 4316
3 4275 4482
1 2120
2 1627
1 539
3 1837 3601
3 4970 4996
3 3990 4028
2 4742
1 3664
3 4975 4994
3 2470 3592
3 3685 4204
3 1562 3165
2 498
1 2438
3 395 1181
3 1935 3857
3 3190 4211
3 1268 3980
1 1458
2 1695
3 3739 4450
1 4996
3 2439 4888
2 1701
2 1607
3 1370 4556
3 3368 4259
3 878 3410
2 2970
2 1040
3 3191 4407
3 4378 4871
3 4617 4857
2 1899
1 1672
1 2484
3 2520 2824
2 3793
3 4192 4979
1 2183
2 3306
3 2178 2213
3 327 2947
2 1496
2 4651
3 4353 4785
1 3741
1 2071
1 894
1 3656
1 1189
2 3314
3 3401 4529
1 54
1 2329
3 3918 3966
1 2326
1 4180
1 4447
1 25
3 4145 4878
2 1672
1 4361
2 4669
2 294
1 2855
2 3485
3 3454 3522
3 2679 4035
1 2090
1 3238
2 859
3 248 1040
2 3694
1 4831
2 1010
3 240 4088
1 1429
3 64 2967
3 2559 3559
3 4890 4956
1 4293
3 3754 4993
3 4958 4968
2 4715
3 371 2251
1 3133
1 3663
3 1358 3921
3 4363 4649
1 2343
1 541
3 1124 2633
2 3595
1 1361
1 4093
3 3180 4250
3 4406 4958
2 2684
3 3981 3994
2 2129
3 4948 4991
2 3536
3 4312 4819
2 4421
2 4059
1 4047
3 1098 3654
1 362
3 2932 4011
1 20
3 3840 4530
3 1112 2131
3 2855 4069
2 170
3 2611 3119
1 1341
3 490 3676
3 453 3778
3 2837 4822
3 74 1813
3 1278 2808
1 132
3 3406 4192
1 3536
2 1682
2 1956
2 1948
3 4908 4965
2 1163
3 973 1388
3 2005 4098
3 668 1357
1 3049
2 2022
1 4174
3 1631 1828
3 2957 3728
1 2726
1 4859
3 3053 4517
1 1030
2 6
1 1255
3 2480 4664
3 2820 4464
3 1592 2271
1 2421
1 1942
1 4673
1 3664
1 2174
2 1255
3 2565 3108
1 2242
1 2611
1 603
3 4021 4926
2 1704
2 4765
1 4851
2 2575
1 3150
1 4550
3 2337 4306
2 2463
3 1508 1696
3 4414 4831
1 1874
1 4874
3 3705 4112
1 1022
3 4117 4259
3 3006 3884
1 804
2 50
1 4794
1 325
3 2292 4192
2 1090
1 4332
3 1694 2687
2 1274
1 4700
3 4285 4489
3 1434 2946
3 3928 4616
2 3978
1 1024
3 1597 4684
1 4398
2 1853
1 2481
2 3506
1 4917
2 3886
3 3601 4202
2 4387
3 4744 4962
1 1124
3 4763 4988
1 183
1 1375
2 1675
3 595 724
3 50 3468
1 3697
1 758
2 19
2 952
3 2777 3264
1 2551
2 541
3 4259 4731
2 3781
3 4540 4899
3 4913 4925
2 3738
2 4953
2 887
2 2671
1 3454
2 4144
3 4808 4869
2 2038
3 592 4910
3 1613 3573
1 4837
1 3944
1 151
2 2590
3 3456 3630
1 2575
1 1422
2 4946
1 90
3 1886 4263
3 214 3742
2 575
1 3212
2 1508
2 2188
3 4202 4315
1 741
1 2912
3 4061 4442
2 245
2 263
3 3769 3860
2 182
2 199
3 2702 3174
1 3247
1 1538
1 4854
2 1754
2 1813
2 881
3 1463 3072
2 2595
3 4977 4983
2 1815
1 1203
3 3415 4414
3 3375 3628
1 3046
2 3988
3 72 4235
2 4839
1 3195
3 2965 4636
2 3651
3 3188 4678
2 297
1 317
1 3143
2 1104
3 3252 4897
1 2568
1 428
3 1642 4256
2 3244
1 4629
3 59 4390
2 4846
3 2105 4460
2 2082
1 2916
3 4911 4990
2 1959
3 331 530
1 3872
1 1687
1 4631
3 4451 4822
1 4225
2 2719
3 4142 4813
2 4331
2 881
3 991 3564
3 37 3319
3 1495 3054
2 2986
1 4818
1 3150
1 4392
2 2089
3 4064 4114
1 1029
2 2434
3 3383 4177
2 190
1 3220
1 3490
1 1489
2 2610
3 1531 4947
3 1509 3853
3 1990 3901
2 4
2 1945
1 838
1 854
2 4777
2 1483
2 1207
1 1538
2 417
2 3997
3 31 3384
1 2424
1 3402
1 2831
2 4853
2 3506
2 407
1 2317
2 4065
3 2669 3849
3 2205 3981
1 1697
2 2440
3 4468 4607
1 4312
1 2337
1 2615
2 1451
2 4850
3 2419 2590
3 181 3611
2 1891
3 544 4334
2 4673
2 2643
2 4038
2 1984
1 3548
2 2361
3 3395 4973
2 1475
2 3287
3 1296 2126
2 523
3 3500 4551
1 4708
3 3808 4862
1 4210
1 751
2 2826
1 4085
1 2179
3 3401 3449
2 3270
3 3872 4445
1 2988
3 2458 2643
2 1324
2 2638
3 1949 4462
3 4539 4884
2 2069
3 1122 4821
1 143
3 1593 2888
3 2263 3376
3 2598 3562
1 4100
2 1603
3 3794 4759
3 2588 3270
1 3830
2 2958
1 3864
3 1639 3814
3 4134 4633
1 2982
2 3051
3 3277 3822
3 1614 3260
1 4026
1 2815
2 2011
3 3244 4198
1 454
2 3790
1 1703
1 2429
3 2543 3197
3 4381 4921
3 1602 4436
3 3274 3523
1 1032
1 2037
2 4313
2 2919
1 3765
1 3415
1 626
2 3940
3 1505 2770
2 3934
3 1326 4882
3 1188 4272
3 2660 3609
3 688 4509
1 2032
3 191 3258
2 4201
3 4516 4580
3 3231 4543
2 4589
2 1978
3 1214 2631
2 187
1 112
1 1372
2 48
3 4008 4351
2 1053
1 3728
1 3203
2 4199
2 1428
2 2496
3 2503 4717
1 2632
2 3986
3 2223 3604
3 2820 4257
1 3972
3 1803 2627
2 997
1 4232
1 4840
2 3156
3 4783 4931
1 1165
1 1601
3 2413 4971
2 3136
2 1411
1 1414
2 3720
1 375
3 3256 3341
2 4650
3 4111 4801
2 3855
3 2363 2552
3 3037 3156
2 2319
2 1043
3 2636 4136
1 1065
3 4236 4671
2 3974
1 2820
2 918
3 1119 3159
2 656
3 747 4480
1 2759
1 301
2 1790
3 395 3083
1 1738
1 2428
1 1438
2 3605
3 2512 3759
2 4099
2 1200
2 294
3 3474 4365
1 4499
2 1366
2 1940
2 1247
1 3911
3 2565 4400
3 3350 4555
2 4008
3 3990 4305
2 1299
1 4533
1 1119
3 2058 3870
3 3932 3984
3 661 748
2 2212
3 4520 4950
2 3686
3 3060 3777
3 2097 3537
3 4519 4820
2 738
3 3886 4049
1 2618
2 4284
2 3957
2 3355
3 3394 4155
2 2245
2 3885
1 4859
1 1637
1 645
1 4293
2 2747
2 2964
2 3852
2 4296
3 3241 3945
1 1529
2 2014
3 4523 4798
1 1647
1 990
1 4442
2 484
3 1641 4221
1 3999
2 1727
2 1728
1 1924
1 1553
2 4903
1 1368
1 3992
2 3755
2 2263
3 3472 4678
1 4420
2 361
1 3235
3 4764 4900
2 4811
2 3885
2 2389
1 3228
3 2693 4728
1 1393
2 2857
1 2222
2 2670
1 4270
1 3832
1 4239
2 3154
1 4256
2 417
3 454 3959
3 253 4776
2 3970
3 1496 2433
3 2940 4414
1 3149
2 244
2 2493
1 3876
2 3506
3 520 3875
3 2361 3812
3 3927 4729
3 3660 4877
2 3639
3 326 2044
2 1057
3 2927 3252
2 820
2 1713
2 4834
3 2411 3235
3 2331 3734
3 429 3014
1 3544
2 4774
3 2619 2998
2 3288
3 3720 4935
3 585 1502
3 2680 4085
2 4869
2 1383
1 3222
1 4883
2 2798
2 1025
2 779
2 2429
1 654
3 3750 4601
1 3424
1 1833
2 896
2 1416
2 1779
3 293 2835
1 838
2 4325
1 4608
3 2870 2965
3 3307 4422
1 2702
2 1177
3 3277 4954
1 3833
3 1200 4917
3 3050 4376
3 3566 4756
3 1096 2263
1 2949
1 1315
1 3533
1 1039
3 409 2248
2 794
3 2937 3431
2 585
3 1388 4206
2 2619
1 1236
1 4608
1 1076
2 2727
3 2447 3210
3 4675 4833
2 2970
1 1783
3 1526 4036
2 290
2 4219
2 1526
1 3219
1 3423
3 1691 4748
3 3564 4084
1 4907
3 2571 4832
1 4130
3 4665 4849
2 3052
1 4654
2 990
2 1876
2 2758
2 3735
2 2467
3 3775 4529
3 4109 4493
2 3191
3 4690 4989
2 1274
3 4414 4718
3 541 3783
1 4563
2 1329
1 674
3 2953 3998
3 572 4147
3 3550 4829
1 1593
2 4858
1 1378
3 552 1883
3 4255 4275
1 1144
1 4436
3 153 768
1 3503
2 1659
2 2468
1 2161
2 1065
1 2158
1 3699
3 2761 2895
2 3728
1 772
1 575
3 3669 4989
1 4690
2 4802
2 989
1 3609
3 2331 2769
3 545 836
1 1533
2 39
1 3977
1 1749
1 2855
2 1010
2 1116
1 175
3 2839 3239
2 2576
2 3942
2 468
3 2607 4509
3 3254 4114
1 2063
3 2833 3618
2 2977
2 1754
3 3054 4383
2 1258
3 3629 4826
2 2121
2 194
1 116
2 1325
1 1789
1 39
3 619 2416
2 1293
1 4075
1 2926
2 2658
3 1293 1810
3 231 2045
1 3056
3 1512 4856
2 1575
2 3222
3 4600 4963
1 4817
3 741 3967
3 459 3707
3 804 2802
1 250
2 4804
3 2793 4705
2 636
3 14 3867
3 4590 4629
2 3327
1 521
1 3304
3 2034 4961
1 3470
3 1413 2919
2 4268
3 2532 3190
2 4486
3 1116 2885
2 3688
3 3349 4976
3 1766 1841
1 1356
1 1763
1 831
1 1730
1 3599
1 902
1 4226
2 2852
1 1081
3 3342 3756
3 3750 4864
3 1627 4537
3 3293 4580
3 993 1163
3 265 1185
2 3203
1 1063
1 1306
2 2537
3 2011 3525
2 3258
3 1559 3405
3 1515 4876
3 2597 3412
2 4441
3 2828 4766
2 669
3 483 4151
2 2950
1 1747
3 2637 2748
2 436
3 324 3441
2 134
3 3759 4134
2 1217
2 2294
2 398
1 680
1 90
3 4337 4708
1 4415
1 65
3 278 4343
3 4852 4859
2 2122
3 2807 3197
1 947
2 4527
3 2908 3092
3 317 1598
3 1939 3774
1 3424
2 1774
2 3623
2 4171
2 3330
3 3364 4637
2 4608
1 3677
1 2903
2 164
1 1907
3 4555 4985
1 616
3 3401 4571
3 4684 4989
3 753 3579
1 1656
1 4931
1 2509
3 4576 4794
3 2389 2429
3 2216 4087
3 4575 4964
2 2507
2 3216
3 3127 4924
2 2831
1 1663
1 1617
3 1964 4089
3 2170 4802
3 3969 4860
2 1016
2 156
2 2682
1 1276
3 4570 4621
2 3361
3 1523 1994
3 520 2461
3 4463 4486
1 2454
2 2372
2 1097
2 3917
3 4738 4798
2 1692
3 2076 4826
3 2800 3931
1 2435
2 3703
3 3133 3886
3 4753 4769
2 2251
2 4374
3 744 3361
3 2040 2891
3 2725 4987
2 2830
1 2894
2 2086
3 1087 2723
3 4135 4458
1 2819
3 3271 3292
1 1770
3 4997 4999
2 1148
2 4890
3 2976 3662
3 937 2960
2 4438
2 2262
3 2081 4291
2 4472
3 1855 3370
2 2
2 3194
1 4871
1 825
3 2093 2306
2 3149
3 3873 4419
3 2444 2594
3 1992 3881
2 4528
2 3966
3 3777 4739
1 3199
3 4648 4873
3 3934 4604
3 3912 4826
1 3255
3 3955 4127
3 1492 4418
2 3819
1 3296
2 1559
1 1266
2 4700
2 3273
3 165 1354
2 4849
1 3430
1 3831
1 3099
2 230
1 52
1 4103
2 42
3 4439 4996
1 4554
3 4732 4916
1 946
3 1531 4430
1 1562
3 1356 4361
1 1946
3 3974 4073
2 1747
1 4838
3 4531 4884
1 568
1 4398
2 2245
3 390 1087
1 1861
1 629
2 2380
3 2584 4266
2 3530
3 3071 3372
2 4533
1 4054
2 1462
3 3828 4361
2 4392
3 2703 4010
3 697 1531
1 158
3 892 1051
3 3156 4520
3 2528 3098
3 763 2068
2 623
1 1116
1 287
2 3534
3 2736 3300
2 1368
1 1170
3 1714 2837
2 483
2 3593
2 837
1 3018
1 2878
3 3211 3955
1 638
1 2807
3 1698 3316
3 2631 2851
2 756
2 4473
2 3097
1 1268
1 2436
2 4251
3 814 2104
2 4603
1 2464
2 1361
2 3604
2 4090
2 4678
2 2231
3 4783 4946
2 2679
3 4251 4429
1 381
1 2376
1 2146
1 2993
3 2573 3515
3 830 1235
1 2799
3 2691 4789
2 4407
2 1707
3 2309 3181
2 4338
2 219
2 1261
1 680
3 2911 2952
3 4156 4458
2 331
1 3960
2 3452
1 95
3 3179 3830
2 4078
3 893 3078
2 3821
2 857
1 15
3 181 343
2 4344
2 1582
1 4245
3 3798 4269
2 3639
1 4909
1 4225
1 1256
2 4449
2 3476
2 1866
1 50
2 3281
3 1433 1526
1 788
2 98
2 898
2 57
1 3979
1 94
3 1642 4709
3 2160 3607
3 2777 4739
1 4978
1 4231
2 4777
1 2559
3 4048 4742
2 1697
2 3747
3 3570 3737
2 1783
2 1128
1 3991
3 3426 3779
2 1258
2 2797
1 3359
1 1753
1 4359
3 547 3042
2 714
1 4281
2 902
2 998
2 3646
2 1507
1 3595
1 4566
2 3894
3 3488 3775
2 3085
1 4299
2 705
3 243 4603
3 2574 4085
2 2983
3 833 849
2 2809
3 299 1503
1 2782
1 928
1 2066
1 4147
2 3048
1 3732
2 3496
1 3762
2 3381
3 2624 3872
3 2839 4809
1 4238
2 3938
1 4480
1 4934
1 2479
2 4097
1 2165
1 3230
3 2158 2675
3 3904 4842
3 519 3439
3 3537 4914
1 906
3 2977 3569
3 2864 2968
2 2676
3 3908 4270
