500 5086 66 2777
1 451 142 475 423 380 395 4 372 186 191 31 301 78 112 477 360 310 328 206 175 424 458 118 342 83 452 387 243 385 302 466 27 289 234 305 300 38 64 74 54 375 129 20 133 442 339 178 336 330 42 73 158 213 237 256 216 110 258 91 259 440 366 144 219 36
1299210 462146282 617254982 31134560 382607693 810173601 632216160 239056861 520804145 626623846 281434260 241324416 660279158 279097467 336102669 447903235 859494481 474034102 739908266 771102967 783926250 818621441 958760316 390840383 343166686 841001946 156491596 505950354 673405117 607944656 170436114 844909052 748845197 299678476 514381439 506077277 907812165 232211397 900307060 545387496 508520019 588558795 146610569 633424294 14228503 5120765 422860167 503120369 718458981 184643027 610866926 110476025 284373767 415223253 320150384 848744258 366579769 530072097 965744244 70340644 399233835 716608489 7739796 89282122 435357827 562019571
2 1 791
1 3 236
1 4 857
5 1 304
1 6 910
262 47 495
1 8 582
9 1 957
10 1 164
11 1 391
12 1 436
1 13 823
14 1 251
15 1 375
16 1 638
1 17 32
1 18 902
1 19 411
1 20 362
21 1 720
22 1 830
23 1 598
1 24 404
1 25 115
26 1 177
1 27 294
28 1 817
29 1 169
30 1 862
31 1 667
1 32 229
33 1 333
343 128 298
1 35 620
1 36 485
1 37 199
38 1 478
1 39 961
1 40 781
1 41 962
1 42 278
43 1 194
1 44 116
45 1 590
46 1 715
47 1 38
1 48 419
1 49 631
50 1 826
51 1 477
1 52 106
53 1 476
1 54 700
55 1 439
56 1 955
57 1 753
1 58 292
59 1 563
1 60 989
1 61 565
62 1 492
1 63 217
64 1 410
1 65 557
66 1 432
67 1 808
1 68 753
69 1 423
1 70 961
71 1 473
1 72 501
1 73 72
1 74 747
1 75 433
1 76 908
1 77 263
78 1 711
1 79 755
80 1 968
1 81 591
82 1 338
83 1 844
84 1 858
1 85 137
86 1 284
87 1 526
88 1 498
89 1 888
1 90 546
91 1 141
1 92 144
1 93 59
1 94 781
95 1 149
96 1 335
1 97 214
98 1 57
99 1 314
100 1 260
1 101 185
1 102 295
103 1 862
1 104 971
1 105 495
1 106 803
107 1 54
1 108 234
109 1 745
1 110 566
111 1 149
439 184 477
113 1 769
1 114 453
1 115 440
1 116 744
1 117 767
1 118 952
1 119 257
120 1 832
121 1 511
122 1 316
1 123 885
124 1 130
1 125 193
126 1 938
1 127 302
1 128 314
1 129 632
1 130 157
131 1 345
132 1 526
133 1 228
1 134 440
1 135 480
1 136 529
137 1 560
138 1 198
139 1 753
140 1 120
141 1 396
1 142 320
1 143 429
144 1 464
1 145 428
146 1 275
1 147 466
148 1 550
1 149 703
1 150 503
1 151 690
152 1 253
153 1 889
1 154 97
155 1 354
156 1 940
1 157 185
158 1 265
159 1 844
160 1 981
161 1 620
1 162 701
1 163 29
1 164 632
165 1 872
1 166 133
167 1 239
1 168 702
169 1 586
170 1 980
1 171 632
172 1 870
173 1 128
1 174 197
175 1 786
176 1 179
177 1 184
178 1 156
1 179 849
1 180 235
1 181 583
182 1 73
183 1 328
184 1 682
185 1 363
186 1 729
1 187 804
188 1 725
189 1 514
1 190 676
1 191 383
1 192 824
193 1 888
1 194 848
1 195 606
196 1 657
197 1 309
198 1 676
199 1 924
1 200 842
201 1 533
1 202 670
203 1 373
1 204 898
1 205 494
1 206 462
207 1 707
1 208 853
1 209 733
1 210 185
1 211 141
1 212 888
1 213 810
1 214 167
215 1 27
1 216 62
1 217 319
1 218 756
219 1 827
1 220 197
1 221 372
1 222 707
223 1 599
224 1 321
1 225 742
1 226 734
227 1 501
228 1 337
229 1 396
230 1 376
1 231 766
1 232 189
1 233 521
234 1 435
235 1 727
236 1 606
237 1 429
1 238 34
239 1 803
240 1 798
1 241 788
1 242 65
1 243 326
1 244 923
245 1 653
1 246 967
247 1 763
248 1 609
249 1 300
250 1 491
1 251 112
252 1 517
1 253 832
1 254 900
255 1 749
256 1 978
257 1 854
1 258 104
1 259 609
1 260 768
261 1 988
1 262 870
1 263 621
264 1 776
1 265 983
1 266 780
267 1 54
268 1 513
269 1 981
1 270 305
271 1 535
272 1 910
273 1 812
1 274 724
1 275 189
276 1 838
1 277 185
145 136 315
1 279 705
1 280 595
1 281 538
1 282 445
283 1 290
1 284 764
1 285 621
286 1 177
1 287 808
288 1 786
289 1 614
1 290 380
1 291 994
1 292 22
1 293 221
294 1 287
1 295 505
296 1 298
297 1 789
1 298 183
1 299 675
1 300 12
301 1 999
1 302 716
303 1 673
1 304 870
1 305 973
306 1 2
1 307 25
308 1 328
1 309 687
310 1 794
1 311 12
1 312 541
1 313 857
314 1 850
1 315 433
316 1 617
317 1 667
318 1 217
319 1 841
320 1 954
1 321 560
1 322 260
323 1 777
1 324 268
325 1 551
326 1 164
327 1 987
328 1 763
329 1 69
1 330 62
331 1 988
332 1 869
333 1 954
1 334 681
1 335 504
1 336 637
1 337 335
338 1 267
1 339 786
1 340 330
341 1 558
342 1 557
343 1 52
344 1 493
345 1 682
346 1 90
1 347 349
348 1 335
349 1 810
1 350 844
1 351 694
352 1 696
353 1 691
1 354 951
355 1 900
356 1 481
1 357 27
1 358 340
359 1 714
360 1 891
361 1 703
362 1 16
1 363 43
1 364 758
1 365 229
366 1 74
367 1 628
1 368 387
369 1 571
370 1 752
371 1 680
1 372 538
373 1 998
374 1 923
1 375 466
376 1 797
377 1 732
1 378 438
1 379 855
1 380 403
381 1 267
382 1 539
383 1 721
384 1 30
1 385 55
386 1 134
387 1 909
388 1 301
389 1 144
390 1 8
1 391 734
392 1 435
1 393 249
1 394 357
1 395 520
396 1 782
1 397 907
398 1 94
1 399 717
1 400 753
401 1 88
402 1 72
403 1 84
1 404 914
1 405 432
406 1 692
1 407 741
408 1 717
409 1 151
1 410 525
1 411 966
412 1 359
1 413 333
414 1 637
1 415 921
416 1 587
417 1 949
418 1 888
1 419 347
1 420 633
421 1 974
1 422 406
1 423 767
424 1 818
1 425 789
1 426 838
427 1 65
428 1 957
429 1 409
1 430 510
431 1 156
432 1 638
433 1 918
434 1 44
435 1 652
436 1 209
437 1 523
438 1 816
439 1 805
1 440 811
1 441 772
1 442 231
1 443 250
444 1 162
1 445 200
1 446 754
139 164 910
448 1 792
1 449 691
450 1 165
1 451 823
452 1 652
1 453 398
454 1 256
1 455 390
456 1 208
1 457 890
1 458 785
1 459 16
460 1 308
1 461 329
462 1 504
463 1 968
1 464 954
1 465 53
1 466 578
85 200 595
468 1 512
469 1 391
470 1 575
390 106 138
1 472 785
1 473 961
474 1 540
475 1 99
1 476 420
477 1 988
1 478 970
1 479 217
1 480 387
481 1 139
482 1 549
483 1 760
484 1 830
485 1 846
486 1 821
487 1 769
488 1 614
489 1 297
1 490 768
491 1 220
492 1 570
1 493 354
494 1 822
495 1 689
1 496 109
1 497 222
498 1 180
1 499 566
500 1 541
2 3 692
4 2 2
5 2 956
6 2 366
7 2 904
8 2 557
2 9 482
2 10 205
2 11 586
2 12 646
2 13 897
2 14 302
2 15 957
2 16 24
2 17 830
2 18 791
19 2 912
20 2 62
2 21 139
2 22 682
23 2 248
2 24 467
2 25 645
26 2 247
27 2 108
2 28 791
29 2 511
2 30 943
31 2 944
2 32 457
33 2 142
34 2 178
35 2 627
2 36 336
2 37 964
2 38 602
2 39 192
40 2 105
41 2 478
42 2 270
2 43 393
44 2 860
45 2 286
46 2 504
2 47 463
48 2 967
2 49 577
2 50 128
2 51 219
52 2 865
53 2 529
2 54 758
2 55 137
56 2 8
2 57 356
2 58 3
59 2 216
60 2 612
61 2 19
62 2 505
2 63 699
64 2 441
65 2 556
66 2 566
67 2 282
2 68 305
2 69 753
2 70 910
408 85 314
72 2 976
2 73 999
2 74 262
75 2 489
76 2 542
2 77 240
2 78 706
79 2 379
80 2 369
81 2 865
2 82 447
2 83 104
84 2 848
2 85 357
2 86 777
87 2 35
2 88 657
2 89 720
90 2 599
91 2 844
92 2 252
2 93 68
2 94 442
95 2 583
96 2 941
97 2 431
98 2 706
2 99 243
2 100 886
2 101 851
102 2 809
103 2 92
104 2 314
2 105 949
2 106 213
107 2 194
2 108 84
109 2 191
2 110 690
111 2 72
112 2 758
2 113 551
114 2 782
2 115 221
2 116 306
2 117 845
2 118 892
2 119 638
120 2 237
121 2 993
2 122 162
2 123 194
2 124 454
125 2 466
126 2 666
127 2 557
128 2 540
2 129 328
130 2 133
2 131 222
132 2 61
133 2 115
134 2 923
135 2 608
136 2 136
137 2 441
2 138 36
2 139 29
140 2 508
2 141 788
142 2 770
143 2 14
2 144 774
145 2 98
146 2 869
147 2 164
148 2 600
149 2 83
2 150 582
151 2 643
2 152 884
153 2 343
154 2 20
2 155 473
2 156 181
2 157 134
2 158 170
159 2 356
160 2 678
2 161 69
162 2 142
163 2 649
164 2 296
2 165 896
166 2 180
167 2 870
168 2 401
2 169 42
2 170 778
171 2 592
172 2 776
173 2 502
2 174 657
2 175 230
2 176 890
2 177 594
2 178 10
179 2 868
180 2 72
2 181 607
2 182 782
2 183 921
2 184 919
2 185 930
2 186 461
2 187 738
188 2 102
189 2 886
2 190 401
2 191 748
192 2 675
2 193 432
2 194 872
2 195 958
2 196 199
2 197 257
2 198 525
2 199 268
200 2 909
2 201 472
2 202 286
203 2 798
2 204 551
2 205 966
206 2 232
2 207 814
2 208 673
2 209 527
210 2 623
2 211 30
2 212 740
2 213 31
2 214 383
215 2 648
216 2 764
2 217 203
218 2 302
2 219 52
2 220 171
221 2 420
222 2 727
223 2 157
2 224 628
225 2 592
2 226 184
2 227 700
228 2 528
2 229 945
2 230 708
2 231 604
2 232 724
233 2 539
234 2 619
235 2 308
2 236 737
237 2 674
2 238 629
2 239 840
240 2 867
2 241 626
2 242 515
243 2 176
2 244 251
245 2 213
2 246 102
2 247 848
2 248 37
2 249 577
2 250 590
2 251 55
2 252 59
253 2 167
2 254 988
255 2 832
256 2 832
257 2 5
2 258 216
259 2 915
260 2 189
2 261 509
262 2 932
263 2 589
2 264 527
265 2 500
266 2 158
267 2 668
2 268 767
3 54 404
2 270 922
2 271 836
272 2 657
2 273 402
2 274 494
275 2 732
276 2 717
277 2 752
278 2 389
2 279 250
2 280 178
281 2 900
2 282 61
283 2 475
284 2 958
285 2 32
2 286 384
287 2 188
2 288 631
2 289 464
2 290 175
2 291 468
2 292 925
293 2 431
2 294 986
2 295 767
296 2 909
297 2 706
298 2 657
299 2 236
300 2 864
2 301 971
2 302 854
2 303 336
2 304 153
2 305 159
2 306 417
2 307 354
2 308 307
309 2 305
310 2 723
311 2 484
312 2 921
313 2 29
314 2 227
2 315 936
2 316 756
317 2 581
318 2 580
319 2 497
320 2 25
321 2 952
2 322 61
323 2 374
2 324 872
325 2 734
2 326 663
2 327 786
2 328 902
2 329 517
330 2 715
2 331 886
332 2 460
333 2 655
334 2 90
2 335 982
2 336 677
337 2 850
338 2 946
2 339 760
2 340 380
341 2 686
342 2 488
2 343 816
344 2 164
345 2 907
346 2 425
347 2 15
2 348 182
2 349 960
350 2 47
351 2 247
352 2 31
2 353 957
354 2 314
2 355 801
356 2 599
2 357 522
358 2 300
359 2 631
2 360 890
2 361 782
141 267 620
2 363 338
2 364 91
2 365 265
366 2 972
2 367 253
2 368 157
2 369 433
2 370 595
2 371 936
372 2 488
2 373 697
2 374 92
375 2 262
376 2 306
377 2 518
378 2 469
2 379 639
380 2 155
381 2 833
382 2 753
2 383 975
384 2 151
385 2 479
2 386 919
387 2 813
2 388 224
389 2 812
390 2 600
391 2 821
392 2 874
393 2 483
394 2 852
2 395 614
396 2 317
397 2 672
2 398 766
2 399 789
400 2 183
401 2 30
2 402 604
403 2 304
404 2 623
405 2 945
2 406 864
2 407 372
2 408 555
409 2 662
2 410 721
2 411 768
412 2 747
2 413 478
2 414 995
415 2 480
416 2 603
2 417 535
2 418 947
2 419 762
2 420 21
421 2 818
422 2 700
423 2 180
2 424 37
2 425 110
426 2 396
427 2 748
428 2 939
2 429 548
2 430 911
431 2 215
2 432 269
2 433 897
2 434 619
435 2 571
436 2 82
437 2 615
438 2 555
439 2 420
2 440 928
2 441 683
2 442 797
2 443 331
2 444 822
445 2 745
2 446 844
2 447 490
448 2 819
449 2 476
450 2 998
451 2 665
2 452 541
2 453 966
2 454 214
2 455 44
456 2 443
2 457 518
458 2 75
459 2 403
2 460 972
461 2 453
2 462 544
463 2 201
464 2 270
2 465 504
2 466 274
2 467 958
2 468 552
469 2 249
470 2 813
2 471 125
472 2 63
473 2 6
474 2 167
475 2 46
476 2 749
477 2 329
478 2 875
479 2 557
480 2 197
2 481 958
482 2 168
483 2 121
2 484 297
485 2 976
2 486 392
2 487 798
2 488 212
489 2 52
2 490 825
2 491 484
2 492 97
2 493 667
494 2 247
2 495 397
2 496 178
2 497 421
2 498 56
499 2 515
2 500 465
3 4 769
5 3 174
6 3 687
3 7 322
8 3 686
3 9 865
3 10 859
11 3 199
12 3 390
13 3 955
14 3 970
15 3 139
3 16 653
3 17 282
3 18 578
3 19 136
3 20 662
21 3 201
22 3 289
23 3 593
24 3 886
3 25 679
3 26 517
3 27 320
3 28 711
29 3 6
30 3 771
3 31 313
32 3 903
33 3 173
34 3 41
3 35 789
36 3 902
3 37 423
38 3 467
39 3 49
3 40 412
3 41 314
3 42 690
3 43 732
44 3 224
45 3 569
3 46 680
47 3 972
48 3 594
49 3 331
50 3 989
51 3 666
52 3 786
3 53 121
269 2 917
3 55 681
56 3 62
3 57 380
3 58 464
59 3 155
60 3 896
3 61 916
62 3 601
375 18 988
3 64 326
3 65 690
3 66 512
3 67 509
3 68 265
3 69 743
3 70 48
71 3 978
3 72 646
73 3 667
3 74 593
75 3 420
76 3 560
3 77 615
78 3 863
79 3 137
3 80 731
81 3 867
3 82 401
366 203 79
84 3 139
3 85 185
3 86 739
87 3 548
88 3 315
89 3 31
90 3 580
91 3 393
3 92 535
93 3 858
3 94 361
3 95 466
3 96 162
97 3 678
3 98 240
3 99 80
100 3 32
3 101 686
102 3 686
103 3 679
104 3 198
105 3 890
3 106 778
107 3 384
3 108 333
109 3 452
110 3 519
3 111 904
3 112 59
3 113 954
114 3 590
115 3 847
116 3 409
117 3 248
118 3 273
119 3 42
3 120 430
121 3 451
3 122 98
3 123 506
124 3 850
125 3 998
126 3 754
127 3 635
3 128 204
3 129 233
3 130 210
131 3 926
132 3 949
133 3 13
134 3 53
3 135 831
3 136 627
137 3 673
138 3 220
139 3 567
140 3 127
3 141 528
3 142 73
68 178 411
144 3 271
145 3 553
146 3 100
3 147 963
3 148 4
149 3 734
150 3 641
3 151 484
152 3 517
3 153 269
154 3 88
155 3 327
3 156 459
3 157 514
3 158 140
3 159 864
3 160 515
3 161 339
162 3 637
3 163 807
3 164 583
165 3 202
3 166 70
167 3 578
3 168 669
3 169 47
170 3 535
3 171 25
3 172 454
173 3 140
3 174 212
3 175 673
176 3 560
3 177 879
178 3 316
3 179 498
180 3 797
181 3 459
182 3 987
3 183 185
184 3 962
185 3 735
3 186 536
187 3 407
188 3 329
189 3 373
190 3 160
191 3 391
192 3 159
3 193 860
194 3 641
195 3 412
196 3 559
3 197 999
3 198 728
199 3 361
200 3 357
3 201 332
3 202 243
203 3 359
204 3 11
205 3 158
3 206 720
3 207 218
3 208 751
209 3 988
3 210 156
211 3 900
212 3 19
3 213 279
3 214 901
3 215 65
216 3 100
344 388 72
3 218 641
3 219 954
3 220 372
3 221 224
222 3 452
3 223 154
224 3 625
3 225 629
3 226 998
3 227 868
228 3 611
3 229 179
230 3 123
231 3 250
3 232 537
3 233 545
234 3 761
3 235 663
236 3 581
3 237 840
238 3 629
239 3 359
240 3 299
3 241 56
3 242 486
3 243 698
244 3 158
3 245 19
3 246 689
247 3 396
3 248 332
249 3 224
250 3 107
3 251 320
252 3 589
253 3 737
254 3 258
255 3 432
3 256 607
3 257 901
258 3 781
259 3 255
3 260 701
3 261 39
3 262 839
263 3 591
264 3 531
3 265 349
266 3 832
3 267 459
268 3 204
238 178 418
270 3 180
271 3 303
272 3 397
273 3 100
274 3 890
275 3 362
276 3 655
277 3 262
278 3 230
279 3 219
280 3 360
3 281 351
3 282 39
3 283 913
284 3 555
3 285 130
3 286 322
287 3 474
288 3 347
289 3 988
3 290 773
3 291 85
3 292 940
293 3 402
3 294 573
295 3 904
3 296 563
3 297 448
3 298 704
299 3 330
300 3 80
301 3 578
3 302 164
303 3 770
304 3 355
3 305 943
306 3 110
3 307 734
3 308 117
3 309 473
3 310 908
311 3 533
3 312 738
313 3 862
3 314 516
315 3 326
3 316 70
317 3 66
3 318 786
3 319 654
320 3 621
321 3 179
3 322 926
323 3 111
3 324 408
325 3 908
326 3 291
3 327 403
328 3 815
329 3 578
3 330 66
3 331 821
332 3 594
3 333 962
3 334 493
3 335 288
336 3 911
3 337 345
338 3 52
339 3 950
3 340 368
3 341 194
3 342 11
343 3 290
344 3 193
3 345 132
346 3 602
347 3 590
348 3 358
3 349 841
350 3 172
351 3 630
3 352 395
353 3 417
3 354 152
355 3 739
3 356 842
357 3 421
3 358 883
359 3 706
3 360 601
122 49 324
3 362 92
363 3 402
3 364 801
3 365 513
3 366 791
3 367 98
368 3 856
369 3 970
3 370 523
3 371 16
372 3 968
373 3 531
374 3 220
375 3 819
376 3 870
3 377 673
378 3 585
3 379 473
3 380 315
3 381 808
382 3 431
383 3 722
3 384 255
3 385 846
3 386 596
3 387 492
3 388 961
3 389 765
3 390 661
3 391 316
392 3 872
393 3 901
394 3 616
3 395 803
396 3 61
3 397 47
398 3 683
399 3 174
3 400 230
3 401 715
3 402 467
403 3 574
3 404 629
405 3 515
406 3 950
407 3 366
408 3 327
409 3 534
3 410 466
411 3 152
412 3 942
413 3 134
414 3 651
3 415 568
3 416 920
3 417 258
3 418 977
3 419 799
3 420 421
3 421 421
422 3 847
423 3 193
424 3 596
3 425 989
426 3 846
427 3 952
3 428 591
429 3 325
3 430 864
3 431 271
3 432 906
433 3 451
3 434 109
435 3 575
3 436 40
437 3 530
438 3 1
439 3 685
440 3 750
3 441 306
442 3 492
3 443 394
3 444 934
445 3 379
3 446 96
3 447 794
448 3 270
449 3 118
450 3 583
3 451 646
3 452 726
453 3 900
492 475 291
455 3 890
3 456 166
400 351 292
458 3 484
3 459 151
460 3 165
461 3 545
462 3 318
3 463 218
3 464 787
3 465 402
466 3 896
3 467 843
468 3 720
3 469 225
3 470 741
471 3 623
472 3 994
3 473 268
474 3 79
3 475 375
476 3 356
477 3 959
3 478 311
479 3 983
480 3 617
3 481 408
3 482 694
483 3 871
3 484 165
485 3 650
3 486 128
3 487 333
3 488 404
3 489 227
490 3 676
491 3 66
492 3 193
3 493 253
3 494 869
495 3 520
3 496 673
3 497 240
498 3 676
499 3 978
3 500 69
4 5 167
4 6 403
4 7 837
4 8 820
9 4 247
10 4 587
4 11 767
4 12 62
4 13 515
14 4 151
4 15 559
4 16 730
4 17 10
4 18 111
19 4 652
20 4 809
21 4 231
22 4 294
23 4 364
4 24 248
4 25 257
26 4 85
27 4 359
28 4 386
29 4 913
4 30 590
31 4 994
32 4 996
4 33 398
4 34 281
35 4 941
36 4 336
37 4 540
4 38 226
4 39 661
4 40 882
41 4 112
42 4 465
4 43 763
4 44 886
4 45 446
4 46 456
4 47 682
48 4 640
49 4 956
4 50 425
4 51 829
4 52 842
4 53 652
54 4 734
55 4 943
56 4 778
4 57 142
4 58 599
4 59 401
60 4 785
4 61 251
4 62 680
63 4 295
4 64 933
65 4 531
4 66 783
4 67 179
4 68 343
4 69 32
4 70 2
71 4 345
4 72 174
73 4 977
74 4 280
4 75 617
76 4 171
77 4 592
4 78 27
79 4 257
80 4 931
81 4 276
82 4 660
83 4 968
84 4 520
4 85 680
4 86 911
4 87 308
88 4 216
4 89 962
90 4 578
91 4 85
92 4 44
93 4 269
4 94 163
4 95 736
4 96 147
97 4 383
4 98 55
4 99 316
4 100 924
4 101 884
4 102 52
4 103 808
104 4 415
105 4 281
4 106 256
107 4 851
4 108 5
4 109 897
110 4 175
4 111 107
4 112 428
113 4 292
4 114 281
115 4 239
4 116 92
4 117 771
118 4 49
4 119 909
120 4 300
4 121 286
4 122 359
4 123 989
4 124 357
4 125 430
4 126 535
4 127 235
4 128 46
4 129 651
130 4 544
4 131 401
4 132 255
133 4 14
134 4 534
4 135 611
136 4 334
137 4 88
4 138 241
4 139 89
140 4 629
4 141 490
4 142 108
4 143 344
4 144 257
4 145 139
146 4 526
4 147 689
4 148 957
149 4 478
150 4 140
4 151 337
152 4 669
4 153 432
154 4 661
155 4 208
156 4 764
157 4 798
158 4 37
159 4 434
160 4 142
4 161 973
162 4 315
4 163 289
4 164 262
165 4 360
4 166 514
167 4 816
4 168 553
169 4 646
4 170 796
171 4 937
4 172 42
173 4 378
174 4 578
175 4 945
4 176 372
4 177 105
4 178 973
179 4 599
180 4 555
181 4 951
4 182 425
183 4 648
184 4 275
185 4 914
4 186 100
4 187 198
4 188 127
4 189 134
190 4 580
4 191 44
192 4 484
4 193 615
194 4 462
195 4 860
4 196 563
197 4 898
198 4 327
4 199 73
200 4 210
201 4 948
202 4 663
4 203 749
204 4 964
4 205 569
4 206 649
207 4 804
208 4 860
209 4 511
4 210 949
4 211 431
4 212 806
4 213 520
4 214 815
215 4 755
216 4 655
217 4 460
218 4 189
219 4 839
220 4 112
4 221 412
222 4 972
4 223 433
224 4 710
225 4 64
226 4 867
4 227 274
4 228 885
4 229 658
4 230 158
231 4 221
232 4 449
233 4 801
234 4 132
4 235 508
4 236 563
237 4 351
238 4 658
239 4 691
240 4 186
4 241 356
4 242 527
243 4 483
4 244 399
4 245 704
4 246 334
4 247 240
248 4 480
4 249 356
4 250 407
4 251 44
252 4 278
4 253 146
4 254 933
255 4 706
4 256 719
322 332 737
258 4 401
4 259 403
4 260 284
4 261 418
4 262 670
4 263 581
4 264 540
4 265 173
4 266 19
4 267 422
268 4 127
4 269 301
4 270 28
271 4 173
272 4 213
4 273 736
4 274 873
275 4 322
276 4 685
4 277 176
4 278 462
279 4 777
280 4 358
281 4 364
4 282 969
4 283 660
284 4 921
4 285 455
4 286 936
287 4 478
486 46 860
289 4 176
290 4 352
4 291 752
4 292 993
293 4 33
4 294 295
295 4 631
4 296 501
4 297 625
4 298 258
299 4 132
300 4 385
301 4 850
302 4 423
303 4 283
304 4 957
305 4 331
4 306 509
307 4 669
308 4 968
309 4 894
4 310 311
4 311 942
4 312 169
313 4 827
314 4 830
315 4 647
316 4 929
4 317 468
318 4 532
319 4 309
320 4 286
321 4 903
322 4 505
323 4 832
324 4 498
4 325 279
4 326 833
4 327 485
4 328 674
4 329 252
4 330 291
4 331 677
4 332 448
4 333 86
334 4 964
335 4 420
336 4 250
337 4 253
338 4 546
339 4 98
340 4 712
341 4 548
4 342 570
4 343 789
4 344 913
4 345 370
346 4 699
4 347 989
348 4 663
349 4 888
4 350 449
4 351 455
4 352 78
353 4 21
354 4 570
4 355 755
356 4 345
4 357 261
4 358 284
359 4 454
360 4 406
361 4 501
362 4 685
4 363 865
364 4 181
365 4 377
4 366 738
367 4 336
4 368 588
369 4 479
4 370 497
371 4 355
372 4 262
373 4 322
4 374 918
4 375 936
4 376 847
227 129 711
378 4 826
379 4 647
4 380 162
381 4 995
4 382 615
4 383 917
384 4 803
385 4 355
4 386 37
387 4 746
4 388 662
389 4 514
390 4 897
391 4 507
392 4 630
393 4 471
4 394 265
4 395 264
4 396 102
397 4 780
4 398 929
399 4 815
400 4 876
154 23 584
402 4 536
403 4 535
404 4 129
4 405 694
4 406 236
407 4 462
4 408 330
4 409 628
4 410 834
4 411 460
412 4 482
413 4 645
414 4 39
415 4 622
4 416 862
417 4 543
4 418 202
4 419 355
420 4 295
369 279 478
4 422 479
4 423 802
4 424 740
4 425 175
426 4 781
4 427 955
104 418 493
4 429 742
4 430 553
4 431 129
4 432 185
4 433 376
4 434 321
435 4 526
436 4 81
4 437 122
438 4 114
4 439 455
4 440 506
441 4 832
4 442 955
4 443 164
4 444 431
4 445 614
446 4 872
4 447 154
448 4 485
449 4 795
4 450 47
4 451 264
452 4 302
453 4 361
454 4 558
4 455 53
456 4 822
50 426 575
4 458 779
4 459 936
93 180 449
4 461 183
462 4 266
4 463 719
464 4 443
465 4 208
4 466 316
467 4 417
468 4 942
469 4 557
470 4 218
4 471 92
472 4 384
473 4 867
474 4 750
4 475 199
476 4 698
4 477 551
4 478 450
4 479 537
4 480 562
4 481 358
4 482 30
483 4 545
4 484 978
4 485 100
4 486 718
4 487 443
4 488 79
4 489 870
4 490 170
491 4 209
492 4 954
4 493 407
494 4 517
329 314 16
496 4 602
497 4 79
4 498 135
4 499 159
500 4 705
6 5 831
7 5 619
5 8 356
5 9 475
5 10 238
5 11 929
12 5 590
430 58 786
14 5 383
15 5 93
16 5 491
17 5 756
5 18 929
5 19 822
5 20 84
5 21 683
5 22 774
5 23 496
24 5 549
5 25 68
26 5 564
27 5 987
5 28 246
5 29 233
30 5 207
31 5 193
5 32 284
33 5 711
34 5 357
5 35 4
5 36 48
5 37 777
38 5 912
39 5 725
5 40 519
5 41 427
42 5 376
5 43 782
44 5 560
45 5 519
5 46 582
47 5 10
5 48 889
49 5 283
50 5 650
51 5 7
5 52 923
5 53 625
54 5 455
5 55 427
56 5 465
5 57 119
5 58 737
5 59 636
60 5 597
5 61 757
62 5 326
63 5 878
5 64 499
65 5 921
5 66 850
5 67 705
68 5 492
5 69 150
5 70 73
71 5 353
5 72 965
73 5 920
74 5 97
75 5 948
5 76 965
77 5 338
78 5 493
79 5 744
80 5 946
5 81 632
5 82 83
5 83 338
84 5 397
85 5 525
5 86 15
5 87 47
88 5 697
5 89 319
90 5 558
5 91 503
5 92 192
93 5 286
94 5 36
95 5 509
5 96 926
97 5 712
98 5 790
99 5 41
5 100 388
5 101 216
5 102 497
103 5 326
104 5 806
105 5 314
5 106 817
107 5 828
5 108 918
109 5 345
110 5 883
111 5 407
5 112 143
187 440 114
5 114 963
5 115 14
116 5 74
117 5 486
5 118 670
5 119 37
174 41 756
5 121 972
5 122 858
123 5 51
5 124 390
5 125 324
126 5 841
127 5 885
5 128 420
129 5 565
5 130 930
131 5 105
5 132 111
133 5 864
5 134 568
135 5 604
5 136 515
5 137 746
138 5 569
139 5 173
5 140 401
5 141 230
142 5 304
143 5 407
5 144 118
145 5 873
146 5 795
147 5 443
5 148 722
149 5 572
150 5 293
151 5 867
152 5 379
5 153 318
5 154 637
155 5 272
5 156 239
157 5 840
158 5 574
159 5 598
5 160 205
161 5 598
162 5 693
163 5 427
164 5 189
165 5 132
166 5 726
167 5 475
168 5 923
169 5 695
5 170 680
5 171 351
172 5 856
173 5 480
5 174 988
5 175 713
5 176 681
5 177 301
5 178 282
179 5 25
180 5 62
181 5 120
182 5 787
5 183 403
184 5 572
5 185 358
396 25 32
187 5 351
5 188 196
5 189 760
5 190 186
191 5 544
192 5 426
193 5 5
194 5 520
5 195 550
196 5 518
69 182 15
198 5 572
5 199 196
5 200 326
201 5 825
202 5 214
5 203 714
204 5 986
5 205 584
206 5 383
235 300 356
5 208 719
5 209 663
5 210 367
5 211 897
212 5 645
213 5 25
214 5 193
215 5 164
216 5 801
5 217 859
5 218 634
219 5 935
5 220 756
221 5 638
222 5 181
5 223 555
224 5 113
225 5 298
226 5 641
5 227 722
228 5 803
229 5 150
5 230 585
5 231 21
5 232 501
5 233 337
234 5 699
5 235 582
236 5 256
237 5 452
238 5 186
5 239 504
5 240 208
241 5 286
242 5 997
243 5 657
244 5 215
245 5 631
5 246 365
5 247 791
248 5 473
5 249 165
5 250 634
251 5 376
252 5 431
5 253 498
254 5 143
5 255 440
256 5 444
5 257 3
258 5 42
259 5 383
5 260 275
261 5 411
5 262 13
5 263 353
264 5 831
265 5 590
266 5 240
5 267 940
5 268 256
269 5 262
270 5 396
271 5 821
272 5 773
5 273 730
274 5 553
275 5 835
276 5 749
277 5 378
5 278 25
5 279 891
5 280 653
244 352 668
282 5 507
283 5 266
5 284 277
285 5 154
286 5 657
287 5 262
5 288 859
289 5 378
290 5 818
5 291 662
5 292 774
5 293 700
5 294 665
5 295 861
5 296 76
5 297 304
298 5 788
5 299 467
5 300 260
301 5 389
302 5 541
303 5 540
5 304 845
5 305 211
5 306 533
5 307 535
308 5 990
309 5 130
310 5 236
5 311 711
5 312 939
5 313 409
314 5 642
315 5 70
316 5 863
317 5 200
5 318 842
5 319 757
5 320 228
5 321 446
5 322 985
5 323 398
5 324 604
5 325 476
326 5 627
5 327 202
5 328 148
329 5 847
330 5 399
331 5 371
332 5 828
333 5 354
334 5 606
5 335 924
336 5 920
337 5 250
338 5 191
339 5 747
5 340 978
5 341 376
5 342 926
5 343 270
344 5 5
345 5 251
5 346 353
347 5 955
5 348 187
5 349 683
350 5 650
5 351 286
352 5 353
5 353 935
354 5 752
355 5 831
5 356 734
5 357 880
358 5 101
5 359 745
360 5 111
361 5 108
5 362 769
5 363 813
364 5 902
365 5 676
5 366 710
367 5 197
5 368 854
5 369 917
370 5 674
371 5 745
5 372 497
5 373 203
5 374 496
5 375 821
5 376 722
5 377 562
378 5 503
5 379 889
5 380 683
381 5 755
5 382 257
383 5 368
384 5 865
385 5 141
5 386 621
387 5 257
5 388 339
5 389 425
390 5 686
5 391 833
392 5 566
393 5 581
394 5 811
5 395 439
396 5 196
5 397 770
5 398 757
399 5 551
5 400 496
5 401 351
5 402 539
403 5 512
255 333 923
405 5 731
406 5 569
407 5 190
5 408 763
5 409 830
410 5 468
5 411 264
5 412 495
5 413 665
5 414 648
5 415 323
416 5 996
417 5 809
418 5 34
419 5 341
420 5 531
5 421 704
5 422 239
5 423 107
424 5 536
5 425 108
426 5 347
5 427 763
5 428 820
429 5 631
5 430 515
5 431 675
5 432 613
433 5 453
434 5 308
5 435 624
436 5 721
5 437 369
438 5 113
5 439 416
440 5 158
5 441 576
442 5 480
5 443 489
201 439 285
445 5 92
446 5 38
447 5 167
5 448 218
449 5 786
450 5 535
5 451 954
5 452 462
5 453 564
5 454 734
455 5 477
5 456 725
5 457 273
458 5 787
459 5 609
5 460 17
5 461 272
462 5 352
5 463 535
5 464 453
465 5 832
5 466 452
467 5 242
468 5 266
5 469 995
470 5 104
5 471 531
5 472 293
5 473 743
474 5 356
475 5 571
5 476 759
5 477 884
478 5 99
5 479 708
480 5 748
5 481 656
5 482 210
5 483 544
484 5 397
5 485 710
486 5 597
487 5 513
5 488 278
293 44 882
5 490 195
5 491 967
5 492 328
493 5 631
494 5 325
5 495 590
5 496 416
497 5 401
498 5 275
5 499 669
279 482 374
7 6 627
6 8 671
6 9 543
10 6 47
6 11 451
12 6 199
13 6 102
14 6 740
15 6 801
16 6 671
6 17 563
6 18 265
6 19 468
20 6 869
21 6 199
6 22 551
6 23 236
6 24 36
25 6 78
26 6 842
27 6 209
28 6 153
29 6 95
30 6 611
31 6 395
6 32 937
33 6 53
6 34 671
35 6 495
6 36 505
6 37 89
38 6 870
39 6 1
6 40 948
41 6 253
6 42 173
43 6 452
6 44 657
6 45 242
6 46 516
6 47 76
6 48 587
6 49 955
50 6 649
51 6 820
52 6 927
6 53 960
54 6 836
55 6 232
56 6 689
6 57 452
6 58 201
59 6 389
6 60 615
61 6 288
62 6 921
63 6 676
64 6 756
65 6 622
6 66 840
67 6 971
68 6 655
69 6 126
6 70 544
71 6 851
72 6 993
6 73 956
74 6 725
75 6 107
6 76 99
77 6 248
78 6 400
6 79 251
6 80 806
81 6 676
82 6 532
6 83 482
6 84 872
6 85 362
6 86 156
87 6 705
6 88 494
6 89 300
90 6 403
6 91 478
6 92 532
6 93 682
6 94 290
95 6 922
96 6 175
6 97 871
6 98 325
99 6 195
6 100 572
6 101 484
102 6 422
6 103 859
6 104 718
105 6 428
6 106 217
107 6 983
6 108 316
6 109 390
6 110 303
111 6 864
6 112 440
113 6 679
6 114 35
6 115 694
6 116 753
117 6 85
118 6 400
119 6 664
120 6 474
121 6 661
122 6 720
6 123 453
124 6 449
6 125 45
6 126 398
127 6 798
6 128 640
6 129 459
6 130 30
131 6 521
6 132 752
133 6 356
6 134 384
6 135 680
6 136 585
6 137 358
138 6 936
6 139 328
140 6 707
141 6 743
6 142 561
143 6 139
6 144 577
6 145 411
146 6 533
147 6 550
6 148 505
149 6 522
150 6 230
6 151 979
6 152 877
153 6 911
154 6 361
6 155 800
156 6 308
6 157 786
6 158 734
6 159 615
6 160 761
6 161 615
162 6 793
163 6 500
164 6 291
6 165 565
166 6 868
6 167 354
168 6 540
6 169 520
170 6 379
6 171 582
172 6 395
6 173 32
6 174 38
175 6 434
6 176 866
6 177 520
6 178 914
179 6 948
180 6 248
181 6 543
6 182 297
6 183 820
184 6 159
185 6 826
384 233 597
6 187 649
188 6 247
189 6 680
190 6 945
191 6 757
192 6 706
193 6 997
6 194 992
6 195 68
196 6 102
197 6 183
6 198 468
6 199 378
200 6 582
6 201 956
6 202 376
203 6 2
70 427 257
205 6 322
6 206 494
6 207 191
208 6 842
6 209 950
210 6 979
211 6 823
212 6 286
6 213 246
6 214 270
215 6 986
216 6 969
6 217 519
218 6 20
6 219 928
6 220 825
221 6 823
222 6 967
6 223 816
6 224 265
6 225 195
226 6 122
6 227 794
228 6 224
6 229 99
6 230 455
6 231 198
232 6 895
6 233 329
6 234 57
6 235 963
6 236 399
6 237 550
6 238 594
6 239 57
6 240 505
241 6 645
6 242 662
294 29 239
6 244 939
6 245 190
6 246 758
6 247 366
6 248 698
6 249 692
250 6 983
6 251 163
6 252 770
6 253 1000
254 6 312
255 6 217
6 256 488
257 6 852
258 6 176
6 259 365
6 260 225
261 6 640
262 6 157
263 6 464
6 264 152
265 6 328
6 266 893
6 267 265
6 268 636
6 269 411
270 6 665
6 271 992
6 272 111
273 6 102
274 6 637
6 275 892
276 6 536
277 6 728
278 6 906
6 279 638
280 6 410
6 281 572
282 6 493
6 283 636
284 6 475
285 6 585
286 6 45
287 6 367
6 288 774
6 289 549
6 290 224
291 6 453
6 292 129
293 6 870
6 294 22
6 295 992
6 296 680
297 6 384
298 6 677
299 6 308
300 6 528
301 6 546
6 302 572
303 6 117
304 6 221
6 305 360
6 306 680
307 6 319
308 6 540
6 309 746
310 6 609
311 6 548
6 312 225
313 6 260
314 6 422
6 315 474
6 316 651
317 6 580
318 6 517
319 6 850
6 320 683
6 321 240
6 322 748
323 6 554
6 324 921
6 325 157
6 326 483
6 327 924
328 6 559
6 329 720
330 6 359
331 6 21
332 6 891
6 333 521
334 6 161
335 6 839
336 6 313
337 6 987
6 338 885
6 339 583
6 340 399
6 341 670
6 342 924
343 6 591
344 6 320
345 6 757
346 6 34
347 6 277
6 348 458
6 349 857
350 6 376
351 6 219
6 352 792
6 353 771
6 354 635
6 355 397
356 6 40
6 357 102
358 6 219
359 6 846
6 360 189
361 6 131
362 6 901
363 6 795
364 6 894
6 365 810
6 366 922
6 367 670
6 368 302
369 6 600
370 6 14
6 371 932
6 372 466
373 6 963
374 6 289
6 375 848
6 376 198
6 377 728
6 378 65
379 6 854
380 6 616
381 6 246
382 6 591
319 351 136
384 6 43
6 385 249
386 6 701
6 387 453
388 6 974
6 389 895
390 6 22
391 6 525
6 392 667
393 6 38
394 6 278
6 395 46
6 396 320
397 6 924
6 398 854
6 399 58
400 6 681
6 401 630
6 402 370
403 6 895
6 404 980
405 6 546
406 6 786
407 6 189
408 6 131
6 409 740
410 6 372
6 411 924
412 6 718
6 413 725
414 6 208
6 415 915
416 6 822
6 417 823
418 6 731
6 419 82
6 420 827
421 6 170
422 6 933
6 423 809
424 6 7
6 425 187
426 6 947
6 427 334
6 428 201
429 6 152
430 6 893
6 431 812
432 6 324
433 6 981
6 434 393
6 435 638
436 6 109
437 6 361
6 438 918
439 6 352
6 440 552
6 441 762
6 442 298
443 6 687
444 6 619
445 6 341
6 446 685
447 6 547
448 6 673
449 6 383
6 450 396
451 6 868
6 452 696
453 6 719
6 454 991
455 6 890
456 6 228
6 457 137
458 6 2
459 6 748
460 6 434
461 6 100
6 462 912
463 6 146
6 464 645
6 465 429
466 6 339
467 6 691
468 6 285
6 469 890
470 6 574
471 6 48
6 472 19
473 6 712
474 6 35
475 6 447
6 476 863
477 6 982
6 478 541
6 479 745
6 480 562
481 6 335
482 6 904
6 483 492
6 484 340
485 6 708
6 486 748
487 6 353
488 6 575
6 489 16
490 6 837
6 491 887
6 492 690
493 6 114
6 494 950
373 138 670
6 496 847
497 6 54
498 6 681
6 499 629
6 500 845
7 8 20
7 9 248
10 7 830
11 7 278
7 12 144
13 7 672
7 14 492
7 15 850
16 7 944
7 17 97
18 7 307
7 19 499
20 7 322
21 7 703
22 7 512
23 7 343
7 24 779
25 7 412
7 26 949
7 27 337
28 7 896
29 7 635
30 7 767
31 7 448
32 7 753
33 7 151
34 7 384
7 35 887
7 36 177
7 37 106
7 38 893
39 7 659
40 7 480
41 7 734
42 7 176
7 43 128
44 7 585
7 45 104
46 7 95
7 47 93
48 7 548
7 49 703
50 7 195
51 7 363
7 52 925
7 53 234
7 54 571
55 7 721
7 56 499
57 7 735
7 58 414
7 59 907
60 7 754
7 61 397
7 62 700
7 63 71
64 7 377
65 7 99
7 66 782
67 7 199
68 7 861
69 7 982
7 70 418
71 7 457
7 72 820
73 7 223
7 74 536
75 7 330
7 76 339
77 7 483
7 78 607
7 79 246
80 7 505
7 81 649
82 7 272
7 83 570
383 223 482
7 85 631
7 86 106
87 7 603
88 7 100
89 7 758
7 90 21
91 7 60
7 92 181
7 93 593
94 7 831
95 7 580
96 7 571
97 7 650
7 98 450
99 7 765
7 100 186
334 35 598
7 102 540
7 103 295
104 7 378
105 7 908
7 106 597
7 107 170
7 108 919
109 7 817
110 7 76
7 111 480
7 112 759
7 113 606
114 7 531
7 115 953
116 7 919
7 117 105
118 7 142
119 7 852
120 7 911
7 121 952
122 7 65
7 123 949
124 7 889
125 7 545
7 126 415
7 127 193
128 7 246
7 129 853
130 7 131
131 7 748
7 132 737
7 133 488
7 134 451
7 135 115
136 7 810
7 137 867
7 138 335
139 7 90
140 7 660
7 141 10
7 142 519
143 7 424
144 7 711
7 145 695
146 7 235
147 7 398
7 148 87
149 7 557
7 150 360
151 7 548
152 7 723
153 7 341
154 7 458
7 155 468
156 7 647
7 157 284
158 7 604
159 7 933
7 160 882
7 161 307
162 7 993
163 7 865
164 7 545
165 7 214
166 7 735
7 167 799
168 7 882
169 7 830
426 429 727
7 171 162
494 232 402
7 173 743
174 7 135
7 175 335
176 7 720
7 177 578
7 178 744
179 7 259
7 180 407
181 7 804
182 7 175
183 7 876
7 184 16
7 185 590
186 7 552
187 7 171
7 188 229
7 189 35
190 7 422
191 7 616
7 192 319
193 7 341
194 7 573
195 7 717
196 7 186
197 7 431
7 198 345
7 199 954
200 7 260
201 7 372
202 7 220
203 7 64
204 7 705
7 205 79
7 206 956
207 7 694
208 7 121
209 7 697
210 7 42
211 7 616
212 7 809
7 213 967
7 214 548
215 7 66
7 216 14
217 7 273
218 7 483
219 7 577
7 220 981
221 7 612
222 7 854
7 223 146
7 224 550
7 225 841
7 226 902
227 7 209
228 7 396
7 229 644
230 7 608
7 231 604
232 7 799
233 7 37
7 234 822
235 7 326
7 236 10
237 7 194
7 238 774
7 239 788
7 240 445
170 121 196
7 242 297
243 7 579
38 361 731
245 7 845
246 7 141
247 7 776
7 248 645
249 7 400
250 7 876
251 7 854
7 252 246
7 253 625
254 7 547
255 7 500
256 7 406
7 257 857
7 258 516
259 7 116
7 260 407
7 261 692
7 262 860
7 263 558
264 7 427
265 7 394
266 7 893
7 267 355
268 7 243
269 7 177
270 7 821
7 271 762
272 7 505
273 7 209
274 7 14
275 7 990
7 276 240
277 7 583
7 278 564
7 279 173
7 280 534
7 281 35
7 282 10
7 283 275
284 7 289
285 7 449
286 7 629
287 7 325
288 7 983
289 7 868
7 290 343
291 7 327
7 292 12
7 293 182
294 7 989
7 295 335
296 7 584
7 297 722
298 7 442
299 7 399
7 300 534
7 301 155
7 302 242
7 303 310
7 304 343
305 7 826
306 7 304
307 7 376
308 7 525
7 309 611
310 7 192
7 311 26
7 312 944
313 7 368
314 7 53
7 315 951
316 7 44
7 317 69
7 318 29
7 319 213
7 320 441
321 7 282
322 7 8
7 323 376
7 324 666
7 325 533
7 326 820
7 327 447
328 7 695
7 329 901
7 330 508
7 331 962
332 7 355
333 7 656
334 7 476
335 7 978
7 336 958
337 7 70
338 7 335
339 7 761
340 7 340
7 341 715
342 7 153
343 7 893
7 344 4
345 7 425
346 7 518
347 7 938
7 348 801
349 7 27
350 7 73
7 351 589
352 7 917
353 7 804
354 7 653
7 355 953
7 356 369
7 357 310
358 7 928
359 7 166
360 7 655
361 7 827
7 362 507
363 7 93
364 7 880
7 365 712
7 366 307
159 200 573
368 7 270
369 7 149
370 7 67
371 7 137
372 7 683
7 373 758
7 374 584
7 375 624
7 376 984
7 377 357
378 7 755
7 379 924
380 7 1000
7 381 373
7 382 171
7 383 764
7 384 594
7 385 24
7 386 136
387 7 313
7 388 666
7 389 451
7 390 145
7 391 172
7 392 984
7 393 901
394 7 943
7 395 751
7 396 287
7 397 43
7 398 680
7 399 736
400 7 448
401 7 847
402 7 677
7 403 985
404 7 613
405 7 580
406 7 692
7 407 762
7 408 174
7 409 284
7 410 606
7 411 742
412 7 399
413 7 490
414 7 122
7 415 297
416 7 400
68 462 217
137 102 361
7 419 681
7 420 460
7 421 475
7 422 224
423 7 682
424 7 354
7 425 442
7 426 689
427 7 872
428 7 807
7 429 322
7 430 170
7 431 209
432 7 58
433 7 709
7 434 388
435 7 488
436 7 599
437 7 286
438 7 565
439 7 932
440 7 845
7 441 62
442 7 175
443 7 870
7 444 560
445 7 315
446 7 167
7 447 743
7 448 71
449 7 468
7 450 326
7 451 127
7 452 215
7 453 118
7 454 723
7 455 175
7 456 846
457 7 370
7 458 832
7 459 352
7 460 873
461 7 684
462 7 33
7 463 50
7 464 270
7 465 414
466 7 192
7 467 742
7 468 347
7 469 427
7 470 659
7 471 948
472 7 53
7 473 876
7 474 652
475 7 278
7 476 610
7 477 358
7 478 560
7 479 483
480 7 504
7 481 138
482 7 273
483 7 485
7 484 267
485 7 884
7 486 900
7 487 371
488 7 211
489 7 957
7 490 700
7 491 272
492 7 483
7 493 705
494 7 973
495 7 746
7 496 331
7 497 10
7 498 241
499 7 260
500 7 751
9 8 347
8 10 847
8 11 780
12 8 839
8 13 333
8 14 215
15 8 942
8 16 461
8 17 709
18 8 927
8 19 583
8 20 545
8 21 364
22 8 25
8 23 458
24 8 408
25 8 678
26 8 955
8 27 791
28 8 353
29 8 28
8 30 893
31 8 527
8 32 959
8 33 890
8 34 198
35 8 969
36 8 506
37 8 305
38 8 760
39 8 697
8 40 710
41 8 886
8 42 584
43 8 531
44 8 993
389 369 617
46 8 679
8 47 84
48 8 433
8 49 399
50 8 763
8 51 274
8 52 805
53 8 529
54 8 318
55 8 879
56 8 887
57 8 475
58 8 846
8 59 178
60 8 536
8 61 406
8 62 20
8 63 933
64 8 772
8 65 814
8 66 301
8 67 352
8 68 906
8 69 716
70 8 628
8 71 181
72 8 357
8 73 701
8 74 822
75 8 378
76 8 21
8 77 489
78 8 788
8 79 922
80 8 815
81 8 493
8 82 189
83 8 316
84 8 705
85 8 721
8 86 673
328 34 282
8 88 223
89 8 819
8 90 519
8 91 732
92 8 73
8 93 419
94 8 696
95 8 475
8 96 26
8 97 125
8 98 993
99 8 214
8 100 411
8 101 426
8 102 645
103 8 40
104 8 454
105 8 127
8 106 81
8 107 279
108 8 451
8 109 988
110 8 111
8 111 551
8 112 934
113 8 533
8 114 459
115 8 173
8 116 951
117 8 989
8 118 241
8 119 109
120 8 768
121 8 311
122 8 893
123 8 165
124 8 515
8 125 155
126 8 241
8 127 847
8 128 250
8 129 751
130 8 931
131 8 443
132 8 813
133 8 11
134 8 844
135 8 346
8 136 423
8 137 916
8 138 338
139 8 740
140 8 1
141 8 402
8 142 758
8 143 19
144 8 958
145 8 313
8 146 143
147 8 318
8 148 981
8 149 604
150 8 262
8 151 711
152 8 571
153 8 277
154 8 456
8 155 373
8 156 414
8 157 375
158 8 287
159 8 395
160 8 35
161 8 93
162 8 65
8 163 703
8 164 304
8 165 239
166 8 335
8 167 196
168 8 115
169 8 36
8 170 751
171 8 544
172 8 913
173 8 731
8 174 315
8 175 719
176 8 743
177 8 408
178 8 808
8 179 518
180 8 613
8 181 6
182 8 176
183 8 441
8 184 375
185 8 351
8 186 56
187 8 373
188 8 714
8 189 510
8 190 779
8 191 990
8 192 701
8 193 885
194 8 861
8 195 659
196 8 781
8 197 703
8 198 944
8 199 37
200 8 703
201 8 247
8 202 299
8 203 308
8 204 842
205 8 991
8 206 582
207 8 2
8 208 98
209 8 227
210 8 15
8 211 237
212 8 903
213 8 483
214 8 872
8 215 865
216 8 452
217 8 516
8 218 174
8 219 316
8 220 760
221 8 144
8 222 628
223 8 889
8 224 128
225 8 337
226 8 110
8 227 214
8 228 939
229 8 418
8 230 174
8 231 957
269 341 61
233 8 382
234 8 123
235 8 550
8 236 4
8 237 327
8 238 405
8 239 172
8 240 6
241 8 560
8 242 642
243 8 596
244 8 753
8 245 484
8 246 124
8 247 145
8 248 834
8 249 757
8 250 729
8 251 459
252 8 535
8 253 869
254 8 802
255 8 611
256 8 973
8 257 729
258 8 716
259 8 728
8 260 178
261 8 96
8 262 570
8 263 557
8 264 363
265 8 24
266 8 656
8 267 560
268 8 168
8 269 50
8 270 114
271 8 765
8 272 3
273 8 441
8 407 899
8 275 610
276 8 661
8 277 47
8 278 846
8 279 560
280 8 705
8 281 801
282 8 273
283 8 712
284 8 791
8 285 822
8 286 653
8 287 19
288 8 866
8 289 107
8 290 328
291 8 73
8 292 931
8 293 778
294 8 794
295 8 964
8 296 60
297 8 382
298 8 107
299 8 458
8 300 109
301 8 136
302 8 332
8 303 638
304 8 354
305 8 254
306 8 337
307 8 702
308 8 578
309 8 158
8 310 918
8 311 863
312 8 410
8 313 368
314 8 495
8 315 5
316 8 753
8 317 529
318 8 958
319 8 748
8 320 105
321 8 137
322 8 192
8 323 794
8 324 588
325 8 974
326 8 944
8 327 154
328 8 45
8 329 662
8 330 723
8 331 522
8 332 691
8 333 218
8 334 347
8 335 45
336 8 137
8 337 149
8 338 333
8 339 723
340 8 585
341 8 561
342 8 250
343 8 284
344 8 620
345 8 778
8 346 753
8 347 993
348 8 963
349 8 89
445 95 740
8 351 443
352 8 114
8 353 354
354 8 974
355 8 545
8 356 631
357 8 830
8 358 236
8 359 255
360 8 311
361 8 858
8 362 449
363 8 162
364 8 450
365 8 966
8 366 719
8 367 12
8 368 514
8 369 304
8 370 357
371 8 454
372 8 560
373 8 94
374 8 124
375 8 337
8 376 551
377 8 63
378 8 825
379 8 196
380 8 519
8 381 291
382 8 903
383 8 10
384 8 19
8 385 758
8 386 386
387 8 273
8 388 460
8 389 609
390 8 420
8 391 995
8 392 219
8 393 169
394 8 899
8 395 112
8 396 211
397 8 990
8 398 129
8 399 851
400 8 341
401 8 373
8 402 475
8 403 25
404 8 353
8 405 391
8 406 723
274 8 669
8 408 908
8 409 504
410 8 279
411 8 807
8 412 36
413 8 745
8 414 39
8 415 344
8 416 206
417 8 86
8 418 978
8 419 311
8 420 297
421 8 856
422 8 842
423 8 111
8 424 432
425 8 155
426 8 923
8 427 471
8 428 748
429 8 306
430 8 672
8 431 552
432 8 664
8 433 15
8 434 326
435 8 851
8 436 395
8 437 627
8 438 295
439 8 825
440 8 474
8 441 100
8 442 201
443 8 608
8 444 155
445 8 745
446 8 333
447 8 13
448 8 274
449 8 640
450 8 696
451 8 132
8 452 672
453 8 897
8 454 29
8 455 234
8 456 39
457 8 313
458 8 168
459 8 820
460 8 631
8 461 952
8 462 500
463 8 405
8 464 549
8 465 395
466 8 719
467 8 796
8 468 143
469 8 258
8 470 657
471 8 843
472 8 441
8 473 259
8 474 793
8 475 489
8 476 2
8 477 453
478 8 63
8 479 433
480 8 159
481 8 222
8 482 691
8 483 457
484 8 848
8 485 526
8 486 53
487 8 892
488 8 526
489 8 426
8 490 434
491 8 409
492 8 652
493 8 842
494 8 758
8 495 305
8 496 467
497 8 27
8 498 772
8 499 868
8 500 843
9 10 69
11 9 136
9 12 141
13 9 377
14 9 317
9 15 534
9 16 690
17 9 675
9 18 117
19 9 464
9 20 805
9 21 318
9 22 832
9 23 739
24 9 493
25 9 881
9 26 494
9 27 762
9 28 326
9 29 223
30 9 70
9 31 594
32 9 61
9 33 929
34 9 527
35 9 773
36 9 252
9 37 2
9 38 173
9 39 95
40 9 220
41 9 49
9 42 123
43 9 636
44 9 910
9 45 578
46 9 387
47 9 184
48 9 217
49 9 757
9 50 255
51 9 557
52 9 152
9 53 198
9 54 388
55 9 473
56 9 449
9 57 395
58 9 258
59 9 693
9 60 14
61 9 593
62 9 365
9 63 951
355 32 768
65 9 648
66 9 543
9 67 841
9 68 671
69 9 666
70 9 220
9 71 823
72 9 827
73 9 584
74 9 636
75 9 621
110 387 39
9 77 357
78 9 412
79 9 743
9 80 48
9 81 113
82 9 501
83 9 760
9 84 570
85 9 551
86 9 644
9 87 275
88 9 387
89 9 895
9 90 264
91 9 213
92 9 478
9 93 77
9 94 608
95 9 649
9 96 674
97 9 536
98 9 994
9 99 554
9 100 161
101 9 964
9 102 405
103 9 197
9 104 601
9 105 520
106 9 760
9 107 708
108 9 622
9 109 505
9 110 256
111 9 740
9 112 742
113 9 813
114 9 22
9 115 303
116 9 339
9 117 529
9 118 263
119 9 955
120 9 237
121 9 52
9 122 994
9 123 442
9 124 286
9 125 249
126 9 278
127 9 688
9 128 724
9 129 977
130 9 521
9 131 280
9 132 218
133 9 903
134 9 570
9 135 423
9 136 111
137 9 18
138 9 936
9 139 743
140 9 53
9 141 606
9 142 640
143 9 294
144 9 507
145 9 579
146 9 331
9 147 740
9 148 740
9 149 381
150 9 613
9 151 689
152 9 894
9 153 922
154 9 504
155 9 324
9 156 372
9 157 903
158 9 983
9 159 637
160 9 541
161 9 788
9 162 531
163 9 676
9 164 474
165 9 227
9 166 841
167 9 887
168 9 403
9 169 245
9 170 610
171 9 521
172 9 723
9 173 741
174 9 266
175 9 325
176 9 520
9 177 658
178 9 370
9 179 247
180 9 508
181 9 594
182 9 543
183 9 851
9 184 215
9 185 666
9 186 648
187 9 396
188 9 442
9 189 350
190 9 771
191 9 727
192 9 685
9 193 120
9 194 624
215 209 53
9 196 794
197 9 216
198 9 989
9 199 508
9 200 119
201 9 249
9 202 752
203 9 975
9 204 921
205 9 540
9 206 272
9 207 802
208 9 260
9 209 435
210 9 629
211 9 782
9 212 875
9 213 584
214 9 851
9 215 403
216 9 558
9 217 250
218 9 748
9 219 681
220 9 111
9 221 903
9 222 403
9 223 950
9 224 692
225 9 573
9 226 457
227 9 163
228 9 201
9 229 711
230 9 19
9 231 783
9 232 179
9 233 246
234 9 66
235 9 426
9 236 341
9 237 557
238 9 770
239 9 515
9 240 39
9 241 197
9 242 707
243 9 203
244 9 962
35 132 759
9 246 323
247 9 584
248 9 325
249 9 940
9 250 571
9 251 643
252 9 355
253 9 256
254 9 117
255 9 346
9 256 27
349 103 635
258 9 437
259 9 255
9 260 455
261 9 391
9 262 349
9 263 774
9 264 365
265 9 941
9 266 550
9 267 579
444 85 753
9 269 888
9 270 614
9 271 418
9 272 769
273 9 535
274 9 901
9 275 429
276 9 543
277 9 471
278 9 151
279 9 418
280 9 131
281 9 976
282 9 773
9 283 154
9 284 127
285 9 371
9 286 835
9 287 652
9 288 593
289 9 986
290 9 547
291 9 663
292 9 836
9 293 168
9 294 825
9 295 707
9 296 431
9 297 741
9 298 526
9 299 89
300 9 676
9 301 363
302 9 462
303 9 990
304 9 298
305 9 612
9 306 281
307 9 453
9 308 636
309 9 401
310 9 789
9 311 794
9 312 32
9 313 684
9 314 474
315 9 415
9 316 913
317 9 199
9 318 373
319 9 82
320 9 734
9 321 635
9 322 846
9 323 989
9 324 240
325 9 83
9 326 210
9 327 38
9 328 352
9 329 574
330 9 937
9 331 868
332 9 238
333 9 8
9 334 249
335 9 672
9 336 115
9 337 617
338 9 129
9 339 801
340 9 304
341 9 436
342 9 431
9 343 879
344 9 621
345 9 570
346 9 163
347 9 937
348 9 747
9 349 869
350 9 673
9 351 503
352 9 922
9 353 205
9 354 787
355 9 761
9 356 484
357 9 134
358 9 397
359 9 365
360 9 288
361 9 704
362 9 135
363 9 373
9 364 768
9 365 142
366 9 55
367 9 847
368 9 763
369 9 752
370 9 884
371 9 267
372 9 924
373 9 193
374 9 292
9 375 809
9 376 105
377 9 969
378 9 487
9 379 624
380 9 197
9 381 523
382 9 145
9 383 280
384 9 86
385 9 432
9 386 444
9 387 929
9 388 783
389 9 619
390 9 668
391 9 58
392 9 175
9 393 412
394 9 73
395 9 555
9 396 385
397 9 821
398 9 264
399 9 259
400 9 234
401 9 736
402 9 546
9 403 418
9 404 527
405 9 718
406 9 604
407 9 512
9 408 676
9 409 369
9 410 974
411 9 653
412 9 213
413 9 731
414 9 220
415 9 54
416 9 745
9 417 669
418 9 584
419 9 991
9 420 98
421 9 881
422 9 61
423 9 851
424 9 718
9 425 993
426 9 718
9 427 518
428 9 809
429 9 318
9 430 53
431 9 516
432 9 489
9 433 313
9 434 828
435 9 15
9 436 824
437 9 189
14 225 536
439 9 828
440 9 718
441 9 282
442 9 360
443 9 438
9 444 581
9 445 268
9 446 371
9 447 90
448 9 587
449 9 331
9 450 671
9 451 362
9 452 11
453 9 961
454 9 771
9 455 659
9 456 684
457 9 743
9 458 286
9 459 94
9 460 536
9 461 647
462 9 397
463 9 666
9 464 655
9 465 707
9 466 17
9 467 896
468 9 794
469 9 77
470 9 246
471 9 926
472 9 512
9 473 93
9 474 862
9 475 461
476 9 716
9 477 487
9 478 820
9 479 995
480 9 540
9 481 786
482 9 34
483 9 130
484 9 332
9 485 274
486 9 83
9 487 383
9 488 201
489 9 638
490 9 321
9 491 652
9 492 103
9 493 442
494 9 56
495 9 654
496 9 180
9 497 31
498 9 617
9 499 639
9 500 658
11 10 766
10 12 592
13 10 853
14 10 513
15 10 929
16 10 639
10 17 769
10 18 786
19 10 722
20 10 593
21 10 978
22 10 173
23 10 826
224 38 663
10 25 448
10 26 148
27 10 932
28 10 391
126 490 241
30 10 590
31 10 567
10 32 583
33 10 182
34 10 869
10 35 839
10 36 471
37 10 359
38 10 728
39 10 516
40 10 28
10 41 955
10 42 794
10 43 537
44 10 886
45 10 625
10 46 721
47 10 134
10 48 35
10 49 571
50 10 624
51 10 463
10 52 657
53 10 885
54 10 925
10 55 516
10 56 528
10 57 98
58 10 739
10 59 127
60 10 701
10 61 207
62 10 169
63 10 16
64 10 425
65 10 783
10 66 658
67 10 116
10 68 816
69 10 469
70 10 764
71 10 186
72 10 139
10 73 349
74 10 17
10 75 237
76 10 718
77 10 771
10 78 896
79 10 373
80 10 418
81 10 970
82 10 708
10 83 973
10 84 996
10 85 238
10 86 276
87 10 526
88 10 188
89 10 914
10 90 18
91 10 395
92 10 112
10 93 348
94 10 316
10 95 219
96 10 598
97 10 380
98 10 830
99 10 139
100 10 893
10 101 808
102 10 854
10 103 129
10 104 61
10 105 635
10 106 207
10 107 338
10 108 802
55 425 714
110 10 943
111 10 301
10 112 365
113 10 237
10 114 248
115 10 293
116 10 411
117 10 468
10 118 290
119 10 778
10 120 492
121 10 623
10 122 256
123 10 993
10 124 45
125 10 85
10 126 479
127 10 968
128 10 791
10 129 270
10 130 690
131 10 59
10 132 677
133 10 833
134 10 504
135 10 402
10 136 978
137 10 431
10 138 500
10 139 616
140 10 17
141 10 878
10 142 620
143 10 285
10 144 491
10 145 359
146 10 372
147 10 261
148 10 997
149 10 279
344 126 960
10 151 968
10 152 743
153 10 146
10 154 405
155 10 792
10 156 294
157 10 44
158 10 24
159 10 77
160 10 978
10 161 806
162 10 869
163 10 748
10 164 753
10 165 311
10 166 922
167 10 76
168 10 418
169 10 704
170 10 545
10 171 800
172 10 587
10 173 7
10 174 978
175 10 680
176 10 324
177 10 989
178 10 318
179 10 439
180 10 514
181 10 760
10 182 733
10 183 206
184 10 829
10 185 586
10 186 73
187 10 968
188 10 186
189 10 520
10 190 617
191 10 988
192 10 297
193 10 747
10 194 871
195 10 879
196 10 871
10 197 378
198 10 186
10 199 487
10 200 350
201 10 15
202 10 29
10 203 89
10 204 945
10 205 989
206 10 174
207 10 395
10 208 97
209 10 329
10 210 320
211 10 170
10 212 442
213 10 478
10 214 313
10 215 806
216 10 38
10 217 423
10 218 861
219 10 537
10 220 889
10 221 449
222 10 577
10 223 468
10 224 283
225 10 933
226 10 592
227 10 778
10 228 689
229 10 755
10 230 274
10 231 19
10 232 237
10 233 754
10 234 616
10 235 11
10 236 73
10 237 41
238 10 513
239 10 1000
240 10 544
10 241 730
10 242 185
243 10 775
10 244 438
245 10 705
246 10 821
247 10 807
248 10 450
249 10 665
250 10 727
10 251 916
10 252 547
10 253 159
254 10 920
10 255 374
256 10 272
257 10 701
258 10 633
259 10 127
10 260 903
261 10 200
262 10 473
10 263 9
264 10 135
10 265 587
266 10 899
10 267 958
10 268 965
10 269 42
270 10 964
10 271 334
10 272 707
10 273 848
10 274 905
185 244 644
276 10 988
10 277 537
10 278 751
279 10 49
280 10 2
10 281 528
10 282 777
283 10 576
284 10 1
285 10 131
10 286 606
10 287 768
10 288 673
10 289 754
10 290 657
291 10 486
292 10 487
293 10 891
294 10 263
10 295 80
10 296 540
297 10 241
298 10 452
299 10 450
300 10 549
10 301 488
10 302 878
10 303 181
304 10 97
10 305 251
306 10 392
307 10 315
10 308 863
10 309 927
310 10 873
311 10 581
312 10 909
10 313 517
314 10 515
10 315 981
10 316 482
10 317 924
318 10 764
319 10 380
320 10 325
10 321 844
10 322 560
10 323 669
324 10 643
10 325 84
326 10 197
327 10 16
328 10 413
10 329 252
10 330 325
331 10 216
332 10 799
333 10 892
10 334 672
335 10 742
10 336 683
337 10 364
338 10 655
10 339 491
10 340 676
10 341 242
10 342 466
10 343 226
344 10 619
345 10 23
10 346 755
347 10 196
348 10 494
349 10 426
10 350 825
351 10 337
10 352 68
10 353 115
10 354 262
10 355 318
356 10 858
10 357 569
358 10 185
10 359 529
10 360 577
361 10 365
362 10 389
363 10 55
10 364 805
10 365 45
10 366 664
10 367 919
368 10 215
369 10 730
10 370 669
371 10 837
372 10 716
10 373 266
374 10 555
10 375 760
376 10 141
10 377 334
10 378 819
379 10 259
10 380 861
381 10 781
10 382 21
10 383 696
336 341 94
385 10 840
386 10 60
387 10 96
388 10 580
389 10 524
390 10 958
391 10 964
10 392 8
10 393 507
394 10 525
395 10 704
396 10 214
10 397 195
10 398 408
10 399 554
400 10 823
10 401 549
402 10 994
403 10 303
404 10 32
10 405 431
10 406 762
407 10 71
408 10 161
409 10 3
10 410 530
411 10 628
412 10 544
413 10 622
10 414 513
415 10 903
10 416 467
417 10 682
418 10 33
10 419 851
420 10 897
10 421 820
10 422 721
10 423 136
10 424 42
425 10 478
10 426 579
10 427 297
10 428 802
429 10 878
10 430 79
431 10 606
10 432 322
433 10 645
10 434 111
10 435 755
436 10 767
10 437 10
438 10 137
439 10 511
10 440 777
10 441 109
10 442 728
443 10 542
10 444 134
10 445 900
446 10 867
10 447 472
448 10 860
10 449 97
450 10 149
10 451 64
452 10 82
10 453 97
10 454 411
10 455 205
10 456 888
10 457 398
10 458 841
459 10 356
10 460 498
461 10 583
462 10 902
463 10 564
10 464 81
465 10 51
466 10 691
467 10 928
10 468 634
10 469 33
470 10 175
471 10 25
10 472 661
473 10 68
10 474 710
475 10 194
476 10 351
477 10 319
10 478 365
10 479 378
480 10 304
10 481 133
482 10 776
483 10 957
484 10 438
485 10 627
10 486 549
10 487 316
10 488 929
489 10 852
490 10 574
463 168 520
10 492 924
10 493 700
10 494 643
495 10 323
10 496 546
10 497 990
10 498 558
499 10 439
10 500 807
11 12 55
11 13 829
11 14 148
11 15 99
11 16 568
17 11 643
18 11 335
19 11 755
20 11 807
11 21 871
11 22 141
23 11 184
11 24 502
25 11 651
11 26 564
27 11 253
28 11 787
29 11 846
30 11 883
11 31 357
32 11 751
11 33 371
34 11 477
35 11 66
36 11 327
37 11 776
11 38 443
39 11 119
11 40 446
41 11 848
11 42 558
43 11 904
44 11 769
45 11 225
11 46 456
47 11 957
48 11 865
11 49 591
50 11 380
11 51 507
52 11 173
53 11 527
54 11 266
55 11 722
56 11 245
11 57 701
58 11 693
11 59 560
60 11 320
61 11 934
11 62 20
11 63 716
11 64 375
11 65 591
11 66 516
11 67 812
68 11 992
11 69 60
11 70 276
71 11 336
11 72 580
11 73 793
11 74 271
11 75 356
76 11 264
11 77 613
11 78 46
79 11 378
80 11 256
81 11 898
82 11 828
11 83 726
84 11 648
11 85 759
11 86 184
87 11 456
88 11 601
89 11 662
11 90 462
11 91 765
11 92 42
11 93 230
11 94 406
11 95 831
96 11 92
97 11 890
11 98 172
11 99 16
11 100 605
11 101 159
11 102 462
103 11 619
104 11 550
11 105 626
11 106 433
11 107 683
108 11 53
109 11 136
11 110 493
11 111 634
11 112 668
11 113 629
114 11 772
11 115 196
116 11 184
11 117 534
11 118 695
11 119 633
120 11 651
11 121 902
11 122 985
11 123 406
11 124 18
125 11 965
11 126 858
127 11 388
128 11 279
11 129 404
11 130 277
11 131 104
132 11 104
11 133 938
11 134 994
11 135 874
136 11 70
11 137 914
138 11 277
139 11 14
11 140 127
141 11 651
121 311 941
143 11 398
11 144 981
11 145 511
11 146 750
147 11 13
11 148 749
149 11 412
11 150 791
151 11 741
11 152 745
1000
32 105
32 474
32 458
32 223
32 459
32 424
32 187
32 399
32 261
32 211
32 170
32 12
32 33
32 404
32 197
32 293
32 494
32 444
32 180
32 376
32 55
32 109
32 21
32 342
32 191
32 23
32 433
32 107
32 37
32 484
32 332
32 146
32 493
32 304
32 415
32 178
32 275
32 52
32 97
32 273
32 22
32 269
32 408
32 464
32 54
32 65
32 236
32 200
32 272
32 176
32 128
32 86
32 230
32 327
32 49
32 30
32 63
32 288
32 33
32 343
32 65
32 119
32 185
32 60
32 461
32 350
32 173
32 83
32 353
32 392
32 391
32 228
32 372
32 405
32 164
32 390
32 497
32 67
32 388
32 409
32 496
32 329
32 196
32 77
32 129
32 3
32 18
32 36
32 435
32 50
32 423
32 275
32 162
32 152
32 248
32 203
32 11
32 309
32 384
32 400
32 407
32 398
32 175
32 457
32 371
32 325
32 408
32 121
32 213
32 214
32 297
32 262
32 296
32 310
32 310
32 405
32 178
32 19
32 329
32 22
32 161
32 317
32 206
32 188
32 488
32 357
32 123
32 358
32 78
32 157
32 465
32 135
32 159
32 425
32 36
32 438
32 355
32 474
32 45
32 381
32 325
32 374
32 47
32 460
32 205
32 373
32 36
32 490
32 136
32 244
32 152
32 426
32 279
32 401
32 166
32 150
32 399
32 20
32 75
32 7
32 394
32 430
32 150
32 310
32 191
32 77
32 449
32 28
32 12
32 261
32 316
32 469
32 439
32 459
32 82
32 480
32 143
32 177
32 292
32 320
32 259
32 299
32 312
32 83
32 495
32 222
32 51
32 413
32 84
32 323
32 485
32 5
32 38
32 156
32 400
32 335
32 440
32 358
32 124
32 183
32 102
32 336
32 215
32 19
32 181
32 77
32 229
32 324
32 355
32 245
32 189
32 379
32 407
32 258
32 165
32 12
32 215
32 320
32 300
32 458
32 361
32 476
32 291
32 308
32 240
32 263
32 127
32 456
32 443
32 367
32 148
32 159
32 49
32 69
32 111
32 66
32 377
32 260
32 190
32 161
32 91
32 339
32 486
32 383
32 320
32 126
32 499
32 355
32 477
32 375
32 115
32 387
32 79
32 217
32 395
32 80
32 239
32 480
32 99
32 198
32 82
32 314
32 460
32 4
32 193
32 66
32 17
32 453
32 278
32 176
32 140
32 104
32 332
32 82
32 245
32 492
32 470
32 187
32 263
32 254
32 107
32 394
32 247
32 125
32 250
32 432
32 471
32 105
32 267
32 257
32 440
32 74
32 458
32 318
32 130
32 422
32 346
32 244
32 443
32 486
32 59
32 241
32 391
32 151
32 310
32 273
32 300
32 358
32 228
32 390
32 299
32 383
32 495
32 223
32 212
32 24
32 46
32 427
32 461
32 198
32 111
32 463
32 270
32 278
32 48
32 31
32 453
32 417
32 144
32 432
32 94
32 296
32 158
32 219
32 219
32 275
32 394
32 190
32 21
32 37
32 12
32 249
32 380
32 141
32 315
32 169
32 58
32 197
32 299
32 8
32 207
32 305
32 37
32 302
32 65
32 20
32 270
32 444
32 12
32 337
32 431
32 456
32 154
32 183
32 18
32 446
32 156
32 469
32 194
32 183
32 166
32 68
32 373
32 393
32 382
32 391
32 249
32 124
32 61
32 426
32 221
32 414
32 446
32 213
32 96
32 130
32 313
32 298
32 310
32 467
32 13
32 378
32 467
32 466
32 232
32 278
32 182
32 18
32 438
32 167
32 215
32 34
32 221
32 225
32 103
32 338
32 277
32 15
32 483
32 432
32 152
32 136
32 120
32 92
32 215
32 482
32 424
32 331
32 290
32 150
32 338
32 203
32 163
32 104
32 276
32 140
32 342
32 111
32 140
32 319
32 457
32 390
32 109
32 82
32 96
32 403
32 46
32 201
32 329
32 95
32 303
32 133
32 473
32 31
32 92
32 16
32 76
32 8
32 384
32 489
32 300
32 18
32 115
32 88
32 337
32 148
32 406
32 311
32 329
32 297
32 462
32 213
32 221
32 287
32 237
32 338
32 373
32 218
32 150
32 40
32 403
32 153
32 431
32 55
32 459
32 11
32 42
32 436
32 327
32 387
32 22
32 121
32 51
32 408
32 482
32 430
32 217
32 192
32 241
32 32
32 70
32 95
32 402
32 472
32 238
32 32
32 133
32 200
32 143
32 434
32 379
32 408
32 333
32 24
32 229
32 34
32 378
32 477
32 4
32 130
32 262
32 94
32 49
32 449
32 407
32 450
32 105
32 444
32 254
32 333
32 381
32 241
32 7
32 31
32 23
32 492
32 428
32 50
32 58
32 207
32 293
32 475
32 245
32 326
32 220
32 295
32 195
32 22
32 402
32 3
32 307
32 152
32 263
32 83
32 157
32 478
32 228
32 342
32 45
32 328
32 136
32 343
32 346
32 424
32 397
32 476
32 272
32 353
32 35
32 486
32 148
32 474
32 145
32 13
32 215
32 36
32 244
32 76
32 459
32 275
32 254
32 418
32 351
32 332
32 52
32 429
32 41
32 208
32 362
32 450
32 423
32 453
32 258
32 414
32 60
32 467
32 105
32 474
32 123
32 99
32 351
32 382
32 500
32 423
32 341
32 304
32 463
32 455
32 425
32 305
32 351
32 4
32 188
32 330
32 152
32 272
32 206
32 384
32 375
32 163
32 205
32 116
32 257
32 427
32 58
32 450
32 235
32 107
32 417
32 444
32 274
32 486
32 496
32 95
32 328
32 377
32 371
32 268
32 200
32 47
32 324
32 88
32 49
32 55
32 431
32 411
32 406
32 174
32 74
32 368
32 478
32 159
32 217
32 150
32 120
32 73
32 491
32 55
32 111
32 13
32 474
32 484
32 151
32 430
32 438
32 14
32 277
32 107
32 145
32 221
32 130
32 369
32 495
32 303
32 11
32 111
32 451
32 274
32 429
32 144
32 406
32 105
32 158
32 473
32 219
32 477
32 437
32 41
32 464
32 101
32 472
32 47
32 37
32 429
32 437
32 399
32 128
32 357
32 339
32 179
32 373
32 391
32 421
32 243
32 267
32 48
32 95
32 124
32 96
32 369
32 161
32 84
32 324
32 459
32 362
32 183
32 273
32 202
32 406
32 222
32 55
32 376
32 498
32 363
32 112
32 438
32 451
32 425
32 468
32 493
32 407
32 160
32 393
32 202
32 345
32 2
32 228
32 458
32 347
32 418
32 81
32 193
32 383
32 36
32 366
32 25
32 484
32 242
32 260
32 379
32 73
32 348
32 91
32 232
32 237
32 171
32 96
32 377
32 363
32 312
32 249
32 339
32 471
32 493
32 43
32 370
32 154
32 454
32 490
32 44
32 229
32 393
32 52
32 254
32 397
32 50
32 158
32 5
32 467
32 250
32 232
32 38
32 104
32 18
32 379
32 169
32 117
32 292
32 421
32 65
32 152
32 60
32 55
32 277
32 276
32 464
32 318
32 295
32 268
32 256
32 349
32 68
32 327
32 229
32 100
32 201
32 280
32 244
32 370
32 126
32 103
32 367
32 305
32 381
32 108
32 186
32 421
32 84
32 490
32 307
32 428
32 405
32 229
32 257
32 58
32 248
32 398
32 332
32 445
32 365
32 138
32 454
32 142
32 484
32 131
32 426
32 285
32 492
32 136
32 144
32 288
32 12
32 343
32 33
32 171
32 22
32 34
32 387
32 292
32 7
32 284
32 434
32 31
32 199
32 448
32 280
32 362
32 397
32 238
32 232
32 22
32 224
32 334
32 37
32 487
32 410
32 99
32 256
32 319
32 372
32 281
32 284
32 50
32 359
32 329
32 160
32 306
32 143
32 304
32 129
32 299
32 3
32 151
32 55
32 139
32 154
32 99
32 43
32 455
32 50
32 286
32 14
32 283
32 292
32 483
32 442
32 481
32 161
32 497
32 331
32 89
32 401
32 359
32 114
32 213
32 479
32 496
32 81
32 62
32 374
32 303
32 448
32 428
32 16
32 387
32 324
32 77
32 274
32 448
32 263
32 193
32 340
32 363
32 81
32 362
32 17
32 445
32 127
32 240
32 52
32 499
32 294
32 109
32 59
32 446
32 404
32 430
32 159
32 163
32 494
32 131
32 217
32 388
32 239
32 114
32 286
32 412
32 494
32 95
32 494
32 322
32 196
32 320
32 496
32 105
32 92
32 361
32 151
32 60
32 249
32 440
32 437
32 491
32 383
32 346
32 327
32 494
32 368
32 183
32 141
32 440
32 232
32 369
32 62
32 301
32 352
32 8
32 193
32 170
32 370
32 342
32 188
32 408
32 38
32 184
32 364
32 404
32 73
32 66
32 18
32 484
32 208
32 90
32 350
32 55
32 245
32 196
32 351
32 171
32 457
32 362
32 452
32 282
32 359
32 84
32 175
32 312
32 34
32 8
32 33
