500 1639 51 3628
1 99 498 184 394 379 234 286 382 332 428 281 18 308 55 5 133 463 37 278 420 305 238 132 192 295 58 271 168 259 193 424 43 239 415 233 250 50 39 160 169 202 363 313 116 479 46 214 245 186 338
552177662 148684278 399302300 987756140 453766390 239919633 822786394 173878757 251471637 825098985 574481227 806107930 805557515 396305306 488735389 680432176 96055838 99458034 99457358 636629312 573978280 707150580 910684595 132241111 476005016 445195094 620074227 584222837 561724397 880886274 16999818 260706062 941028671 989161113 873126855 40339340 32981046 506012651 426074702 906082122 462326288 464118400 397843606 330161306 117813791 982743826 24391019 471510849 947543113 76796689 935854957
1 2 982
3 1 344
1 4 684
1 5 408
1 6 224
1 7 863
1 8 171
9 1 731
10 1 411
11 1 643
1 12 587
13 1 565
1 14 827
1 15 47
16 1 753
1 17 598
18 1 639
19 1 388
1 20 21
21 1 950
22 1 209
23 1 837
1 24 5
1 25 595
1 26 559
27 1 961
28 1 767
29 1 840
1 30 317
31 1 757
1 32 626
1 33 40
1 34 609
1 35 911
36 1 486
1 37 559
38 1 78
1 39 804
40 1 239
41 1 330
1 42 258
43 1 874
44 1 30
45 1 633
46 1 247
47 1 671
1 48 720
49 1 468
50 1 213
51 1 904
52 1 565
53 1 515
54 1 639
55 1 475
56 1 74
57 1 541
58 1 162
59 1 846
1 60 431
61 1 26
62 1 817
63 1 797
64 1 914
65 1 865
1 66 443
67 1 240
68 1 51
69 1 99
1 70 923
1 71 466
1 72 582
73 1 910
74 1 231
75 1 403
76 1 604
1 77 130
1 78 954
79 1 231
1 80 882
81 1 143
1 82 243
1 83 518
84 1 328
85 1 254
86 1 972
87 1 858
88 1 875
89 1 76
90 1 555
91 1 971
92 1 299
93 1 674
94 1 44
95 1 886
96 1 926
1 97 207
98 1 68
1 99 242
1 100 627
101 1 444
102 1 120
1 103 218
1 104 800
1 105 471
106 1 660
1 107 374
1 108 253
109 1 41
1 110 877
111 1 857
1 112 919
1 113 496
114 1 336
1 115 892
1 116 366
1 117 70
118 1 1000
119 1 546
1 120 934
121 1 151
122 1 124
123 1 354
1 124 898
125 1 151
126 1 158
127 1 49
1 128 532
129 1 434
1 130 509
1 131 445
132 1 815
133 1 922
1 134 772
1 135 610
136 1 566
1 137 557
1 138 505
139 1 561
1 140 81
141 1 853
142 1 271
143 1 636
144 1 263
145 1 198
134 42 580
1 147 844
1 148 335
1 149 467
150 1 611
151 1 795
152 1 654
153 1 281
1 154 956
1 155 658
1 156 652
157 1 617
1 158 127
1 159 156
160 1 342
161 1 307
162 1 765
1 163 137
164 1 190
165 1 806
166 1 215
1 167 548
168 1 246
169 1 81
1 170 684
171 1 734
1 172 969
1 173 869
174 1 656
175 1 65
176 1 795
177 1 385
1 178 167
179 1 421
180 1 811
181 1 773
1 182 478
1 183 206
184 1 800
1 185 151
1 186 235
1 187 36
1 188 121
189 1 641
190 1 536
191 1 409
192 1 780
193 1 584
1 194 164
195 1 855
1 196 176
1 197 431
481 205 977
1 199 808
200 1 514
1 201 994
1 202 487
203 1 844
204 1 140
1 205 68
206 1 576
1 207 942
1 208 409
1 209 73
210 1 818
211 1 847
1 212 923
1 213 476
218 358 592
215 1 930
1 216 542
217 1 667
218 1 889
1 219 670
1 220 858
1 221 878
222 1 824
223 1 512
1 224 636
225 1 219
1 226 562
1 227 838
1 228 901
229 1 245
1 230 419
231 1 700
232 1 586
1 233 704
234 1 97
1 235 99
236 1 2
1 237 391
238 1 391
1 239 381
240 1 387
1 241 983
1 242 396
243 1 723
1 244 518
1 245 793
1 246 514
1 247 239
248 1 166
1 249 179
1 250 447
251 1 610
1 252 637
1 253 832
254 1 319
1 255 623
1 256 40
1 257 316
258 1 560
1 259 206
1 260 422
261 1 496
262 1 68
263 1 162
1 264 164
265 1 748
266 1 779
267 1 35
268 1 996
269 1 528
1 270 662
1 271 477
272 1 897
1 273 434
274 1 13
275 1 695
1 276 948
277 1 739
278 1 474
279 1 614
1 280 459
281 1 202
294 453 548
283 1 847
284 1 340
1 285 631
286 1 341
1 287 176
288 1 927
1 289 953
1 290 52
1 291 103
292 1 425
293 1 33
1 294 700
295 1 609
296 1 42
53 211 517
1 298 307
1 299 989
1 300 696
301 1 374
302 1 236
303 1 863
1 304 761
1 305 818
1 306 421
307 1 293
1 308 78
1 309 730
310 1 162
311 1 13
312 1 194
1 313 709
1 314 328
1 315 549
278 464 535
1 317 828
1 318 411
319 1 978
1 320 617
321 1 172
1 322 488
1 323 738
324 1 481
1 325 39
326 1 300
327 1 522
328 1 803
329 1 211
330 1 819
1 331 680
1 332 672
1 333 49
334 1 169
335 1 393
1 336 717
1 337 423
338 1 709
339 1 557
1 340 338
302 390 759
342 1 569
343 1 350
344 1 653
345 1 982
346 1 292
347 1 573
348 1 164
1 349 693
1 350 664
1 351 805
1 352 422
1 353 676
354 1 748
1 355 902
356 1 459
357 1 370
1 358 626
359 1 363
360 1 679
1 361 430
362 1 66
363 1 620
364 1 955
365 1 665
366 1 38
1 367 797
1 368 148
1 369 354
1 370 588
371 1 429
372 1 586
1 373 168
374 1 807
375 1 600
376 1 114
1 377 436
1 378 342
1 379 894
1 380 701
1 381 156
382 1 244
1 383 602
384 1 647
1 385 377
386 1 222
387 1 323
388 1 257
1 389 874
390 1 408
391 1 126
1 392 159
393 1 510
1 394 776
395 1 290
396 1 874
397 1 983
1 398 130
399 1 58
400 1 182
1 401 145
1 402 930
403 1 447
404 1 974
1 405 535
406 1 461
407 1 716
1 408 516
409 1 839
410 1 392
411 1 48
1 412 673
1 413 233
1 414 231
415 1 671
1 416 147
417 1 395
418 1 624
1 419 649
420 1 609
421 1 248
185 224 557
423 1 114
424 1 529
1 425 836
426 1 222
427 1 680
428 1 19
1 429 442
430 1 685
431 1 977
432 1 284
1 433 790
434 1 464
1 435 514
436 1 196
1 437 36
1 438 994
1 439 328
1 440 752
441 1 991
442 1 914
1 443 699
1 444 784
1 445 546
1 446 106
447 1 686
1 448 658
449 1 51
1 450 25
451 1 681
1 452 453
453 1 787
454 1 26
455 1 191
1 456 767
457 1 975
1 458 307
1 459 80
1 460 376
1 461 274
1 462 879
1 463 400
1 464 285
465 1 113
466 1 212
1 467 62
1 468 94
469 1 533
470 1 390
471 1 558
472 1 816
473 1 717
1 474 586
475 1 856
1 476 691
477 1 897
478 1 740
479 1 79
480 1 180
481 1 408
1 482 433
1 483 578
484 1 181
1 485 755
486 1 637
1 487 158
488 1 649
489 1 967
490 1 23
1 491 922
1 492 768
1 493 295
494 1 96
1 495 121
496 1 345
497 1 272
498 1 72
1 499 564
1 500 131
2 3 700
2 4 537
2 5 286
6 2 378
7 2 344
8 2 466
2 9 166
2 10 465
11 2 957
2 12 893
2 13 176
14 2 306
2 15 66
16 2 17
2 17 332
18 2 695
19 2 640
2 20 232
2 21 950
22 2 845
2 23 941
24 2 970
25 2 908
2 26 20
27 2 626
28 2 417
2 29 3
30 2 808
31 2 541
2 32 83
2 33 867
34 2 411
2 35 512
36 2 812
37 2 526
38 2 201
39 2 952
40 2 881
2 41 181
42 2 714
43 2 6
44 2 357
2 45 587
46 2 267
2 47 474
2 48 392
2 49 112
50 2 557
51 2 59
52 2 851
2 53 407
54 2 909
2 55 864
56 2 685
2 57 168
58 2 34
59 2 554
2 60 113
2 61 191
2 62 363
2 63 791
2 64 934
2 65 147
2 66 638
2 67 761
68 2 813
69 2 128
2 70 42
2 71 349
2 72 951
73 2 925
2 74 686
75 2 477
2 76 669
2 77 791
78 2 807
79 2 206
2 80 286
2 81 356
2 82 406
2 83 11
84 2 292
2 85 809
86 2 536
2 87 184
88 2 71
2 89 501
90 2 468
2 91 647
92 2 344
2 93 387
2 94 993
2 95 39
2 96 935
2 97 364
98 2 701
2 99 304
100 2 678
101 2 323
2 102 503
103 2 416
2 104 604
2 105 31
106 2 270
107 2 369
2 108 220
2 109 508
110 2 7
2 111 416
112 2 355
2 113 794
114 2 499
2 115 512
2 116 149
2 117 925
118 2 470
119 2 733
120 2 208
121 2 19
2 122 522
123 2 90
124 2 191
2 125 257
2 126 698
127 2 819
128 2 344
2 129 527
2 130 311
131 2 275
132 2 935
133 2 967
2 134 294
2 135 960
136 2 857
2 137 746
2 138 552
139 2 746
2 140 842
2 141 931
142 2 153
2 143 711
144 2 311
145 2 217
2 146 10
2 147 666
2 148 765
2 149 921
2 150 808
151 2 552
2 152 616
2 153 130
2 154 722
155 2 97
2 156 844
2 157 888
158 2 230
159 2 637
160 2 288
2 161 410
162 2 788
163 2 12
164 2 406
165 2 612
2 166 186
167 2 741
2 168 37
169 2 534
2 170 230
171 2 120
172 2 799
2 173 298
174 2 39
175 2 700
176 2 891
2 177 162
2 178 181
2 179 18
180 2 84
2 181 79
2 182 516
183 2 679
184 2 816
185 2 555
2 186 742
2 187 710
2 188 449
2 189 993
190 2 534
191 2 68
2 192 528
193 2 263
2 194 605
2 195 770
2 196 349
2 197 235
2 198 560
199 2 687
2 200 416
201 2 51
2 202 728
203 2 940
204 2 748
2 205 619
206 2 153
207 2 942
2 208 646
209 2 899
210 2 355
211 2 399
2 212 354
2 213 535
2 214 612
2 215 388
216 2 87
2 217 229
218 2 893
2 219 704
2 220 478
221 2 794
222 2 328
43 223 984
2 224 566
225 2 726
226 2 793
227 2 886
228 2 411
229 2 131
230 2 978
2 231 447
2 232 339
233 2 954
2 234 84
2 235 828
2 236 8
2 237 318
2 238 589
239 2 69
2 240 704
2 241 614
242 2 349
2 243 657
2 244 344
245 2 439
246 2 448
2 247 535
248 2 997
2 249 568
250 2 471
2 251 696
252 2 1
2 253 781
254 2 734
2 255 562
2 256 44
2 257 61
258 2 16
259 2 631
2 260 808
261 2 116
2 262 182
263 2 852
2 264 724
265 2 137
2 266 612
2 267 506
2 268 843
269 2 225
2 270 293
2 271 649
272 2 74
2 273 178
274 2 281
2 275 232
276 2 773
277 2 569
278 2 822
279 2 542
2 280 866
2 281 533
282 2 460
143 299 548
284 2 900
285 2 793
286 2 344
2 287 889
288 2 249
289 2 502
2 290 770
2 291 461
292 2 597
293 2 166
2 294 591
295 2 558
2 296 805
297 2 499
298 2 319
2 299 278
2 300 749
301 2 670
2 302 624
2 303 66
2 304 867
2 305 256
2 306 249
2 307 981
2 308 801
239 359 308
2 310 80
311 2 395
312 2 135
2 313 259
314 2 365
315 2 278
2 316 502
2 317 431
2 318 364
319 2 509
320 2 366
321 2 896
322 2 279
323 2 648
324 2 241
2 325 234
326 2 186
2 327 221
328 2 798
329 2 565
2 330 509
2 331 774
332 2 999
2 333 780
2 334 950
2 335 433
336 2 851
2 337 262
2 338 940
339 2 791
2 340 300
2 341 440
342 2 541
343 2 517
2 344 466
2 345 738
346 2 801
2 347 478
348 2 687
2 349 557
350 2 604
351 2 982
352 2 769
2 353 827
354 2 360
2 355 856
356 2 900
357 2 103
358 2 377
2 359 866
360 2 677
361 2 928
362 2 199
2 363 972
364 2 239
365 2 75
366 2 351
2 367 581
368 2 434
2 369 166
370 2 739
2 371 142
372 2 599
2 373 478
374 2 909
2 375 244
2 376 101
2 377 826
378 2 688
379 2 386
2 380 576
381 2 877
2 382 247
2 383 909
384 2 772
385 2 992
2 386 332
387 2 686
388 2 654
2 389 205
2 390 995
2 391 412
392 2 308
393 2 869
2 394 148
2 395 631
2 396 952
397 2 996
2 398 500
2 399 86
400 2 521
401 2 271
2 402 908
403 2 194
404 2 305
405 2 565
2 406 953
2 407 73
408 2 368
2 409 259
410 2 946
411 2 748
412 2 751
2 413 910
414 2 238
415 2 665
416 2 510
417 2 446
2 418 187
419 2 593
420 2 464
421 2 429
422 2 664
423 2 787
2 424 890
2 425 363
2 426 572
2 427 439
428 2 959
2 429 637
2 430 188
431 2 516
432 2 342
433 2 858
2 434 537
2 435 668
2 436 866
437 2 5
2 438 583
2 439 346
440 2 785
2 441 918
442 2 976
2 443 723
2 444 334
2 445 889
446 2 167
2 447 962
448 2 320
2 449 445
2 450 318
451 2 409
277 5 152
453 2 85
454 2 440
455 2 511
2 456 791
2 457 203
2 458 207
2 459 461
460 2 926
461 2 552
2 462 815
2 463 464
464 2 555
465 2 574
466 2 161
2 467 570
468 2 403
469 2 982
2 470 873
2 471 201
472 2 362
473 2 2
2 474 689
2 475 567
476 2 645
477 2 956
478 2 532
479 2 192
480 2 777
2 481 437
482 2 19
483 2 391
484 2 929
485 2 911
2 486 836
2 487 649
488 2 587
2 489 83
2 490 742
491 2 104
2 492 555
2 493 596
494 2 558
495 2 249
496 2 856
2 497 546
2 498 476
34 210 423
500 2 578
3 4 57
3 5 167
3 6 742
3 7 138
8 3 615
3 9 141
3 10 104
3 11 618
12 3 593
13 3 932
3 14 716
15 3 832
16 3 334
17 3 620
18 3 602
3 19 624
20 3 227
21 3 243
355 86 560
23 3 623
24 3 85
3 25 887
26 3 968
27 3 209
28 3 826
29 3 343
3 30 847
31 3 499
3 32 657
33 3 579
3 34 40
3 35 257
3 36 437
37 3 255
38 3 863
3 39 474
3 40 6
3 41 620
42 3 479
3 43 591
44 3 135
45 3 439
46 3 4
3 47 88
3 48 681
77 267 993
50 3 490
51 3 654
52 3 135
3 53 565
54 3 692
55 3 802
56 3 776
57 3 924
58 3 253
3 59 533
3 60 569
61 3 364
3 62 867
63 3 470
254 405 64
3 65 93
3 66 70
67 3 215
3 68 898
3 69 995
3 70 718
71 3 640
72 3 629
3 73 927
74 3 435
75 3 259
3 76 375
3 77 894
3 78 730
3 79 294
3 80 717
3 81 248
82 3 559
83 3 340
3 84 381
85 3 98
3 86 789
226 320 308
3 88 989
89 3 389
90 3 632
91 3 897
92 3 689
3 93 460
3 94 795
95 3 976
3 96 321
3 97 594
98 3 778
99 3 461
100 3 616
3 101 738
3 102 426
3 103 206
104 3 102
3 105 485
3 106 932
3 107 718
3 108 39
109 3 928
3 110 102
111 3 52
112 3 274
3 113 363
114 3 257
115 3 329
116 3 20
117 3 147
3 118 420
119 3 126
120 3 498
121 3 192
122 3 543
3 123 819
3 124 850
3 125 616
3 126 337
3 127 313
3 128 395
3 129 410
130 3 211
3 131 818
132 3 287
3 133 876
134 3 203
3 135 147
3 136 632
3 137 14
138 3 930
3 139 169
140 3 185
3 141 173
142 3 998
3 143 9
3 144 289
145 3 993
3 146 321
147 3 958
3 148 876
149 3 391
3 150 624
3 151 142
3 152 849
3 153 7
154 3 868
155 3 246
3 156 820
157 3 423
3 158 309
159 3 562
160 3 766
97 41 118
162 3 642
3 163 709
3 164 944
165 3 386
166 3 482
167 3 943
3 168 308
3 169 179
170 3 870
171 3 26
3 172 708
173 3 141
3 174 12
3 175 669
176 3 361
3 177 514
3 178 486
179 3 849
3 180 893
3 181 710
3 182 649
183 3 814
184 3 921
3 185 793
186 3 95
3 187 263
188 3 528
189 3 936
3 190 509
3 191 889
192 3 754
3 193 749
194 3 261
195 3 793
3 196 826
3 197 714
3 198 109
199 3 699
3 200 577
3 201 690
3 202 447
203 3 931
204 3 49
205 3 617
3 206 167
207 3 832
3 208 706
209 3 246
210 3 136
3 211 52
212 3 880
3 213 400
3 214 183
215 3 358
3 216 786
217 3 510
218 3 718
3 219 599
220 3 309
221 3 62
3 222 595
223 3 192
224 3 512
3 225 671
226 3 494
3 227 891
3 228 798
229 3 406
230 3 935
231 3 734
232 3 927
233 3 621
3 234 493
235 3 956
3 236 206
237 3 351
238 3 136
3 239 283
240 3 84
3 241 702
3 242 216
243 3 678
244 3 156
245 3 190
3 246 259
3 247 740
248 3 597
3 249 399
3 250 515
251 3 511
252 3 771
3 253 710
3 254 190
255 3 119
3 256 623
3 257 732
258 3 828
3 259 957
260 3 34
3 261 214
262 3 749
3 263 88
264 3 366
265 3 459
3 266 376
3 267 851
268 3 381
269 3 122
270 3 245
3 271 893
3 272 680
3 273 145
3 274 628
3 275 151
276 3 345
277 3 671
3 278 884
279 3 514
3 280 921
3 281 227
3 282 453
283 3 6
3 284 899
285 3 970
286 3 294
287 3 108
3 288 719
3 289 429
290 3 184
291 3 782
292 3 288
3 293 496
3 294 456
3 295 497
3 296 366
297 3 277
298 3 937
3 299 698
3 300 717
301 3 95
3 302 888
303 3 406
304 3 284
305 3 95
306 3 734
307 3 488
3 308 919
309 3 731
3 310 410
311 3 711
3 312 534
313 3 426
3 314 404
219 423 797
3 316 468
3 317 633
318 3 179
319 3 161
320 3 440
321 3 401
322 3 400
3 323 486
324 3 759
3 325 446
326 3 385
3 327 562
328 3 904
329 3 905
330 3 447
331 3 600
332 3 495
333 3 359
334 3 96
335 3 526
336 3 730
3 337 593
3 338 966
339 3 592
3 340 183
3 341 530
342 3 669
3 343 867
344 3 556
345 3 228
3 346 289
3 347 874
3 348 934
349 3 971
3 350 102
351 3 485
3 352 3
353 3 552
3 354 966
3 355 805
3 356 47
3 357 375
3 358 327
3 359 554
360 3 755
361 3 881
3 362 674
3 363 173
364 3 753
365 3 635
366 3 925
3 367 966
3 368 218
3 369 910
370 3 802
371 3 191
372 3 368
3 373 933
3 374 510
3 375 846
3 376 628
377 3 681
3 378 355
3 379 935
3 380 809
381 3 744
382 3 486
3 383 744
3 384 199
3 385 970
386 3 721
400 188 716
3 388 217
3 389 763
390 3 914
3 391 161
3 392 167
393 3 372
394 3 227
395 3 529
396 3 805
397 3 634
398 3 752
399 3 749
400 3 914
401 3 533
3 402 596
403 3 925
3 404 826
3 405 251
406 3 908
407 3 313
3 408 309
3 409 498
3 410 226
3 411 11
3 412 325
3 413 25
414 3 859
415 3 571
416 3 612
417 3 432
3 418 530
419 3 762
420 3 124
421 3 819
3 422 603
423 3 687
424 3 925
425 3 83
426 3 40
3 427 597
428 3 538
429 3 125
430 3 808
431 3 827
3 432 940
433 3 345
3 434 739
435 3 251
3 436 662
3 437 788
3 438 47
3 439 635
440 3 55
3 441 694
3 442 782
3 443 263
444 3 531
445 3 429
3 446 710
3 447 733
448 3 810
449 3 777
450 3 511
3 451 423
3 452 472
453 3 749
454 3 217
3 455 277
3 456 963
457 3 69
3 458 467
459 3 728
460 3 641
3 461 282
462 3 261
3 463 720
464 3 647
465 3 919
376 260 327
3 467 247
468 3 762
3 469 128
3 470 815
3 471 76
472 3 298
473 3 270
3 474 976
3 475 825
3 476 226
3 477 716
3 478 877
479 3 806
480 3 962
3 481 493
482 3 586
483 3 147
484 3 5
485 3 988
3 486 788
487 3 26
488 3 675
3 489 161
3 490 331
3 491 186
3 492 872
493 3 243
3 494 351
495 3 317
3 496 547
497 3 689
3 498 649
499 3 955
500 3 432
5 4 208
4 6 925
7 4 253
8 4 791
4 9 328
10 4 798
11 4 891
4 12 794
13 4 183
4 14 490
15 4 102
4 16 43
4 17 756
4 18 754
19 4 815
4 20 252
4 21 133
4 22 108
4 23 670
24 4 685
4 25 634
4 26 481
27 4 228
4 28 169
4 29 639
4 30 935
4 31 145
32 4 497
33 4 606
4 34 647
4 35 599
36 4 143
4 37 771
4 38 320
4 39 500
40 4 301
4 41 518
42 4 971
4 43 292
44 4 676
4 45 180
46 4 709
4 47 989
4 48 453
4 49 663
50 4 168
4 51 402
52 4 740
4 53 673
54 4 369
4 55 345
56 4 295
57 4 205
58 4 236
59 4 125
4 60 91
4 61 110
4 62 924
63 4 692
4 64 760
65 4 806
4 66 931
67 4 801
4 68 88
4 69 169
280 119 816
4 71 243
72 4 308
73 4 159
74 4 188
75 4 53
76 4 95
77 4 253
78 4 668
79 4 652
80 4 704
81 4 236
82 4 482
83 4 484
4 84 269
85 4 145
86 4 28
4 87 900
88 4 251
4 89 516
90 4 659
91 4 477
92 4 759
93 4 65
4 94 798
4 95 766
4 96 176
97 4 642
466 94 364
99 4 883
4 100 954
101 4 802
102 4 845
103 4 226
104 4 396
105 4 451
106 4 810
4 107 580
4 108 251
4 109 177
4 110 737
111 4 674
4 112 525
113 4 598
4 114 890
115 4 958
116 4 111
4 117 836
118 4 812
119 4 445
120 4 880
4 121 886
4 122 121
123 4 484
124 4 307
125 4 151
4 126 925
127 4 456
128 4 865
129 4 112
4 130 275
131 4 892
132 4 157
133 4 47
134 4 440
135 4 967
136 4 326
137 4 267
138 4 406
139 4 59
140 4 288
4 141 441
142 4 739
4 143 359
4 144 747
145 4 386
4 146 159
4 147 342
148 4 314
4 149 426
1000
139 350
139 207
139 230
139 60
139 229
139 454
139 440
139 19
139 488
139 206
139 157
139 12
139 452
139 73
139 238
139 4
139 311
139 143
139 336
139 484
139 469
139 375
139 204
139 314
139 332
139 220
139 123
139 270
139 288
139 152
139 365
139 21
139 410
139 443
139 413
139 236
139 184
139 120
139 39
139 292
139 183
139 5
139 395
139 339
139 211
139 410
139 212
139 245
139 157
139 6
139 21
139 27
139 335
139 472
139 389
139 38
139 161
139 21
139 259
139 487
139 349
139 84
139 286
139 308
139 51
139 380
139 373
139 5
139 357
139 459
139 238
139 235
139 147
139 45
139 118
139 247
139 63
139 104
139 230
139 102
139 17
139 497
139 492
139 258
139 170
139 389
139 431
139 359
139 244
139 72
139 405
139 22
139 303
139 476
139 3
139 336
139 209
139 94
139 234
139 463
139 34
139 314
139 414
139 322
139 384
139 418
139 406
139 344
139 99
139 347
139 170
139 297
139 453
139 206
139 171
139 186
139 2
139 331
139 58
139 469
139 284
139 164
139 375
139 313
139 443
139 498
139 225
139 413
139 456
139 341
139 347
139 469
139 265
139 359
139 96
139 119
139 210
139 153
139 275
139 422
139 469
139 199
139 127
139 289
139 390
139 411
139 199
139 480
139 63
139 134
139 233
139 500
139 240
139 329
139 303
139 146
139 463
139 428
139 492
139 128
139 424
139 269
139 10
139 341
139 201
139 33
139 6
139 32
139 126
139 300
139 269
139 205
139 488
139 88
139 416
139 302
139 469
139 102
139 260
139 122
139 353
139 158
139 390
139 108
139 402
139 227
139 319
139 196
139 368
139 300
139 220
139 223
139 153
139 70
139 6
139 138
139 461
139 275
139 170
139 27
139 466
139 364
139 328
139 29
139 124
139 50
139 43
139 155
139 460
139 22
139 206
139 193
139 316
139 148
139 276
139 153
139 121
139 145
139 77
139 318
139 443
139 424
139 429
139 387
139 3
139 108
139 234
139 208
139 227
139 483
139 382
139 362
139 87
139 118
139 296
139 327
139 445
139 157
139 366
139 322
139 401
139 6
139 398
139 50
139 260
139 322
139 403
139 79
139 248
139 209
139 495
139 134
139 422
139 225
139 211
139 20
139 178
139 55
139 452
139 267
139 189
139 300
139 7
139 451
139 265
139 276
139 369
139 437
139 134
139 401
139 39
139 310
139 446
139 228
139 458
139 155
139 321
139 97
139 139
139 146
139 337
139 450
139 467
139 251
139 302
139 464
139 194
139 171
139 110
139 227
139 211
139 239
139 385
139 86
139 270
139 272
139 268
139 267
139 331
139 464
139 369
139 46
139 21
139 455
139 177
139 290
139 487
139 2
139 47
139 193
139 384
139 18
139 435
139 184
139 135
139 284
139 319
139 403
139 454
139 330
139 167
139 296
139 359
139 304
139 137
139 372
139 405
139 183
139 12
139 316
139 490
139 376
139 5
139 152
139 443
139 124
139 464
139 422
139 481
139 233
139 278
139 2
139 85
139 459
139 49
139 407
139 284
139 107
139 422
139 428
139 375
139 314
139 137
139 267
139 135
139 238
139 391
139 224
139 81
139 498
139 154
139 181
139 178
139 261
139 270
139 19
139 211
139 51
139 80
139 350
139 405
139 417
139 234
139 317
139 368
139 229
139 261
139 479
139 199
139 259
139 469
139 145
139 358
139 67
139 475
139 174
139 137
139 196
139 417
139 141
139 475
139 15
139 200
139 355
139 355
139 367
139 407
139 391
139 252
139 367
139 342
139 472
139 289
139 327
139 7
139 40
139 172
139 212
139 470
139 99
139 198
139 119
139 193
139 476
139 397
139 14
139 319
139 330
139 224
139 344
139 9
139 54
139 117
139 412
139 167
139 327
139 373
139 330
139 118
139 48
139 373
139 280
139 136
139 483
139 302
139 437
139 358
139 352
139 117
139 184
139 415
139 285
139 359
139 405
139 215
139 451
139 437
139 381
139 400
139 371
139 372
139 473
139 17
139 285
139 48
139 235
139 239
139 99
139 152
139 190
139 214
139 498
139 28
139 129
139 488
139 414
139 48
139 397
139 37
139 17
139 479
139 117
139 134
139 4
139 48
139 435
139 393
139 460
139 222
139 229
139 162
139 385
139 188
139 147
139 323
139 177
139 337
139 274
139 228
139 444
139 300
139 468
139 283
139 117
139 447
139 192
139 228
139 247
139 132
139 333
139 173
139 239
139 282
139 239
139 470
139 168
139 395
139 331
139 144
139 369
139 500
139 222
139 357
139 8
139 386
139 434
139 425
139 89
139 194
139 455
139 418
139 99
139 145
139 38
139 225
139 497
139 388
139 264
139 317
139 472
139 260
139 294
139 150
139 391
139 470
139 142
139 230
139 133
139 58
139 80
139 308
139 287
139 379
139 1
139 437
139 228
139 61
139 162
139 385
139 203
139 272
139 148
139 382
139 358
139 79
139 317
139 491
139 258
139 222
139 37
139 376
139 299
139 109
139 173
139 452
139 339
139 118
139 42
139 284
139 55
139 331
139 473
139 318
139 487
139 439
139 76
139 166
139 61
139 84
139 95
139 202
139 190
139 308
139 479
139 98
139 438
139 490
139 89
139 491
139 192
139 4
139 322
139 335
139 26
139 247
139 88
139 255
139 64
139 4
139 395
139 259
139 301
139 212
139 4
139 424
139 299
139 492
139 216
139 28
139 123
139 73
139 133
139 279
139 474
139 48
139 102
139 251
139 492
139 386
139 418
139 60
139 322
139 436
139 41
139 152
139 339
139 150
139 40
139 187
139 70
139 471
139 425
139 198
139 229
139 491
139 48
139 131
139 321
139 414
139 437
139 391
139 342
139 499
139 16
139 326
139 382
139 393
139 327
139 481
139 250
139 251
139 212
139 162
139 302
139 240
139 445
139 45
139 265
139 359
139 338
139 296
139 1
139 159
139 280
139 371
139 346
139 450
139 152
139 40
139 479
139 262
139 356
139 331
139 182
139 358
139 259
139 17
139 452
139 448
139 432
139 196
139 441
139 141
139 295
139 77
139 267
139 418
139 166
139 71
139 287
139 320
139 32
139 478
139 74
139 424
139 268
139 437
139 436
139 115
139 398
139 157
139 315
139 310
139 119
139 92
139 431
139 45
139 384
139 134
139 167
139 303
139 203
139 340
139 190
139 272
139 236
139 40
139 365
139 193
139 83
139 459
139 11
139 494
139 460
139 29
139 79
139 498
139 61
139 351
139 307
139 392
139 41
139 351
139 403
139 491
139 147
139 173
139 181
139 250
139 62
139 163
139 14
139 340
139 206
139 278
139 123
139 104
139 317
139 109
139 196
139 40
139 90
139 191
139 291
139 109
139 260
139 449
139 289
139 205
139 159
139 111
139 398
139 83
139 420
139 494
139 461
139 453
139 253
139 380
139 160
139 168
139 45
139 482
139 91
139 293
139 151
139 396
139 469
139 497
139 371
139 351
139 420
139 333
139 474
139 281
139 321
139 66
139 325
139 306
139 140
139 184
139 422
139 292
139 255
139 138
139 17
139 459
139 235
139 248
139 299
139 296
139 413
139 15
139 405
139 333
139 453
139 55
139 208
139 163
139 421
139 167
139 238
139 414
139 341
139 34
139 475
139 435
139 323
139 239
139 428
139 232
139 132
139 485
139 170
139 113
139 301
139 179
139 262
139 12
139 171
139 4
139 390
139 377
139 6
139 194
139 242
139 6
139 163
139 359
139 375
139 139
139 325
139 378
139 494
139 438
139 199
139 289
139 221
139 495
139 367
139 233
139 163
139 219
139 478
139 499
139 267
139 80
139 56
139 240
139 401
139 274
139 219
139 29
139 466
139 279
139 60
139 7
139 480
139 151
139 99
139 23
139 42
139 340
139 294
139 494
139 487
139 110
139 322
139 417
139 87
139 351
139 96
139 368
139 76
139 279
139 336
139 402
139 133
139 124
139 92
139 307
139 21
139 126
139 396
139 383
139 88
139 126
139 391
139 297
139 411
139 430
139 492
139 304
139 227
139 318
139 349
139 331
139 457
139 280
139 362
139 73
139 167
139 108
139 345
139 281
139 385
139 152
139 327
139 410
139 156
139 168
139 313
139 430
139 245
139 394
139 75
139 370
139 106
139 114
139 335
139 384
139 27
139 318
139 381
139 23
139 404
139 390
139 428
139 365
139 73
139 299
139 419
139 243
139 360
139 55
139 24
139 190
139 239
139 58
139 3
139 251
139 160
139 406
139 74
139 91
139 135
139 411
139 410
139 306
139 237
139 179
139 312
139 399
139 463
139 74
139 336
139 94
139 27
139 350
139 356
139 84
139 197
139 183
139 277
139 37
139 306
139 398
139 207
139 112
139 31
139 333
139 56
139 181
139 441
139 285
139 21
139 296
139 162
139 437
139 327
139 336
139 201
139 301
139 318
139 24
139 9
139 152
139 372
139 134
139 194
