500 2045 1 4388
1
189939652
1 2 81
1 3 694
1 4 986
5 1 542
1 6 63
7 1 619
8 1 812
9 1 959
1 10 735
11 1 519
282 492 140
1 13 391
14 1 898
15 1 770
1 16 853
1 17 895
1 18 982
19 1 62
1 20 337
1 21 124
1 22 847
1 23 371
24 1 60
25 1 919
26 1 905
27 1 629
28 1 884
29 1 652
30 1 479
31 1 49
1 32 984
33 1 670
1 34 791
35 1 916
69 362 581
1 37 882
1 38 20
39 1 868
40 1 738
1 41 767
1 42 507
1 43 620
1 44 286
45 1 404
1 46 518
1 47 629
48 1 300
1 49 290
1 50 428
51 1 872
1 52 262
53 1 870
54 1 151
1 55 684
1 56 783
57 1 545
1 58 980
1 59 318
60 1 872
61 1 896
62 1 263
1 63 468
64 1 436
1 65 123
66 1 460
67 1 433
1 68 355
69 1 666
1 70 15
71 1 925
72 1 91
73 1 739
1 74 61
75 1 738
76 1 570
1 77 446
78 1 705
79 1 568
80 1 998
81 1 666
82 1 24
83 1 257
1 84 901
1 85 668
1 86 21
1 87 814
88 1 813
1 89 775
90 1 254
91 1 496
1 92 461
1 93 391
94 1 580
95 1 287
1 96 994
1 97 453
98 1 687
99 1 23
100 1 875
1 101 334
102 1 48
103 1 718
104 1 990
105 1 636
106 1 70
1 107 112
108 1 625
109 1 643
1 110 738
1 111 227
112 1 497
113 1 517
1 114 82
115 1 771
1 116 118
117 1 599
1 118 753
1 119 207
120 1 221
1 121 186
122 1 981
1 123 778
1 124 821
1 125 819
1 126 944
1 127 939
128 1 619
1 129 651
130 1 737
1 131 653
1 132 790
133 1 783
1 134 208
1 135 352
1 136 435
137 1 305
138 1 461
139 1 158
1 140 354
1 141 661
1 142 145
1 143 447
144 1 151
145 1 149
146 1 851
1 147 301
1 148 34
149 1 182
1 150 772
151 1 913
152 1 591
1 153 673
1 154 819
1 155 100
1 156 775
157 1 130
1 158 115
1 159 95
1 160 69
1 161 796
1 162 968
163 1 235
1 164 666
165 1 604
166 1 974
167 1 498
168 1 186
169 1 538
1 170 266
171 1 884
172 1 709
1 173 691
174 1 318
175 1 211
176 1 151
177 1 105
178 1 361
1 179 408
180 1 776
181 1 593
1 182 749
1 183 851
184 1 20
1 185 308
1 186 432
1 187 127
1 188 227
189 1 799
190 1 763
1 191 587
1 192 906
1 193 131
1 194 814
195 1 66
1 196 257
1 197 821
1 198 898
1 199 276
1 200 700
201 1 839
202 1 661
203 1 867
204 1 90
1 205 573
206 1 698
207 1 263
1 208 193
209 1 33
1 210 494
1 211 98
1 212 295
1 213 208
214 1 628
215 1 813
216 1 74
217 1 43
218 1 90
1 219 921
220 1 258
221 1 263
1 222 2
1 223 783
1 224 274
225 1 437
226 1 602
227 1 593
1 228 754
229 1 418
1 230 460
231 1 982
232 1 984
1 233 32
234 1 79
235 1 986
1 236 546
1 237 76
238 1 340
1 239 491
240 1 485
1 241 910
1 242 777
243 1 253
244 1 34
245 1 308
1 246 570
1 247 935
248 1 883
249 1 143
250 1 635
1 251 308
1 252 827
253 1 988
254 1 39
1 255 100
1 256 387
257 1 28
1 258 380
1 259 200
1 260 838
261 1 100
1 262 117
1 263 641
264 1 390
265 1 358
1 266 983
1 267 913
464 97 396
269 1 902
1 270 700
1 271 480
1 272 996
273 1 503
274 1 891
1 275 577
276 1 438
277 1 620
278 1 405
1 279 570
1 280 727
1 281 678
49 92 218
283 1 744
284 1 230
1 285 244
286 1 762
287 1 336
1 288 415
1 289 959
1 290 181
1 291 199
292 1 451
293 1 778
1 294 548
1 295 380
296 1 774
1 297 456
1 298 645
299 1 88
1 300 128
301 1 541
302 1 754
303 1 589
1 304 845
1 305 964
306 1 563
1 307 332
1 308 781
1 309 904
1 310 519
311 1 821
312 1 28
1 313 979
314 1 607
1 315 611
1 316 275
317 1 858
318 1 60
1 319 485
320 1 765
1 321 382
322 1 108
1 323 463
1 324 227
1 325 852
1 326 537
1 327 567
328 1 609
329 1 622
1 330 889
1 331 664
332 1 542
1 333 377
334 1 991
1 335 330
336 1 832
1 337 85
159 322 385
1 339 728
1 340 478
341 1 328
342 1 440
1 343 616
1 344 180
345 1 427
1 346 779
347 1 871
348 1 810
1 349 915
350 1 764
351 1 371
1 352 693
353 1 537
354 1 945
1 355 647
356 1 613
357 1 531
358 1 612
1 359 954
360 1 638
361 1 81
362 1 796
363 1 976
1 364 663
365 1 304
366 1 514
367 1 759
368 1 77
369 1 66
370 1 645
371 1 668
372 1 401
1 373 437
374 1 150
1 375 252
1 376 750
377 1 184
1 378 404
1 379 899
380 1 132
381 1 945
382 1 274
383 1 704
384 1 328
385 1 705
386 1 180
1 387 631
1 388 434
389 1 469
1 390 390
391 1 78
1 392 837
393 1 295
394 1 125
1 395 456
1 396 522
397 1 116
1 398 627
399 1 693
400 1 29
401 1 332
1 402 727
403 1 432
404 1 815
1 405 621
406 1 931
1 407 215
1 408 898
409 1 728
1 410 877
1 411 791
412 1 336
1 413 706
1 414 718
1 415 134
1 416 757
417 1 565
418 1 662
419 1 175
1 420 944
1 421 756
422 1 678
423 1 665
424 1 854
425 1 794
1 426 908
1 427 912
1 428 159
1 429 652
1 430 771
431 1 43
1 432 319
433 1 954
434 1 784
1 435 372
1 436 774
437 1 402
438 1 742
439 1 995
1 440 329
441 1 325
1 442 611
1 443 324
1 444 511
1 445 817
1 446 993
1 447 84
1 448 68
1 449 645
1 450 526
1 451 679
1 452 81
1 453 376
1 454 548
1 455 901
1 456 418
457 1 858
1 458 265
1 459 417
460 1 743
1 461 312
1 462 560
463 1 561
464 1 699
1 465 597
466 1 95
467 1 417
468 1 96
469 1 596
1 470 719
1 471 344
1 472 945
1 473 431
1 474 271
1 475 440
1 476 575
1 477 275
1 478 33
1 479 746
480 1 325
1 481 41
482 1 732
483 1 432
1 484 172
1 485 47
1 486 416
1 487 986
1 488 296
1 489 413
490 1 789
1 491 402
492 1 352
434 483 177
1 494 284
495 1 127
1 496 522
1 497 467
498 1 228
1 499 726
1 500 492
3 2 457
4 2 559
2 5 524
6 2 636
2 7 692
2 8 570
2 9 357
10 2 10
2 11 50
12 2 680
13 2 273
14 2 537
344 267 682
2 16 872
17 2 513
2 18 281
19 2 803
2 20 539
21 2 238
22 2 152
23 2 173
24 2 375
25 2 467
26 2 260
27 2 686
2 28 470
2 29 646
30 2 954
31 2 686
32 2 239
381 479 979
2 34 491
2 35 827
2 36 396
37 2 281
38 2 402
39 2 422
40 2 611
41 2 891
2 42 351
43 2 429
2 44 150
45 2 807
2 46 383
2 47 511
48 2 83
2 49 539
50 2 841
224 120 547
2 52 652
53 2 803
54 2 418
2 55 161
2 56 247
2 57 468
58 2 730
367 141 495
60 2 743
2 61 805
2 62 325
63 2 933
2 64 841
2 65 208
66 2 436
67 2 321
68 2 968
69 2 166
2 70 409
71 2 612
2 72 602
2 73 104
74 2 630
2 75 84
2 76 769
2 77 919
2 78 319
79 2 944
80 2 139
2 81 92
2 82 891
2 83 895
2 84 315
85 2 928
86 2 239
87 2 209
88 2 821
89 2 478
90 2 139
2 91 884
2 92 229
93 2 772
2 94 131
2 95 648
96 2 737
2 97 614
98 2 63
2 99 668
2 100 91
101 2 859
2 102 339
2 103 527
2 104 312
105 2 702
106 2 304
107 2 511
2 108 379
2 109 230
110 2 369
111 2 814
112 2 658
113 2 86
114 2 959
407 357 959
116 2 736
117 2 390
2 118 886
119 2 734
120 2 994
2 121 832
2 122 413
123 2 173
124 2 10
125 2 692
2 126 378
2 127 496
128 2 471
2 129 732
2 130 748
131 2 314
2 132 395
2 133 24
134 2 863
2 135 493
136 2 396
2 137 28
138 2 995
2 139 943
140 2 27
141 2 933
2 142 118
143 2 543
144 2 280
145 2 408
2 146 509
2 147 492
2 148 188
149 2 323
2 150 103
151 2 254
2 152 661
2 153 754
154 2 74
155 2 523
156 2 110
2 157 947
2 158 172
2 159 764
160 2 564
161 2 106
2 162 899
2 163 205
2 164 162
2 165 926
166 2 821
2 167 64
168 2 982
2 169 114
170 2 810
2 171 787
172 2 353
173 2 821
2 174 588
175 2 453
176 2 339
2 177 794
2 178 822
2 179 581
180 2 558
2 181 33
182 2 850
183 2 307
184 2 614
185 2 964
2 186 193
2 187 637
2 188 255
2 189 579
190 2 600
2 191 476
2 192 671
2 193 849
194 2 989
2 195 892
2 196 599
197 2 884
198 2 406
2 199 207
200 2 526
2 201 385
202 2 346
203 2 755
2 204 478
205 2 261
206 2 877
207 2 311
2 208 149
209 2 597
2 210 81
2 211 522
2 212 198
213 2 655
2 214 960
215 2 828
2 216 869
217 2 991
218 2 347
2 219 859
2 220 591
2 221 155
222 2 862
2 223 768
2 224 559
225 2 911
2 226 305
2 227 111
228 2 122
2 229 554
230 2 832
231 2 547
232 2 868
2 233 791
2 234 988
235 2 919
236 2 673
237 2 789
238 2 481
2 239 662
240 2 213
2 241 872
2 242 262
2 243 724
2 244 252
2 245 389
2 246 304
2 247 378
248 2 915
2 249 786
250 2 174
251 2 710
2 252 557
2 253 292
2 254 726
255 2 736
2 256 567
2 257 294
258 2 479
2 259 335
2 260 572
2 261 657
2 262 373
263 2 354
2 264 25
2 265 702
2 266 473
2 267 416
2 268 682
269 2 246
270 2 174
2 271 784
2 272 652
273 2 155
2 274 813
2 275 273
2 276 193
2 277 332
278 2 354
279 2 436
280 2 983
2 281 869
282 2 380
283 2 501
284 2 721
285 2 772
286 2 977
2 287 877
2 288 276
2 289 397
290 2 560
291 2 675
292 2 787
293 2 71
2 294 429
2 295 302
2 296 604
297 2 29
298 2 960
2 299 789
2 300 569
2 301 271
302 2 926
303 2 895
304 2 992
305 2 310
306 2 311
307 2 819
2 308 571
2 309 963
310 2 774
2 311 642
312 2 673
313 2 504
314 2 5
2 315 608
2 316 563
2 317 957
318 2 446
319 2 742
320 2 112
321 2 277
2 322 538
323 2 891
2 324 433
325 2 462
326 2 510
2 327 150
2 328 173
2 329 69
330 2 225
331 2 134
2 332 959
333 2 144
2 334 472
335 2 842
336 2 883
337 2 58
338 2 523
2 339 505
2 340 877
2 341 154
342 2 301
343 2 732
344 2 465
2 345 276
2 346 999
2 347 39
348 2 964
349 2 414
350 2 309
2 351 796
352 2 354
353 2 533
2 354 279
2 355 87
356 2 325
357 2 982
358 2 162
359 2 411
360 2 869
361 2 509
2 362 173
2 363 139
2 364 27
2 365 817
366 2 588
2 367 82
2 368 980
369 2 445
370 2 257
371 2 468
372 2 108
2 373 753
2 374 934
375 2 954
376 2 560
377 2 728
2 378 860
2 379 202
2 380 731
2 381 704
382 2 463
2 383 869
2 384 298
2 385 612
2 386 831
387 2 504
388 2 528
2 389 829
2 390 488
391 2 275
2 392 739
2 393 709
2 394 899
395 2 29
2 396 445
397 2 450
2 398 291
2 399 557
400 2 939
2 401 282
2 402 897
2 403 827
2 404 770
2 405 265
2 406 561
407 2 229
2 408 701
409 2 172
410 2 722
411 2 442
412 2 264
2 413 25
414 2 154
2 415 563
416 2 816
2 417 869
418 2 864
419 2 405
420 2 513
2 421 965
2 422 472
423 2 896
2 424 223
2 425 757
2 426 787
427 2 91
428 2 965
429 2 684
430 2 636
2 431 605
432 2 913
2 433 518
2 434 636
2 435 254
436 2 765
437 2 785
438 2 438
439 2 636
440 2 120
2 441 296
2 442 764
443 2 806
444 2 3
445 2 899
446 2 728
2 447 117
448 2 453
449 2 285
2 450 836
451 2 406
452 2 728
453 2 901
2 454 179
455 2 81
2 456 225
2 457 989
2 458 221
459 2 453
2 460 427
461 2 870
462 2 255
2 463 970
2 464 645
465 2 738
466 2 32
2 467 477
2 468 120
2 469 41
2 470 230
471 2 23
2 472 330
2 473 237
2 474 175
475 2 998
476 2 549
477 2 45
2 478 208
479 2 875
480 2 360
2 481 302
482 2 514
483 2 731
2 484 69
2 485 325
2 486 975
2 487 278
2 488 954
2 489 326
490 2 602
491 2 459
492 2 416
493 2 73
494 2 612
495 2 378
2 496 615
2 497 383
2 498 560
2 499 728
2 500 256
4 3 977
3 5 384
3 6 711
7 3 393
8 3 282
3 9 637
10 3 323
11 3 85
3 12 976
13 3 491
14 3 462
15 3 929
3 16 791
3 17 858
18 3 876
19 3 720
20 3 381
21 3 366
3 22 816
23 3 712
3 24 911
3 25 360
26 3 606
3 27 515
28 3 27
29 3 492
3 30 223
31 3 535
3 32 788
3 33 473
3 34 32
3 35 798
36 3 730
37 3 372
38 3 594
39 3 415
40 3 759
41 3 597
42 3 132
43 3 923
3 44 74
3 45 567
3 46 981
47 3 961
48 3 632
49 3 900
50 3 994
3 51 202
52 3 318
3 53 480
54 3 198
3 55 637
56 3 384
57 3 89
58 3 861
59 3 373
3 60 22
61 3 638
62 3 424
63 3 22
3 64 922
3 65 493
66 3 708
3 67 251
3 68 459
69 3 498
3 70 906
71 3 499
3 72 460
3 73 943
3 74 929
3 75 688
76 3 333
3 77 870
78 3 632
79 3 798
80 3 433
81 3 201
3 82 844
83 3 210
84 3 447
85 3 35
86 3 840
87 3 105
3 88 138
3 89 613
3 90 368
91 3 756
92 3 313
3 93 642
3 94 517
3 95 995
96 3 663
97 3 378
98 3 676
3 99 966
3 100 292
101 3 371
102 3 183
103 3 222
104 3 834
3 105 611
106 3 730
107 3 178
3 108 152
109 3 440
110 3 511
3 111 786
112 3 267
113 3 632
114 3 203
3 115 256
116 3 32
3 117 457
3 118 606
3 119 450
120 3 876
3 121 674
122 3 887
123 3 138
3 124 196
3 125 744
3 126 694
3 127 166
3 128 157
3 129 826
130 3 712
131 3 504
132 3 589
3 133 502
134 3 575
3 135 998
3 136 136
137 3 66
3 138 247
3 139 75
140 3 164
350 406 747
142 3 298
143 3 973
144 3 813
145 3 913
3 146 189
3 147 533
361 496 770
149 3 569
3 150 665
3 151 586
3 152 518
153 3 426
3 154 139
3 155 518
3 156 40
157 3 473
158 3 916
3 159 791
3 160 579
3 161 149
3 162 985
3 163 623
164 3 959
3 165 443
166 3 932
3 167 381
3 168 270
3 169 435
170 3 665
3 171 482
172 3 736
173 3 297
3 174 226
3 175 757
3 176 367
3 177 445
3 178 908
3 179 88
3 180 555
181 3 275
3 182 912
183 3 480
3 184 464
185 3 228
3 186 555
3 187 848
188 3 907
189 3 219
3 190 526
191 3 87
192 3 545
193 3 537
194 3 46
195 3 973
3 196 552
197 3 130
198 3 837
199 3 362
200 3 900
201 3 606
202 3 327
203 3 896
204 3 987
3 205 73
206 3 286
3 207 380
208 3 50
209 3 811
210 3 23
3 211 705
212 3 133
213 3 240
3 214 947
215 3 764
3 216 114
3 217 952
3 218 719
219 3 97
220 3 271
3 221 112
3 222 612
223 3 684
376 316 176
302 316 584
226 3 263
3 227 81
228 3 139
229 3 172
230 3 482
3 231 206
232 3 923
3 233 971
234 3 417
235 3 459
236 3 144
237 3 627
238 3 103
239 3 473
3 240 620
3 241 523
242 3 334
243 3 456
3 244 168
245 3 934
3 246 90
3 247 991
3 248 357
3 249 199
3 250 679
3 251 248
252 3 340
3 253 736
3 254 350
3 255 593
256 3 975
257 3 913
258 3 709
3 259 356
3 260 437
3 261 144
3 262 804
3 263 503
3 264 914
3 265 355
266 3 984
267 3 85
268 3 460
269 3 263
3 270 835
271 3 556
272 3 479
273 3 269
274 3 434
3 275 669
276 3 458
3 277 447
278 3 454
3 279 375
3 280 184
281 3 488
3 282 164
283 3 797
3 284 720
3 285 841
286 3 349
287 3 227
3 288 430
3 289 133
3 290 254
3 291 636
3 292 359
3 293 326
294 3 937
295 3 943
3 296 537
3 297 533
298 3 659
3 299 421
3 300 865
301 3 782
302 3 884
3 303 581
304 3 618
3 305 569
3 306 354
307 3 729
308 3 285
309 3 755
3 310 926
311 3 350
312 3 323
3 313 259
314 3 701
315 3 816
3 316 973
317 3 437
3 318 488
319 3 595
3 320 221
3 321 706
3 322 572
371 411 643
324 3 298
325 3 966
3 326 651
327 3 909
328 3 352
3 329 641
3 330 738
331 3 620
3 332 22
3 333 887
3 334 409
3 335 357
336 3 54
3 337 216
338 3 590
3 339 563
340 3 848
3 341 136
342 3 434
3 343 636
3 344 583
345 3 840
346 3 98
347 3 953
348 3 162
349 3 283
3 350 367
3 351 970
3 352 269
353 3 218
354 3 487
3 355 312
356 3 573
3 357 145
358 3 946
359 3 242
3 360 840
3 361 879
362 3 861
3 363 833
364 3 507
3 365 522
366 3 978
367 3 19
368 3 649
3 369 305
3 370 558
371 3 867
372 3 563
373 3 576
374 3 410
375 3 895
376 3 923
377 3 327
127 387 443
379 3 425
380 3 615
3 381 156
382 3 602
3 383 999
3 384 132
3 385 596
3 386 877
387 3 620
388 3 617
3 389 270
499 236 404
3 391 324
392 3 408
393 3 288
3 394 93
395 3 556
396 3 264
3 397 392
398 3 968
3 399 351
400 3 381
3 401 316
402 3 283
403 3 354
404 3 646
405 3 986
406 3 63
407 3 57
3 408 591
409 3 545
3 410 321
411 3 903
3 412 821
413 3 110
414 3 842
3 415 235
416 3 700
3 417 217
3 418 768
3 419 13
3 420 876
192 386 749
422 3 963
3 423 365
424 3 664
3 425 83
426 3 416
3 427 933
3 428 382
3 429 367
430 3 810
431 3 66
3 432 722
433 3 298
3 434 68
435 3 558
3 436 914
3 437 614
438 3 672
439 3 65
3 440 435
441 3 797
442 3 427
3 443 284
3 444 507
3 445 59
446 3 206
3 447 588
448 3 197
449 3 327
450 3 199
451 3 565
452 3 408
3 453 102
454 3 134
455 3 468
3 456 928
457 3 640
458 3 384
3 459 396
3 460 12
3 461 553
462 3 280
3 463 410
3 464 374
465 3 809
3 466 321
467 3 561
468 3 454
3 469 213
75 331 893
471 3 199
3 472 527
473 3 532
474 3 865
475 3 710
476 3 817
3 477 234
478 3 638
479 3 940
3 480 445
481 3 584
482 3 34
3 483 963
3 484 540
485 3 234
486 3 605
487 3 690
3 488 185
489 3 384
490 3 437
3 491 610
3 492 754
493 3 429
3 494 202
3 495 273
496 3 587
3 497 923
3 498 618
3 499 451
3 500 562
5 4 541
6 4 814
7 4 276
4 8 716
4 9 748
10 4 611
4 11 591
4 12 39
4 13 803
4 14 699
4 15 914
4 16 38
17 4 19
18 4 881
4 19 168
20 4 953
4 21 496
4 22 672
4 23 893
24 4 746
4 25 217
26 4 405
4 27 326
4 28 720
4 29 508
4 30 48
4 31 23
32 4 600
4 33 647
4 34 584
35 4 642
36 4 743
37 4 752
87 228 108
39 4 167
4 40 577
4 41 375
316 282 762
43 4 926
4 44 413
4 45 999
46 4 987
47 4 655
48 4 335
4 49 208
50 4 317
4 51 762
4 52 341
4 53 368
54 4 872
4 55 887
56 4 139
4 57 589
4 58 634
4 59 616
60 4 847
61 4 276
62 4 827
4 63 810
4 64 861
65 4 574
66 4 833
4 67 912
68 4 844
4 69 406
70 4 494
4 71 112
72 4 454
4 73 652
4 74 61
4 75 75
234 380 916
4 77 997
4 78 960
4 79 729
80 4 616
4 81 368
62 473 885
4 83 811
4 84 386
4 85 98
4 86 524
4 87 7
4 88 956
4 89 763
4 90 147
91 4 56
4 92 990
93 4 639
4 94 138
95 4 52
4 96 250
97 4 159
98 4 992
99 4 316
100 4 889
101 4 301
4 102 636
103 4 967
4 104 708
105 4 339
106 4 540
4 107 15
4 108 955
109 4 293
110 4 937
4 111 474
112 4 666
113 4 562
114 4 761
4 115 98
4 116 343
4 117 55
118 4 164
4 119 238
120 4 542
121 4 180
122 4 360
4 123 535
124 4 181
4 125 389
4 126 150
4 127 740
4 128 656
129 4 370
4 130 234
4 131 902
132 4 598
4 133 975
4 134 198
135 4 236
136 4 938
4 137 765
4 138 551
4 139 633
140 4 419
4 141 399
142 4 15
4 143 449
144 4 508
4 145 582
4 146 770
147 4 248
4 148 380
4 149 846
150 4 721
4 151 74
4 152 416
153 4 774
218 462 546
155 4 476
4 156 780
4 157 788
158 4 757
159 4 994
160 4 206
161 4 567
4 162 224
227 250 711
164 4 675
4 165 651
4 166 565
4 167 632
168 4 512
4 169 897
170 4 463
171 4 137
4 172 690
173 4 220
4 174 160
4 175 214
176 4 278
457 41 20
178 4 350
4 179 675
180 4 394
181 4 303
182 4 778
183 4 309
4 184 314
4 185 323
4 186 319
187 4 343
4 188 964
189 4 350
190 4 561
4 191 646
192 4 204
4 193 830
194 4 611
4 195 941
4 196 161
197 4 497
4 198 631
4 199 298
4 200 582
418 415 615
4 202 203
203 4 791
4 204 674
4 205 42
4 206 702
4 207 354
4 208 760
209 4 909
210 4 135
211 4 645
212 4 504
4 213 218
214 4 327
4 215 703
4 216 268
4 217 402
218 4 993
4 219 608
220 4 172
221 4 914
4 222 353
223 4 313
4 224 162
4 225 888
226 4 914
4 227 18
4 228 39
229 4 634
4 230 751
4 231 130
4 232 884
233 4 631
4 234 315
4 235 964
4 236 842
4 237 627
238 4 193
239 4 996
240 4 811
241 4 552
242 4 772
4 243 845
4 244 246
245 4 736
246 4 688
247 4 166
4 248 87
249 4 524
250 4 800
4 251 336
252 4 788
4 253 872
4 254 213
255 4 658
256 4 537
257 4 868
258 4 214
259 4 662
4 260 509
4 261 532
4 262 842
4 263 393
4 264 627
265 4 617
4 266 679
267 4 550
4 268 730
269 4 199
270 4 231
4 271 596
4 272 774
273 4 373
274 4 342
4 275 332
4 276 892
4 277 744
4 278 453
4 279 852
4 280 162
281 4 727
282 4 706
4 283 814
4 284 548
285 4 728
286 4 766
287 4 89
4 288 200
289 4 10
290 4 501
4 291 639
292 4 892
4 293 377
294 4 602
295 4 438
296 4 698
4 297 510
4 298 392
4 299 847
4 300 619
4 301 180
4 302 538
303 4 178
4 304 225
4 305 940
306 4 548
4 307 168
308 4 883
4 309 586
310 4 407
4 311 175
4 312 557
313 4 61
4 314 185
82 401 42
4 316 717
4 317 675
4 318 955
319 4 351
4 320 383
4 321 347
322 4 457
323 4 967
4 324 450
325 4 713
4 326 565
4 327 593
328 4 225
329 4 757
330 4 37
4 331 15
332 4 955
4 333 292
334 4 705
4 335 287
336 4 572
4 337 974
4 338 854
4 339 739
340 4 922
4 341 966
4 342 477
4 343 2
344 4 592
345 4 350
4 346 972
4 347 933
348 4 630
349 4 984
350 4 164
4 351 754
4 352 55
4 353 781
4 354 721
4 355 637
4 356 593
4 357 154
358 4 22
359 4 434
4 360 393
4 361 126
4 362 638
4 363 36
4 364 532
4 365 878
4 366 180
4 367 610
368 4 407
369 4 826
370 4 644
4 371 380
372 4 753
4 373 685
374 4 855
4 375 970
4 376 652
377 4 88
378 4 883
379 4 861
4 380 167
381 4 199
4 382 329
4 383 244
4 384 414
4 385 490
386 4 597
387 4 545
4 388 688
133 445 190
390 4 202
4 391 730
392 4 17
4 393 282
394 4 643
4 395 296
396 4 662
397 4 83
4 398 731
4 399 523
400 4 667
4 401 464
4 402 214
403 4 435
404 4 96
4 405 254
406 4 190
4 407 273
408 4 87
4 409 149
4 410 143
4 411 492
412 4 96
413 4 849
4 414 818
415 4 381
4 416 342
4 417 386
4 418 158
419 4 555
420 4 160
421 4 28
422 4 394
423 4 831
424 4 201
4 425 736
4 426 61
4 427 778
428 4 423
4 429 113
4 430 759
4 431 378
4 432 95
433 4 272
434 4 877
4 435 777
4 436 968
437 4 945
438 4 424
439 4 390
440 4 844
441 4 684
4 442 446
443 4 617
444 4 2
445 4 876
4 446 192
447 4 83
448 4 14
4 449 643
4 450 611
451 4 236
452 4 200
453 4 676
454 4 479
455 4 99
4 456 913
4 457 616
4 458 771
459 4 554
4 460 97
4 461 586
4 462 439
4 463 928
464 4 556
465 4 267
466 4 816
467 4 501
4 468 184
4 469 22
470 4 495
4 471 337
472 4 672
4 473 165
474 4 898
475 4 197
476 4 636
4 477 338
4 478 554
4 479 568
480 4 31
481 4 103
482 4 852
483 4 11
4 484 784
485 4 695
486 4 32
487 4 38
4 488 169
4 489 898
490 4 237
4 491 281
4 492 811
493 4 429
4 494 11
496 497 659
496 4 896
497 4 600
4 498 783
4 499 151
500 4 248
6 5 326
7 5 683
8 5 554
9 5 661
10 5 504
11 5 283
12 5 847
13 5 230
5 14 834
5 15 41
5 16 939
17 5 592
5 18 933
19 5 985
5 20 880
21 5 88
22 5 179
23 5 774
24 5 350
5 25 410
5 26 151
27 5 747
28 5 262
5 29 757
30 5 250
31 5 211
32 5 413
33 5 445
34 5 871
5 35 74
5 36 287
37 5 232
5 38 368
5 39 826
5 40 578
41 5 145
42 5 38
5 43 727
44 5 62
45 5 1
46 5 277
47 5 795
5 48 340
5 49 608
50 5 349
5 51 323
52 5 596
53 5 952
54 5 538
5 55 311
5 56 157
57 5 395
58 5 485
5 59 662
5 60 169
1000
24 142
364 26
350 220
262 238
205 8
22 32
315 46
200 153
495 429
270 215
178 487
445 266
477 284
197 178
368 30
365 366
383 364
417 212
275 88
290 87
209 446
14 400
240 68
465 345
14 20
329 257
499 60
375 266
106 443
63 101
442 98
272 14
42 404
110 469
181 421
486 450
338 139
106 2
418 244
114 56
285 74
416 249
397 423
481 264
483 157
346 27
51 467
111 491
381 234
99 320
159 121
71 71
488 194
118 371
419 215
448 429
193 253
52 291
375 256
72 228
381 109
400 486
433 479
139 75
348 71
373 482
377 176
63 483
165 391
11 310
110 492
74 84
288 115
92 300
129 148
70 195
458 31
131 104
144 209
179 430
388 433
115 85
459 388
20 85
111 266
364 27
336 327
156 1
180 343
64 62
63 306
289 84
236 40
362 17
218 305
107 286
152 10
377 127
78 11
282 57
221 460
317 346
391 20
462 109
208 153
164 123
174 134
205 335
2 211
458 355
173 184
303 349
57 306
500 287
172 472
279 411
160 436
171 164
477 312
128 111
481 25
248 458
397 468
184 441
477 96
409 400
84 49
320 366
325 463
406 77
23 348
221 288
118 498
445 496
17 190
267 411
457 304
125 216
484 272
64 341
492 71
13 47
123 440
169 193
186 383
393 354
395 297
47 291
353 178
307 358
400 26
110 169
318 289
6 44
128 199
392 315
39 272
181 400
19 57
38 263
139 77
320 85
346 337
289 392
328 365
293 294
244 292
249 394
219 344
392 278
219 288
225 387
202 264
218 404
54 93
236 359
424 250
60 254
70 111
19 427
488 54
323 33
327 473
229 153
337 74
53 134
139 59
173 337
469 30
74 126
446 234
157 425
434 112
155 93
326 324
318 301
343 153
122 38
123 464
309 70
219 357
19 12
51 309
114 426
137 178
303 174
63 94
71 213
243 365
331 271
302 18
169 485
115 346
473 281
488 461
457 126
292 491
197 397
284 20
211 489
497 9
84 492
27 457
41 344
121 104
179 231
471 495
132 235
55 70
492 478
384 357
461 347
115 371
343 452
4 318
352 42
117 482
305 340
464 129
252 184
184 165
212 241
324 42
116 35
135 112
308 226
29 294
309 455
145 290
214 369
73 419
250 334
14 257
435 355
89 68
22 68
422 369
201 297
497 3
303 106
328 356
423 128
82 354
2 265
432 330
385 293
179 281
88 271
342 378
393 16
98 113
221 337
169 39
305 312
310 135
303 131
249 222
127 200
336 40
299 422
315 165
76 26
140 30
294 27
11 165
91 27
348 164
444 300
52 323
455 260
384 49
247 430
66 447
452 438
453 457
420 252
182 99
383 462
162 309
84 186
184 143
77 441
405 126
152 210
339 421
420 364
230 305
60 331
115 2
276 415
399 27
190 17
417 162
282 208
140 66
79 2
490 35
484 381
107 498
187 298
87 150
98 89
244 479
285 387
65 3
9 406
137 188
184 141
301 456
314 381
234 5
478 301
48 85
267 51
210 44
123 293
331 408
28 88
462 112
194 73
259 198
110 375
220 115
214 406
325 268
490 480
468 159
25 6
126 314
338 279
32 280
155 277
67 341
266 394
140 3
91 177
145 92
195 498
422 277
8 450
233 406
298 449
19 483
388 153
428 173
45 249
467 382
140 100
75 65
32 302
299 224
232 283
439 216
361 500
397 197
82 380
373 14
419 276
298 493
307 415
102 438
177 438
222 79
352 473
407 418
215 365
270 451
410 436
454 210
30 292
196 178
457 16
98 161
164 173
1 470
127 430
393 409
329 405
441 282
297 404
228 82
282 349
86 465
132 143
384 166
84 386
480 111
244 98
487 54
73 321
192 68
79 352
148 190
149 243
69 87
342 474
25 8
169 48
37 413
106 344
76 189
198 311
463 245
63 347
168 441
206 443
144 389
248 17
471 38
77 226
196 407
88 14
67 201
352 161
133 203
308 459
483 110
421 9
139 26
263 114
497 79
380 147
8 429
148 63
163 328
286 428
432 165
421 124
296 483
292 268
37 7
23 77
490 241
112 130
71 41
259 135
427 466
273 218
180 466
129 256
402 24
403 24
345 429
243 184
278 20
424 206
153 498
338 364
494 390
135 41
76 34
147 282
469 416
480 350
357 214
162 211
82 379
452 14
13 291
217 470
212 311
456 174
98 391
61 251
466 234
258 235
112 433
471 272
275 280
342 273
209 332
239 104
15 20
321 215
422 348
500 91
274 52
449 220
455 338
225 211
43 16
197 122
417 343
95 220
333 495
400 94
398 108
377 475
299 111
239 445
35 106
322 226
161 100
37 84
8 251
480 110
95 420
257 56
494 79
192 26
352 288
455 122
427 478
311 313
204 24
45 126
372 55
29 344
243 274
234 483
409 91
468 46
64 274
9 280
376 429
401 231
195 206
226 372
281 395
13 465
477 251
235 234
413 171
484 7
310 434
155 396
199 180
225 198
93 367
225 231
5 53
171 241
366 328
453 271
127 326
119 479
386 445
101 167
215 168
24 289
446 80
225 431
404 453
21 467
131 106
78 407
143 28
292 406
133 123
45 370
428 387
50 288
167 157
484 131
201 280
379 365
45 413
174 212
315 355
122 362
472 15
426 438
457 397
406 141
93 413
193 406
263 355
61 295
305 147
498 457
403 206
239 487
341 79
316 40
445 391
391 260
450 22
191 279
444 244
216 211
193 73
469 25
405 277
472 176
51 292
306 441
302 362
191 84
1 57
242 498
23 298
360 4
196 296
425 63
426 361
434 14
433 251
233 82
20 349
167 463
361 363
1 212
321 193
124 123
317 244
193 450
214 99
497 39
110 276
494 320
1 449
93 52
302 447
50 381
123 15
491 368
248 80
456 313
224 362
156 252
178 461
96 64
401 223
151 275
157 410
328 112
452 279
3 325
410 30
326 94
186 347
190 400
126 331
456 24
39 425
333 395
203 241
458 293
125 232
433 394
276 398
458 450
240 63
238 235
411 303
20 186
149 390
122 202
209 76
48 317
422 154
258 181
128 39
6 155
404 392
171 291
259 345
376 203
471 61
422 196
276 342
85 324
337 95
439 26
265 392
457 76
462 242
340 332
17 168
465 12
336 350
262 443
58 346
47 209
223 94
261 427
218 52
478 424
133 258
487 217
108 286
193 366
30 23
201 86
338 294
285 452
368 35
104 404
474 93
249 266
319 317
325 224
203 431
412 315
369 176
72 54
468 94
314 354
170 23
171 251
24 327
477 301
460 101
451 400
374 138
488 225
48 58
409 231
353 153
430 155
250 231
253 40
4 329
63 124
483 78
381 121
194 402
393 453
17 470
338 210
322 134
179 135
480 490
201 349
403 141
436 38
238 397
79 390
356 30
393 393
108 278
220 2
45 167
177 451
418 9
286 263
202 40
375 174
201 79
78 341
250 140
351 468
287 314
208 17
468 285
190 356
213 145
418 213
55 163
94 216
407 98
398 385
147 8
159 352
206 467
298 391
436 269
34 359
160 80
326 447
17 450
364 345
318 82
389 130
110 417
7 130
36 378
218 322
424 450
87 385
332 265
31 183
315 51
113 445
102 333
460 171
362 241
306 484
403 345
92 122
225 13
68 103
46 368
162 397
93 379
499 351
1 238
37 302
294 213
236 273
427 444
50 209
443 139
489 185
5 211
364 80
8 219
265 478
47 296
234 179
98 310
195 428
55 228
154 243
410 128
308 455
9 269
77 122
469 223
263 17
491 123
72 384
440 12
395 191
97 190
95 206
140 363
24 78
201 121
252 290
433 2
367 103
360 48
412 464
482 469
254 311
441 189
499 398
411 226
261 211
472 311
144 292
301 214
25 24
276 484
10 56
225 90
419 298
346 206
287 65
396 446
349 20
388 393
212 47
291 68
151 409
234 90
453 436
123 360
190 447
246 438
100 311
470 72
260 139
205 138
298 393
467 125
201 158
351 355
404 125
388 403
490 301
81 263
146 31
402 356
348 145
293 6
439 105
34 252
416 414
140 424
110 90
137 10
8 243
314 336
381 62
460 392
428 371
12 294
120 323
476 310
446 89
424 427
113 477
351 79
69 16
67 285
434 122
432 149
324 438
85 395
153 202
429 384
315 4
371 20
286 18
75 374
215 283
356 184
16 100
159 316
442 491
482 443
378 456
455 158
464 271
420 249
7 343
346 46
174 315
247 296
120 167
422 309
498 19
191 46
260 316
13 183
407 397
110 236
46 192
322 206
232 327
448 80
24 347
263 335
114 416
319 270
347 179
442 50
252 386
155 471
199 307
178 261
397 246
290 100
267 191
45 304
337 92
484 498
258 225
453 477
309 287
399 202
349 136
321 401
267 127
111 450
227 225
196 448
59 376
338 161
43 307
457 224
438 248
320 34
231 293
83 282
389 405
283 1
424 4
85 162
50 126
464 203
475 336
382 154
449 9
22 173
312 26
289 319
91 211
489 168
422 212
461 469
429 48
388 178
288 394
73 182
221 275
420 186
291 194
