500 498 372 4857
1 12 463 115 387 31 150 319 6 304 394 377 372 297 414 487 147 209 279 364 354 170 200 453 149 232 223 184 217 286 400 369 135 366 55 440 388 498 180 452 41 153 191 467 60 287 258 114 199 106 126 352 208 476 351 437 390 127 100 464 44 457 94 403 359 66 33 38 118 70 340 183 483 157 24 261 399 491 141 484 443 109 493 432 423 15 51 309 393 324 241 226 219 85 40 298 360 119 43 171 21 235 108 90 7 295 162 225 355 123 441 323 305 156 496 77 417 11 112 482 485 272 296 69 224 80 107 75 473 49 247 256 216 458 42 72 167 373 353 401 22 133 265 428 130 128 361 499 486 291 327 19 494 87 481 316 326 407 248 255 260 159 233 303 444 409 239 26 415 221 266 152 285 89 363 187 46 439 125 91 161 168 447 52 374 306 243 259 71 188 68 151 198 140 379 294 158 430 116 64 362 334 368 455 163 205 282 472 375 474 431 318 211 488 124 492 315 220 105 402 203 27 61 254 422 62 451 436 45 337 210 459 192 333 273 381 237 479 332 5 427 421 283 227 173 480 160 253 142 271 222 182 37 181 299 397 249 371 413 86 322 50 30 276 345 146 267 154 269 424 268 213 311 202 8 229 416 330 339 76 281 244 321 434 350 201 389 174 412 466 165 81 18 92 325 426 104 358 245 145 367 471 197 136 196 155 29 384 132 456 310 288 3 16 137 176 275 230 357 206 462 448 410 79 460 93 257 189 195 449 164 270 497 193 290 263 395 380 236 23 207 408 293 391 500 317 312 398 349 274 138 131 392 25 234 376 418 343 177 429 34 335 246 433 121 262 405 385 344 166 56 47
866483357 277262199 382220161 297442664 465767559 985971374 335327161 189762790 98829133 816030186 420955415 377370214 923888958 752307626 531501618 687790272 585576925 388275393 636995096 248679012 507703904 348686039 965766856 336877521 428652081 995532008 59535801 705660959 685417329 328448451 168069202 893656950 236738416 832379019 215161455 858894229 579701046 791791418 884704995 569546316 678915582 957616409 859364336 978335746 506287541 649616714 189940688 232891440 717407615 183418686 766882608 360373219 95661107 426628927 76419504 663973438 407935194 136959720 975882852 82400502 207934771 478205863 361565782 405116628 621612082 592101698 382078721 236107319 436767869 885081167 32157911 166349199 79447278 721637050 997629373 331328483 839315732 543639107 258045322 717829964 12723121 195957501 61088907 361340280 323190077 187684817 637103618 620245032 413057122 644846329 397603490 222604721 385630846 247848069 482681109 475847551 349336612 656539865 133048950 589097614 483648923 506261293 66950359 347817967 416875357 599051788 547001789 279515465 190732953 380635605 365070495 253550933 973725106 833527613 747007850 46934113 744323775 537797579 922506496 836038862 230110217 148130395 657974196 344452499 317661839 799733660 402193359 477190327 575051909 552309394 762114575 918953946 930860496 429675796 954804259 425445549 992523404 69807695 392685360 470462837 647585158 10785089 535263311 361546124 953327811 478340927 362236684 369315296 52293623 456858223 332243944 205904755 414768911 588226639 341144793 575849945 843056296 119073324 687203269 785745341 861177493 448356268 812339466 544223068 740387932 222688581 873663481 864198408 716370874 726226627 156304214 98047910 787231003 691101126 592646106 978071856 996605474 340392513 24268977 896513333 411085351 279642877 918340093 756694356 221788852 52718099 746830673 368370628 373400584 554369910 614680630 629562831 69940116 344047975 282371241 404337747 344227456 297178367 331861403 971499072 196086311 114094760 212118896 926669084 897632406 290368676 931563137 153742722 944068369 475473797 795084698 291070878 536597647 999345331 354404988 295120307 911432761 677450986 591226460 227251349 648971247 382846649 796033634 253401135 2491587 513687299 115920427 310943231 699803515 495234946 359210056 596752789 585939219 921440063 773151421 784267032 43383097 837249819 526461315 153265600 702757584 118353994 765836038 178552413 103513197 153512659 738499751 120086479 954354909 377798161 370775867 849947019 885969821 315623221 606745994 160806429 737653088 756362177 538483921 906650016 470409357 360306190 230165312 334949448 91923903 374292423 601889917 19813592 736734787 449835116 947696160 621451052 599299229 455534032 214454837 866928817 131081475 236650652 666868157 487365352 912898528 184920266 552984876 541577191 174423123 902856746 224024300 789471447 879662253 124882656 826728409 197151863 635294967 627378148 375011780 390996375 584449898 516458368 316953072 32484254 552890100 569200086 411982744 435562757 717276602 418201432 122998375 964420570 944660368 891670862 346832126 504810046 789698179 480485459 95959921 923833575 103267152 143471832 511689674 426715551 852615658 699287968 694921861 708542403 9376760 884605506 762871571 63224516 454785364 423905707 49567831 338663594 521124493 318603929 616826156 722204812 359357286 225407009 363876572 524898073 947463509 63680041 266483114 607575826 435646980 445016047 333709642 528789453 304977876 11424896 558887780 416919476 573344341 52448578 565379604 179720388 714126543 933330539 443493997 758970639 581460669 379984263 334143217 311732026 199852621 602365942 541194266 155887871 754060513 252334955 651364053 744671660
1 2 775
1 3 19
1 4 817
5 1 328
6 1 920
7 1 481
8 1 500
1 9 611
10 1 956
11 1 587
1 12 569
1 13 797
1 14 732
1 15 443
16 1 858
1 17 192
58 469 470
1 19 150
1 20 310
349 240 917
1 22 161
1 23 126
1 24 455
1 25 167
1 26 586
27 1 744
28 1 52
1 29 830
30 1 145
1 31 407
32 1 984
33 1 854
34 1 493
1 35 623
36 1 641
37 1 837
1 38 4
39 1 666
1 40 874
1 41 392
1 42 164
43 1 239
1 44 57
1 45 734
1 46 269
1 47 758
1 48 577
1 49 731
50 1 381
1 51 77
1 52 682
53 1 551
1 54 762
1 55 254
56 1 236
57 1 197
1 58 203
1 59 911
24 244 88
1 61 124
62 1 768
63 1 432
1 64 127
1 65 569
66 1 885
67 1 160
68 1 376
1 69 635
70 1 355
71 1 153
1 72 550
1 73 854
1 74 423
75 1 272
76 1 232
1 77 105
78 1 562
79 1 710
80 1 984
81 1 616
357 162 871
1 83 481
1 84 757
153 45 306
86 1 47
87 1 531
1 88 648
89 1 652
90 1 744
1 91 346
1 92 98
1 93 516
1 94 58
1 95 663
96 1 445
97 1 54
1 98 41
1 99 479
1 100 183
101 1 499
1 102 726
1 103 701
1 104 546
105 1 509
106 1 286
1 107 710
108 1 894
1 109 845
1 110 793
1 111 979
112 1 694
113 1 669
1 114 956
115 1 763
116 1 575
1 117 102
118 1 720
1 119 414
120 1 20
1 121 36
1 122 336
1 123 627
1 124 820
1 125 956
1 126 719
1 127 587
128 1 386
1 129 693
130 1 952
131 1 267
132 1 373
133 1 60
1 134 852
135 1 934
1 136 254
137 1 382
138 1 992
1 139 25
1 140 932
1 141 458
1 142 108
1 143 518
144 1 707
1 145 180
1 146 517
1 147 921
1 148 208
149 1 924
150 1 19
1 151 750
1 152 799
153 1 357
1 154 820
1 155 425
156 1 854
1 157 734
158 1 831
1 159 716
1 160 583
1 161 228
162 1 842
1 163 892
164 1 314
1 165 158
166 1 589
1 167 53
1 168 856
1 169 488
170 1 437
171 1 906
172 1 457
1 173 497
174 1 2
1 175 557
176 1 63
177 1 965
178 1 889
179 1 125
180 1 497
181 1 563
182 1 786
183 1 251
184 1 9
185 1 943
186 1 579
1 187 172
1 188 214
189 1 393
1 190 75
191 1 506
1 192 283
193 1 621
1 194 112
195 1 891
1 196 918
197 1 546
1 198 794
199 1 992
200 1 770
201 1 35
1 202 637
1 203 455
204 1 621
1 205 897
206 1 403
207 1 618
208 1 507
209 1 838
1 210 520
1 211 62
1 212 49
1 213 723
1 214 996
1 215 453
1 216 946
1 217 723
1 218 604
219 1 308
220 1 654
1 221 30
1 222 538
1 223 46
224 1 870
1 225 47
1 226 344
1 227 7
228 1 202
1 229 686
230 1 913
231 1 769
232 1 427
233 1 383
1 234 97
235 1 955
1 236 393
237 1 826
238 1 7
1 239 812
309 34 13
1 241 753
1 242 18
1 243 693
1 244 456
1 245 468
246 1 881
1 247 605
1 248 307
249 1 456
1 250 594
1 251 122
1 252 85
253 1 444
254 1 996
1 255 583
1 256 865
1 257 634
1 258 596
259 1 48
1 260 268
261 1 436
1 262 916
263 1 535
264 1 587
1 265 901
266 1 304
1 267 27
268 1 315
269 1 620
270 1 647
271 1 492
272 1 999
1 273 765
274 1 616
1 275 664
276 1 439
1 277 423
1 278 762
457 389 297
280 1 51
1 281 958
282 1 82
283 1 837
1 284 771
1 285 282
1 286 225
1 287 565
1 288 330
424 476 519
290 1 164
291 1 806
292 1 78
293 1 972
294 1 114
295 1 595
1 296 691
193 39 636
1 298 650
299 1 104
300 1 597
1 301 975
209 409 562
303 1 145
1 304 393
1 305 466
1 306 393
1 307 577
1 308 588
1 309 315
310 1 94
311 1 587
312 1 858
313 1 294
314 1 62
1 315 437
1 316 233
1 317 683
318 1 426
1 319 760
320 1 571
321 1 189
322 1 486
1 323 650
324 1 152
325 1 988
1 326 964
327 1 387
1 328 489
1 329 636
1 330 567
1 331 275
1 332 150
333 1 876
334 1 568
1 335 195
336 1 9
337 1 888
1 338 317
1 339 535
1 340 393
1 341 608
342 1 197
1 343 115
344 1 824
345 1 103
346 1 29
1 347 915
1 348 86
1 349 748
1 350 70
1 351 233
1 352 523
1 353 908
1 354 316
1 355 514
356 1 720
357 1 54
358 1 512
1 359 577
360 1 71
1 361 293
362 1 439
363 1 891
1 364 23
365 1 922
366 1 98
1 367 90
368 1 665
369 1 384
1 370 764
371 1 435
372 1 533
1 373 414
374 1 647
375 1 31
1 376 822
377 1 768
378 1 743
1 379 581
1 380 522
1 381 975
1 382 357
383 1 38
1 384 203
385 1 572
386 1 829
1 387 1000
388 1 720
389 1 937
390 1 784
391 1 237
1 392 317
393 1 488
121 158 515
395 1 777
396 1 54
1 397 169
398 1 207
1 399 910
400 1 296
1 401 193
402 1 743
403 1 291
404 1 25
1 405 150
406 1 708
407 1 857
1 408 195
377 395 580
410 1 68
1 411 389
412 1 901
1 413 763
1 414 895
286 62 986
416 1 993
417 1 870
1 418 257
419 1 100
420 1 327
1 421 613
1 422 171
1 423 829
424 1 529
1 425 796
426 1 530
1 427 691
1 428 413
429 1 178
1 430 151
431 1 88
432 1 711
433 1 419
1 434 189
435 1 9
1 436 348
1 437 183
438 1 717
314 281 448
1 440 583
1 441 256
442 1 573
1 443 98
1 444 143
445 1 600
1 446 165
447 1 498
448 1 919
1 449 297
1 450 169
451 1 308
1 452 838
453 1 178
454 1 10
455 1 155
456 1 685
1 457 177
1 458 389
459 1 931
1 460 699
461 1 452
462 1 906
463 1 639
464 1 492
465 1 830
466 1 46
1 467 468
468 1 430
469 1 273
1 470 689
471 1 484
1 472 594
473 1 94
474 1 857
1 475 365
476 1 905
477 1 710
1 478 502
1 479 448
1 480 877
481 1 301
1 482 924
483 1 482
484 1 411
485 1 657
1 486 612
487 1 126
488 1 112
1 489 15
1 490 538
491 1 904
492 1 865
1 493 719
1 494 712
495 1 995
1 496 481
1 497 539
498 1 410
1 499 429
1000
255 144
65 462
221 381
68 69
138 322
402 366
77 418
410 5
272 209
452 94
38 319
159 386
425 399
394 13
217 33
58 154
271 69
227 153
331 197
107 410
38 115
229 295
293 92
351 57
68 86
105 223
271 132
279 494
29 453
243 316
392 252
229 13
443 42
253 153
200 463
68 488
146 265
380 100
204 440
311 27
3 193
152 306
48 222
442 15
96 11
491 212
247 317
15 297
22 342
46 374
12 489
105 447
117 460
461 18
230 341
319 409
202 345
35 238
8 69
257 361
251 367
331 293
137 238
400 487
468 282
234 113
324 117
245 76
215 153
267 322
163 120
154 257
248 21
221 11
403 350
375 196
404 237
149 43
2 305
497 277
302 491
54 76
79 331
173 334
296 467
463 91
284 435
480 375
453 376
390 197
286 488
484 69
45 103
495 135
222 157
413 309
390 86
121 161
81 145
96 497
473 270
155 270
372 460
146 213
101 71
74 209
188 31
60 307
446 183
273 496
257 199
264 70
70 278
455 360
18 321
86 282
52 150
145 221
407 346
207 429
213 412
378 210
89 203
92 462
49 144
353 294
400 54
282 117
125 452
276 403
279 238
107 155
427 120
455 290
449 481
91 250
180 450
249 444
469 65
211 366
108 118
385 318
374 334
388 404
292 370
304 52
75 144
207 222
174 167
449 416
459 442
10 228
234 461
327 323
472 292
109 352
361 378
420 306
216 263
413 29
262 126
292 378
338 196
147 34
399 499
173 84
36 44
100 412
51 486
60 436
475 180
294 34
323 295
34 224
432 381
469 123
111 391
107 81
344 464
322 288
228 116
441 132
392 135
274 241
440 171
269 446
45 409
467 67
367 473
179 492
16 421
116 479
191 430
278 214
194 106
68 171
200 151
116 350
144 323
235 191
476 254
117 453
70 56
26 216
431 320
228 28
83 2
311 256
402 297
27 108
71 146
373 262
75 159
387 41
238 233
199 362
495 178
60 194
227 64
37 314
282 68
408 58
217 292
37 257
193 74
272 299
351 298
442 376
14 104
444 454
272 292
323 166
209 172
58 271
479 245
364 50
464 230
91 157
455 351
430 21
131 240
16 11
54 36
10 318
247 363
225 483
397 384
154 332
119 67
408 138
14 303
465 315
461 145
370 425
408 240
234 405
464 367
147 341
305 231
417 454
256 474
85 386
70 237
308 399
279 119
213 442
224 139
94 154
122 126
484 103
440 398
370 267
293 16
254 459
263 207
212 211
301 7
105 150
105 375
253 231
135 144
93 376
473 208
402 209
474 299
404 289
407 73
161 357
180 286
87 215
496 193
113 109
132 361
175 156
20 367
401 261
391 130
389 134
34 134
282 34
173 142
433 397
242 210
479 178
143 401
9 13
392 343
286 428
443 41
65 394
359 248
169 68
393 174
127 78
278 337
476 460
407 382
460 202
459 135
28 19
425 357
429 19
200 327
99 449
197 169
414 86
144 235
192 4
175 115
261 216
417 122
98 455
313 135
467 1
8 474
405 354
203 375
396 267
15 241
78 319
94 83
150 59
49 402
282 449
288 261
286 454
88 124
143 88
222 82
157 345
257 438
109 262
296 498
439 172
341 427
213 202
203 254
278 402
269 303
364 327
437 169
167 154
365 163
287 90
406 377
162 486
376 96
272 443
372 118
113 294
90 371
251 499
355 243
493 161
72 21
393 123
240 385
430 139
418 35
131 237
353 258
23 104
51 231
330 489
479 487
98 310
415 468
472 396
106 340
43 330
414 108
197 336
119 411
29 297
135 433
246 97
284 481
374 303
189 366
368 253
157 106
299 51
475 18
416 467
436 63
32 20
324 141
104 146
93 407
39 188
30 184
88 327
378 220
361 144
98 340
461 82
39 102
335 125
50 466
36 220
409 235
473 83
385 227
214 194
258 211
149 485
77 44
293 274
115 321
364 10
259 166
309 44
500 39
498 308
28 430
219 21
6 65
425 256
165 114
76 127
159 41
458 407
419 113
330 430
263 75
481 273
219 374
444 379
20 193
228 429
126 80
425 200
430 360
380 398
440 438
489 261
95 300
85 30
120 120
21 495
7 18
314 174
46 87
263 472
52 249
278 186
259 44
399 344
389 419
478 201
103 172
257 8
38 20
133 354
293 444
220 394
14 307
386 172
372 13
257 394
294 461
158 302
95 216
375 9
60 189
96 9
389 250
49 209
92 289
307 88
472 17
183 121
84 157
229 395
74 232
206 329
456 8
218 178
54 430
391 219
38 7
281 215
94 163
328 330
378 376
9 451
179 351
168 167
445 116
135 299
483 69
326 117
69 475
46 291
145 409
150 87
303 59
141 494
391 300
78 29
323 260
238 399
138 31
265 113
174 308
181 176
91 339
210 247
102 311
448 30
218 185
137 268
447 168
244 498
18 426
319 238
399 349
430 297
247 172
253 168
74 365
462 475
258 326
81 70
90 81
386 14
420 95
83 238
491 298
487 463
381 294
343 7
50 296
73 263
488 134
397 77
293 128
118 391
36 295
323 122
372 340
167 375
396 457
191 114
285 489
133 370
59 391
343 14
225 295
128 447
80 257
295 43
359 76
330 448
134 92
56 11
371 113
383 70
356 445
4 258
235 190
146 378
241 262
214 210
395 272
126 468
191 330
297 491
305 54
64 127
475 103
469 478
464 2
439 134
434 155
15 132
253 200
22 31
402 49
56 379
96 495
51 275
286 108
58 423
78 168
314 266
232 319
381 202
425 481
378 343
77 349
286 16
161 19
494 153
1 446
278 186
56 394
355 10
415 135
414 17
162 156
40 487
343 133
124 351
429 445
240 241
62 25
24 144
89 327
157 413
1 476
259 205
464 295
331 247
332 71
298 92
10 17
24 154
46 368
34 337
140 231
269 241
135 258
101 402
116 169
275 66
379 103
363 486
338 141
314 377
289 205
357 72
316 175
448 77
324 439
108 401
102 125
374 402
394 116
233 125
126 52
132 344
169 192
270 313
68 148
372 325
384 264
407 350
178 15
231 2
429 469
461 22
356 485
489 72
17 52
193 401
360 28
165 71
458 422
36 480
118 472
45 78
143 16
12 149
191 111
337 432
478 327
45 136
145 442
48 163
396 428
388 290
401 45
220 120
282 393
302 373
382 214
346 403
45 477
405 325
116 442
199 211
370 75
136 39
341 432
411 355
257 498
62 217
429 204
32 118
233 365
75 51
330 349
174 231
10 332
297 454
371 189
415 427
185 180
159 304
73 372
140 393
394 470
172 357
416 408
230 229
336 27
68 358
373 373
285 111
186 172
236 421
282 189
447 237
187 334
473 382
400 41
73 248
62 106
80 286
222 229
79 341
434 401
87 103
448 95
204 97
14 129
298 213
48 71
306 492
57 193
498 125
377 315
317 193
434 264
196 113
368 95
452 443
231 449
158 208
301 114
93 292
445 107
63 486
62 386
257 264
13 54
174 137
323 274
112 162
116 391
347 84
1 71
196 66
403 411
116 403
98 81
138 284
431 423
76 332
406 166
147 294
473 160
458 439
199 291
175 109
182 291
246 337
445 236
124 362
195 177
293 456
486 103
266 245
457 124
200 436
294 288
500 161
177 103
425 442
115 5
257 329
347 117
284 15
177 370
302 447
370 97
266 333
461 461
466 148
302 110
248 460
365 63
480 277
51 280
279 110
10 160
482 434
92 227
241 215
440 122
376 394
496 58
73 344
428 105
336 132
258 401
70 287
176 267
307 250
381 389
228 335
48 104
174 149
343 311
217 164
174 266
325 257
334 73
212 56
98 442
346 205
197 378
280 474
105 284
418 64
158 64
485 470
397 290
90 141
294 97
320 434
379 36
138 191
114 328
291 217
227 260
343 379
43 316
209 202
14 379
276 40
90 152
393 2
354 65
156 310
96 451
263 361
220 211
413 5
466 345
444 96
163 144
56 123
5 27
125 500
126 382
241 49
198 178
184 139
354 445
206 48
18 327
33 13
371 72
492 197
165 259
69 444
339 184
76 380
210 67
149 179
398 211
206 323
345 120
122 489
9 298
356 251
30 52
494 427
334 121
302 421
64 302
417 337
350 234
458 178
138 437
180 108
257 346
289 323
131 96
424 445
268 301
68 192
306 34
10 282
337 104
416 51
490 131
120 235
208 449
93 126
238 112
290 405
450 49
344 192
172 278
297 382
102 292
300 10
29 154
74 154
34 288
400 311
182 349
51 70
53 142
466 26
65 424
215 36
212 306
423 389
161 380
137 416
482 34
447 362
160 342
169 323
323 422
392 419
163 400
336 19
286 16
367 76
427 233
276 384
244 216
108 457
340 468
52 47
267 32
141 126
301 40
375 430
479 184
379 129
54 128
221 277
34 363
167 307
352 32
492 197
72 359
29 149
380 101
139 224
98 88
331 272
94 212
181 366
494 460
361 232
361 426
270 488
81 143
10 420
4 284
19 152
475 164
345 23
230 155
97 218
313 404
168 319
58 136
225 143
77 126
259 89
339 464
29 317
