500 7394 186 50
1 79 382 496 151 241 178 279 403 364 11 124 468 259 376 189 110 3 383 116 149 398 458 365 206 476 98 385 42 271 219 411 41 36 244 47 466 21 100 85 57 465 243 262 470 142 19 399 318 445 118 103 28 55 68 295 51 174 435 283 114 25 120 371 481 420 158 276 494 228 321 64 338 347 80 46 384 353 289 135 139 60 227 414 389 86 316 305 132 474 140 254 7 460 196 17 30 71 130 146 164 319 293 143 500 442 99 381 290 201 280 330 281 58 195 180 70 471 128 453 402 373 308 205 413 5 94 16 168 429 101 352 450 337 102 462 249 492 234 392 431 463 193 185 440 65 304 294 346 69 31 396 356 490 48 107 122 148 10 405 131 314 90 20 43 145 235 77 302 268 152 6 141 358 400 177 221 154 300 106 251 489 129 50 266 38
469759155 609218911 993475796 533942608 473193268 271703502 659219398 25151704 787237254 423598819 129828777 687994674 193140757 812859243 81011987 782540903 257678402 287170633 772672718 957817809 927599842 11819250 61918298 708851873 752910013 787145711 572562026 254148697 759035664 782565215 620165987 767095634 292562956 748381042 792637920 935594296 64522068 244188911 833169712 702932872 771303043 501464495 356898262 285375513 8668580 544627487 841654793 1143184 408982456 518728386 971682354 568377834 433182516 5983917 27554672 230155510 306823296 470528010 913276951 914689240 374526585 929564565 464035884 849772168 38997231 699275810 443325931 725571665 334102312 342681877 983306306 212006994 329201243 567608040 755867475 134863104 929196598 427000744 811704566 904866210 812389721 93377913 957020468 387800788 197977561 674255118 300339917 929758469 383504830 348321329 376146355 165568249 63260037 443104321 931244941 278185031 625390238 671844527 168043573 260795867 977929711 891891072 996261946 570383477 492017743 323510222 421885791 560015145 73245452 105056839 76792090 161639390 804601958 684417452 897635606 238739919 568418321 709170003 11189169 998381069 337211319 931156902 298008191 220690938 959393652 565238946 748174533 783414735 432402520 638099545 756256766 528439063 64302824 906455408 1125978 995481906 105749406 287165346 755140410 847849939 639681380 130845243 121549750 430331266 374048797 837712029 913324823 315938331 959469341 517317823 623250781 484012366 805506475 515559848 710239673 493270301 71158662 413860345 525463828 870571616 186973021 331137121 544353927 502520644 475167574 258871846 847044577 304000968 847110024 373676963 708737573 293973054 266281088 862640836 593208328 974312400 820035008 540305803 960550007 928923897 271116860 673950351 270441743 258984968 238314203 205489528
2 1 705
3 1 256
1 4 435
1 5 588
6 1 772
7 1 131
1 8 455
9 1 579
10 1 6
1 11 960
1 12 781
13 1 485
14 1 283
1 15 101
16 1 885
17 1 57
1 18 635
19 1 219
1 20 408
1 21 490
1 22 621
1 23 855
1 24 230
25 1 592
26 1 623
1 27 627
1 28 104
1 29 294
30 1 847
31 1 374
1 32 805
33 1 677
34 1 77
1 35 720
36 1 401
37 1 560
1 38 150
39 1 352
1 40 706
41 1 126
1 42 475
1 43 110
1 44 914
45 1 428
46 1 616
47 1 536
1 48 280
1 49 384
50 1 213
51 1 617
1 52 470
1 53 359
1 54 480
1 55 894
1 56 972
57 1 535
58 1 873
1 59 367
60 1 956
61 1 22
1 62 413
1 63 500
1 64 836
65 1 865
66 1 972
1 67 477
68 1 663
69 1 806
70 1 987
1 71 577
72 1 556
73 1 347
477 25 515
75 1 648
226 52 189
77 1 844
1 78 296
1 79 73
1 80 698
81 1 945
82 1 466
1 83 85
1 84 620
1 85 197
1 86 575
1 87 506
1 88 106
89 1 776
90 1 719
91 1 97
92 1 31
93 1 398
94 1 215
1 95 471
1 96 330
1 97 631
98 1 543
1 99 128
1 100 12
101 1 853
102 1 100
1 103 656
104 1 726
105 1 120
1 106 839
1 107 384
108 1 568
109 1 541
161 143 875
111 1 63
112 1 603
1 113 11
114 1 939
1 115 934
116 1 736
1 117 765
1 118 930
119 1 291
1 120 191
121 1 563
122 1 433
1 123 551
124 1 593
125 1 304
1 126 628
127 1 272
128 1 574
1 129 45
1 130 213
131 1 616
132 1 256
133 1 557
134 1 328
1 135 571
1 136 942
137 1 607
138 1 773
1 139 397
1 140 554
141 1 232
142 1 82
143 1 522
144 1 924
1 145 902
146 1 950
1 147 900
148 1 380
1 149 69
150 1 959
151 1 593
152 1 947
153 1 878
154 1 389
1 155 923
1 156 459
157 1 923
158 1 52
1 159 822
160 1 899
1 161 453
162 1 350
163 1 205
164 1 180
165 1 30
1 166 783
167 1 397
168 1 974
1 169 759
170 1 399
1 171 487
172 1 988
1 173 163
174 1 572
1 175 179
176 1 611
1 177 306
178 1 269
179 1 224
180 1 576
1 181 632
1 182 760
1 183 613
1 184 199
185 1 819
186 1 973
187 1 468
188 1 148
189 1 320
190 1 736
1 191 649
1 192 254
193 1 382
1 194 267
1 195 839
1 196 639
1 197 873
1 198 905
199 1 539
200 1 853
1 201 529
1 202 637
237 436 815
204 1 596
205 1 384
206 1 121
1 207 448
1 208 794
1 209 472
210 1 615
211 1 561
1 212 178
1 213 619
214 1 540
215 1 294
1 216 410
1 217 321
1 218 976
219 1 930
1 220 860
1 221 333
222 1 119
223 1 89
1 224 73
225 1 480
226 1 891
227 1 854
1 228 209
229 1 357
230 1 311
1 231 343
232 1 772
1 233 819
234 1 773
235 1 740
1 236 780
237 1 63
1 238 834
1 239 363
1 240 153
1 241 135
242 1 613
1 243 407
1 244 148
245 1 671
1 246 11
247 1 516
1 248 748
1 249 88
1 250 982
251 1 781
252 1 124
1 253 348
254 1 473
430 214 855
1 256 698
257 1 516
258 1 597
259 1 603
1 260 650
1 261 354
262 1 344
263 1 992
264 1 698
265 1 159
266 1 65
267 1 982
268 1 283
1 269 14
1 270 189
271 1 260
272 1 782
273 1 599
274 1 93
1 275 394
276 1 917
277 1 221
1 278 526
1 279 680
280 1 437
281 1 736
282 1 199
1 283 974
284 1 571
288 460 828
286 1 878
287 1 674
288 1 740
1 289 137
1 290 628
1 291 997
292 1 51
293 1 41
294 1 988
1 295 526
296 1 311
297 1 716
1 298 488
299 1 653
1 300 682
1 301 831
1 302 804
303 1 753
1 304 403
1 305 592
1 306 817
1 307 147
308 1 749
309 1 68
310 1 147
311 1 57
1 312 134
1 313 106
1 314 484
1 315 756
1 316 601
317 1 110
1 318 727
319 1 618
320 1 92
1 321 47
322 1 365
323 1 780
324 1 963
325 1 968
1 326 187
1 327 609
1 328 83
1 329 34
1 330 698
331 1 594
332 1 503
333 1 337
334 1 358
1 335 140
336 1 23
1 337 707
1 338 536
339 1 897
340 1 532
341 1 997
1 342 684
343 1 807
344 1 686
1 345 269
1 346 708
347 1 551
348 1 118
349 1 712
350 1 467
351 1 263
352 1 244
353 1 678
354 1 706
1 355 553
1 356 626
357 1 129
1 358 806
1 359 442
1 360 646
361 1 954
1 362 912
363 1 147
364 1 828
1 365 260
366 1 932
367 1 324
368 1 42
1 369 191
370 1 154
1 371 964
1 372 283
373 1 542
1 374 137
375 1 666
376 1 349
377 1 17
378 1 919
1 379 231
380 1 634
1 381 484
1 382 938
383 1 994
384 1 331
385 1 110
1 386 514
387 1 354
388 1 232
389 1 987
1 390 364
391 1 640
1 392 913
1 393 915
394 1 665
395 1 946
396 1 176
1 397 257
1 398 660
399 1 273
400 1 309
401 1 148
70 475 272
403 1 252
1 404 841
405 1 97
406 1 8
1 407 746
1 408 251
409 1 999
1 410 733
1 411 549
1 412 182
413 1 737
414 1 756
415 1 209
416 1 201
417 1 552
1 418 205
419 1 73
420 1 85
421 1 671
1 422 493
1 423 363
424 1 443
425 1 709
426 1 365
427 1 143
1 428 788
429 1 558
430 1 176
1 431 115
432 1 247
1 433 194
1 434 433
1 435 74
1 436 46
437 1 989
438 1 147
439 1 144
1 440 721
441 1 254
1 442 119
443 1 688
1 444 337
445 1 992
1 446 746
447 1 575
448 1 118
1 449 987
450 1 956
451 1 246
1 452 826
1 453 659
1 454 210
1 455 219
456 1 476
1 457 264
1 458 548
459 1 832
1 460 86
1 461 469
1 462 120
1 463 971
464 1 864
465 1 66
466 1 341
1 467 781
99 202 242
469 1 90
470 1 809
1 471 979
1 472 389
1 473 13
474 1 868
475 1 776
1 476 883
1 477 703
478 1 314
1 479 569
480 1 587
1 481 647
1 482 557
1 483 927
1 484 846
485 1 153
486 1 73
1 487 385
1 488 941
489 1 509
490 1 863
1 491 767
492 1 800
493 1 694
494 1 650
1 495 224
496 1 456
1 497 763
498 1 220
499 1 157
500 1 894
2 3 425
2 4 354
2 5 228
6 2 681
2 7 975
8 2 740
9 2 221
10 2 829
2 11 368
2 12 750
2 13 392
14 2 375
2 15 989
2 16 170
2 17 582
2 18 162
2 19 377
2 20 484
2 21 572
2 22 36
2 23 763
24 2 796
2 25 803
26 2 529
2 27 95
2 28 672
29 2 962
30 2 623
2 31 29
32 2 111
2 33 522
2 34 809
2 35 993
2 36 503
37 2 817
38 2 301
39 2 761
2 40 455
2 41 752
42 2 574
2 43 154
44 2 790
2 45 781
2 46 10
2 47 988
2 48 515
49 2 338
50 2 780
51 2 489
2 52 450
2 53 540
2 54 235
2 55 994
2 56 205
2 57 516
58 2 66
2 59 962
60 2 649
61 2 930
62 2 254
2 63 161
2 64 885
2 65 93
2 66 347
2 67 898
68 2 550
2 69 956
110 396 815
2 71 741
72 2 670
2 73 552
2 74 478
2 75 990
358 389 808
77 2 639
2 78 572
2 79 332
2 80 166
81 2 363
82 2 526
83 2 395
84 2 636
85 2 145
86 2 81
87 2 666
2 88 674
2 89 203
2 90 537
2 91 574
2 92 813
2 93 198
94 2 404
2 95 221
2 96 422
97 2 13
2 98 573
99 2 620
2 100 777
101 2 884
102 2 905
2 103 930
104 2 112
105 2 53
106 2 717
107 2 290
108 2 262
109 2 111
110 2 198
2 111 629
2 112 229
113 2 370
2 114 823
115 2 558
116 2 792
2 117 36
2 118 847
2 119 708
2 120 321
2 121 87
2 122 288
123 2 923
2 124 692
125 2 992
2 126 393
2 127 563
2 128 658
129 2 666
130 2 885
131 2 984
2 132 736
265 31 737
134 2 178
135 2 64
2 136 581
2 137 752
2 138 243
2 139 472
140 2 159
2 141 59
119 290 551
2 143 280
144 2 871
2 145 637
129 371 23
2 147 346
2 148 240
149 2 780
150 2 572
2 151 327
152 2 540
2 153 248
154 2 518
2 155 586
156 2 239
157 2 775
158 2 542
159 2 802
2 160 426
161 2 876
162 2 381
2 163 84
164 2 289
2 165 60
2 166 931
2 167 168
168 2 710
2 169 495
170 2 657
2 171 215
2 172 404
2 173 21
2 174 367
2 175 203
176 2 332
2 177 158
178 2 527
179 2 55
180 2 139
2 181 545
2 182 968
183 2 451
184 2 258
2 185 830
2 186 556
2 187 873
2 188 573
2 189 68
2 190 130
2 191 867
2 192 917
2 193 460
194 2 596
2 195 922
196 2 702
2 197 795
2 198 194
199 2 664
200 2 465
201 2 916
2 202 390
2 203 280
2 204 323
2 205 588
206 2 590
207 2 504
208 2 12
209 2 205
2 210 510
211 2 262
212 2 378
2 213 939
2 214 347
215 2 472
2 216 891
2 217 898
2 218 1000
2 219 42
220 2 238
221 2 142
222 2 997
223 2 532
224 2 211
2 225 465
2 226 611
2 227 426
228 2 358
229 2 272
2 230 993
2 231 586
2 232 408
233 2 238
234 2 250
235 2 977
236 2 686
237 2 920
2 238 749
239 2 575
2 240 960
2 241 480
2 242 356
243 2 590
2 244 939
245 2 819
246 2 845
247 2 623
248 2 504
249 2 970
250 2 332
2 251 309
2 252 547
2 253 821
254 2 935
2 255 287
2 256 588
257 2 395
2 258 280
259 2 482
260 2 897
261 2 835
262 2 599
2 263 653
2 264 450
265 2 846
2 266 14
2 267 540
2 268 268
2 269 922
2 270 531
271 2 542
2 272 255
2 273 657
2 274 833
275 2 247
276 2 736
2 277 352
2 278 191
279 2 303
280 2 680
281 2 369
2 282 231
283 2 136
284 2 482
285 2 9
286 2 712
2 287 291
288 2 153
289 2 58
290 2 37
291 2 452
292 2 936
2 293 394
294 2 572
2 295 818
296 2 200
2 297 523
2 298 288
299 2 848
2 300 821
301 2 545
2 302 128
303 2 327
304 2 673
305 2 119
306 2 702
307 2 202
2 308 776
2 309 602
310 2 376
311 2 696
2 312 739
313 2 188
314 2 658
315 2 197
2 316 813
317 2 922
318 2 273
2 319 177
2 320 169
321 2 599
322 2 434
323 2 415
324 2 425
2 325 599
326 2 849
2 327 864
2 328 760
2 329 844
2 330 2
2 331 958
332 2 986
2 333 749
334 2 84
335 2 841
2 336 671
2 337 650
338 2 521
2 339 613
340 2 12
341 2 545
342 2 440
168 134 90
2 344 257
345 2 556
2 346 467
2 347 563
348 2 723
349 2 633
350 2 561
2 351 471
352 2 524
2 353 761
354 2 741
2 355 852
356 2 894
2 357 705
358 2 21
2 359 591
2 360 692
361 2 844
2 362 724
2 363 972
364 2 794
2 365 670
2 366 560
2 367 676
368 2 727
369 2 122
2 370 404
371 2 538
372 2 234
373 2 510
374 2 896
375 2 566
2 376 738
377 2 26
378 2 84
379 2 994
380 2 517
381 2 581
2 382 289
2 383 359
2 384 426
385 2 272
2 386 552
2 387 145
388 2 239
389 2 40
390 2 104
2 391 623
392 2 755
2 393 472
2 394 180
395 2 404
396 2 485
397 2 85
398 2 195
399 2 881
2 400 659
2 401 640
402 2 111
2 403 600
404 2 332
405 2 128
2 406 910
407 2 762
408 2 991
409 2 229
2 410 644
411 2 859
2 412 954
413 2 70
2 414 439
415 2 561
416 2 436
2 417 540
2 418 162
419 2 928
2 420 114
421 2 125
405 428 42
2 423 648
2 424 414
2 425 490
426 2 844
2 427 925
2 428 107
2 429 41
430 2 221
431 2 567
432 2 19
2 433 651
434 2 592
2 435 136
2 436 1
2 437 511
438 2 732
2 439 808
440 2 823
441 2 437
442 2 36
2 443 156
444 2 809
2 445 109
2 446 205
2 447 587
80 124 849
449 2 926
2 450 475
451 2 360
452 2 801
453 2 958
454 2 116
2 455 299
456 2 619
457 2 801
458 2 83
2 459 968
2 460 181
461 2 714
2 462 590
2 463 742
2 464 317
2 465 179
2 466 761
467 2 352
2 468 530
2 469 955
470 2 313
2 471 672
2 472 899
473 2 451
474 2 874
475 2 863
476 2 413
477 2 368
27 70 922
479 2 143
2 480 889
481 2 684
482 2 387
483 2 97
2 484 867
485 2 285
2 486 141
487 2 927
2 488 684
489 2 741
490 2 641
491 2 291
492 2 401
2 493 656
494 2 735
2 495 926
496 2 459
497 2 561
2 498 153
499 2 426
500 2 909
4 3 333
3 5 238
3 6 968
7 3 785
3 8 742
3 9 504
3 10 556
3 11 75
3 12 97
13 3 158
3 14 691
3 15 148
3 16 449
17 3 203
3 18 460
19 3 296
20 3 274
21 3 693
22 3 884
23 3 25
24 3 358
3 25 367
26 3 288
3 27 194
28 3 380
3 29 343
30 3 743
31 3 388
3 32 340
3 33 512
34 3 958
35 3 940
3 36 364
37 3 146
38 3 938
39 3 827
3 40 278
3 41 621
42 3 985
3 43 741
44 3 551
3 45 714
3 46 290
3 47 307
48 3 674
3 49 266
3 50 296
51 3 281
52 3 603
53 3 756
3 54 467
3 55 720
3 56 773
3 57 411
58 3 486
3 59 901
3 60 988
61 3 638
3 62 898
3 63 184
3 64 28
65 3 191
3 66 658
67 3 286
3 68 576
69 3 829
70 3 973
3 71 760
3 72 587
3 73 529
3 74 576
75 3 538
76 3 955
77 3 436
78 3 177
213 283 356
80 3 809
3 81 56
3 82 933
3 83 493
201 109 474
85 3 11
86 3 450
87 3 299
243 57 633
89 3 95
3 90 174
91 3 83
92 3 419
3 93 389
3 94 838
95 3 24
3 96 393
97 3 21
3 98 144
3 99 748
100 3 257
3 101 855
3 102 26
3 103 632
3 104 878
105 3 797
106 3 64
3 107 706
74 329 268
109 3 62
42 218 578
111 3 338
3 112 548
3 113 565
114 3 883
115 3 284
116 3 902
3 117 129
118 3 83
119 3 769
120 3 82
3 121 771
3 122 870
123 3 733
124 3 198
125 3 338
126 3 747
127 3 634
3 128 747
3 129 50
130 3 295
3 131 260
132 3 848
3 133 312
134 3 935
3 135 284
3 136 222
137 3 376
3 138 529
3 139 445
3 140 969
3 141 344
3 142 444
3 143 866
3 144 230
145 3 594
146 3 883
147 3 526
3 148 919
149 3 278
3 150 374
3 151 882
3 152 664
153 3 573
292 56 496
155 3 578
3 156 326
3 157 7
3 158 338
3 159 504
160 3 267
161 3 142
3 162 679
3 163 520
164 3 228
3 165 9
3 166 6
167 3 227
3 168 835
169 3 634
3 170 388
171 3 628
172 3 861
3 173 288
174 3 799
175 3 837
3 176 524
177 3 646
3 178 579
3 179 587
3 180 734
181 3 754
3 182 737
183 3 462
3 184 68
3 185 263
3 186 739
3 187 787
188 3 932
3 189 539
3 190 266
3 191 913
192 3 256
193 3 282
3 194 728
3 195 231
196 3 405
3 197 705
3 198 766
199 3 525
3 200 109
201 3 51
202 3 559
3 203 446
204 3 397
3 205 992
206 3 259
207 3 68
3 208 23
209 3 257
210 3 133
3 211 612
212 3 914
213 3 142
3 214 238
3 215 942
216 3 589
217 3 96
218 3 104
3 219 542
220 3 847
221 3 903
222 3 227
3 223 638
3 224 10
3 225 52
226 3 899
3 227 762
3 228 291
3 229 864
3 230 72
3 231 850
3 232 460
233 3 164
234 3 36
3 235 963
236 3 411
237 3 255
238 3 65
3 239 950
240 3 128
3 241 900
3 242 225
3 243 896
3 244 763
245 3 312
246 3 140
247 3 137
103 443 691
3 249 296
250 3 53
251 3 29
320 154 544
253 3 209
254 3 85
255 3 782
256 3 330
3 257 311
258 3 815
259 3 367
260 3 63
3 261 311
262 3 986
263 3 834
264 3 177
3 265 924
266 3 483
267 3 484
268 3 174
269 3 957
425 40 128
271 3 700
3 272 206
3 273 989
274 3 245
275 3 287
3 276 49
3 277 314
278 3 971
3 279 447
280 3 495
281 3 904
282 3 932
3 283 887
3 284 365
285 3 467
3 286 513
287 3 753
288 3 414
3 289 488
290 3 708
3 291 600
292 3 128
3 293 828
3 294 950
3 295 750
296 3 307
297 3 27
3 298 250
299 3 559
3 300 142
3 301 731
3 302 248
3 303 92
3 304 154
305 3 654
3 306 243
307 3 578
308 3 788
3 309 436
310 3 763
311 3 264
3 312 903
313 3 438
3 314 140
3 315 724
316 3 200
3 317 52
318 3 989
3 319 623
3 320 80
321 3 352
3 322 522
3 323 68
324 3 998
3 325 425
3 326 139
3 327 229
328 3 339
329 3 865
3 330 539
331 3 382
3 332 611
333 3 496
334 3 537
335 3 848
3 336 698
337 3 894
338 3 594
423 32 744
3 340 837
341 3 244
342 3 301
3 343 29
3 344 517
345 3 172
346 3 198
347 3 893
3 348 56
3 349 997
350 3 427
3 351 280
271 453 152
353 3 184
3 354 290
3 355 388
3 356 585
498 3 117
358 3 841
3 359 655
360 3 871
361 3 535
3 362 261
363 3 248
364 3 190
365 3 628
3 366 812
367 3 751
368 3 544
274 21 38
3 370 218
371 3 129
372 3 867
3 373 476
374 3 816
3 375 405
376 3 248
377 3 962
378 3 792
379 3 121
3 380 485
3 381 116
3 382 211
3 383 749
3 384 220
3 385 767
386 3 403
387 3 294
388 3 850
389 3 953
3 390 881
3 391 901
392 3 17
3 393 148
3 394 360
395 3 806
3 396 430
3 397 615
3 398 528
399 3 122
3 400 523
3 401 932
3 402 836
403 3 469
3 404 750
3 405 651
3 406 836
407 3 432
3 408 521
409 3 982
410 3 564
411 3 72
3 412 536
3 413 51
414 3 963
415 3 437
416 3 638
417 3 206
3 418 709
3 419 564
3 420 888
421 3 76
3 422 370
3 423 894
424 3 400
425 3 256
3 426 693
427 3 967
3 428 187
3 429 537
430 3 925
3 431 535
432 3 836
3 433 498
434 3 199
3 435 588
436 3 807
437 3 418
438 3 810
3 439 326
3 440 94
3 441 954
442 3 705
3 443 826
3 444 808
3 445 857
3 446 261
3 447 464
448 3 789
449 3 787
3 450 369
451 3 165
452 3 251
3 453 894
454 3 540
455 3 866
456 3 164
3 457 939
3 458 26
459 3 291
460 3 158
3 461 267
462 3 731
463 3 648
3 464 641
3 465 208
3 466 163
3 467 759
3 468 381
469 3 487
3 470 712
471 3 512
472 3 745
3 473 501
474 3 456
3 475 688
3 476 37
3 477 167
478 3 728
479 3 423
480 3 65
3 481 648
482 3 453
483 3 338
484 3 636
3 485 55
486 3 159
3 487 145
488 3 310
3 489 822
3 490 473
491 3 778
492 3 597
493 3 820
494 3 67
495 3 412
3 496 92
497 3 452
357 3 48
3 499 101
500 3 160
5 4 636
6 4 96
4 7 725
8 4 705
4 9 591
4 10 359
4 11 281
12 4 927
4 13 43
4 14 108
4 15 672
4 16 243
4 17 940
18 4 395
4 19 569
20 4 913
21 4 807
22 4 548
23 4 204
4 24 293
121 411 200
4 26 330
4 27 676
488 282 738
29 4 12
4 30 268
31 4 628
32 4 636
33 4 848
4 34 927
4 35 374
36 4 552
4 37 264
38 4 634
39 4 581
40 4 415
41 4 224
4 42 368
4 43 477
44 4 375
4 45 511
46 4 914
4 47 349
48 4 529
4 49 135
50 4 259
4 51 724
52 4 436
4 53 159
4 54 994
4 55 217
4 56 881
57 4 569
58 4 851
4 59 522
4 60 549
4 61 428
4 62 246
63 4 950
4 64 922
4 65 971
66 4 999
4 67 835
4 68 573
4 69 811
70 4 876
4 71 209
4 72 314
73 4 145
4 74 642
4 75 468
76 4 140
77 4 818
4 78 33
79 4 422
80 4 405
81 4 882
4 82 475
4 83 714
84 4 460
85 4 342
4 86 521
87 4 770
4 88 418
89 4 377
90 4 334
4 91 835
4 92 740
93 4 635
94 4 474
4 95 692
4 96 140
4 97 205
4 98 888
4 99 467
4 100 200
101 4 638
4 102 176
103 4 871
4 104 17
4 105 785
106 4 198
107 4 703
108 4 158
109 4 573
4 110 49
4 111 729
112 4 703
113 4 108
4 114 261
115 4 940
4 116 194
4 117 972
118 4 129
4 119 871
4 120 696
4 121 177
4 122 786
123 4 47
124 4 385
4 125 433
4 126 790
4 127 813
128 4 988
4 129 294
130 4 410
4 131 822
67 63 72
4 133 176
134 4 93
135 4 465
136 4 911
137 4 416
138 4 538
4 139 980
4 140 309
141 4 6
142 4 682
126 132 168
144 4 909
4 145 557
146 4 776
147 4 824
4 148 524
149 4 650
150 4 411
151 4 750
4 152 316
4 153 48
154 4 927
155 4 206
4 156 571
4 157 198
4 158 356
159 4 865
160 4 433
161 4 575
162 4 254
4 163 308
164 4 397
4 165 73
166 4 491
4 167 118
4 168 937
169 4 63
4 170 1000
171 4 597
172 4 18
173 4 167
174 4 572
175 4 442
4 176 177
177 4 973
4 178 540
179 4 680
4 180 252
4 181 374
182 4 726
4 183 585
4 184 613
4 185 6
186 4 285
4 187 129
4 188 594
4 189 771
190 4 571
4 191 529
192 4 484
4 193 503
4 194 938
195 4 365
196 4 352
197 4 729
198 4 642
4 199 663
4 200 425
4 201 773
202 4 991
4 203 802
204 4 163
205 4 568
206 4 944
207 4 655
4 208 90
348 228 621
4 210 49
4 211 227
212 4 33
213 4 650
4 214 402
4 215 479
4 216 396
4 217 259
4 218 477
4 219 47
220 4 470
221 4 942
222 4 492
4 223 988
224 4 363
225 4 494
226 4 48
4 227 362
228 4 176
4 229 913
230 4 203
4 231 146
232 4 166
4 233 98
234 4 680
4 235 73
236 4 315
4 237 399
4 238 565
239 4 16
240 4 744
4 241 627
242 4 752
243 4 522
244 4 228
245 4 197
246 4 175
290 453 712
4 248 703
4 249 496
250 4 886
4 251 832
252 4 16
459 369 249
254 4 221
255 4 530
256 4 608
4 257 772
4 258 784
259 4 810
4 260 37
261 4 504
4 262 997
263 4 433
264 4 560
265 4 510
4 266 329
4 267 892
4 268 415
269 4 614
4 270 980
271 4 787
4 272 915
4 273 137
274 4 416
414 135 147
4 276 475
4 277 136
4 278 486
4 279 85
280 4 344
281 4 60
4 282 128
283 4 749
284 4 159
4 285 660
4 286 144
287 4 387
288 4 234
4 289 18
290 4 512
4 291 29
292 4 311
4 293 806
4 294 480
295 4 171
296 4 183
4 297 937
4 298 500
4 299 866
4 300 928
301 4 739
4 302 643
303 4 130
4 304 412
4 305 223
306 4 305
307 4 576
308 4 920
309 4 762
310 4 525
4 311 125
312 4 630
4 313 887
314 4 780
315 4 100
4 316 955
4 317 29
4 318 900
319 4 768
320 4 594
321 4 799
4 322 162
4 323 660
324 4 655
4 325 267
326 4 309
479 81 833
4 328 436
4 329 340
4 330 456
4 331 707
4 332 631
4 333 577
334 4 796
335 4 236
336 4 850
337 4 579
4 338 971
339 4 368
340 4 954
341 4 427
342 4 607
343 4 536
344 4 473
4 345 449
346 4 385
347 4 383
4 348 677
4 349 710
350 4 842
4 351 544
352 4 846
4 353 763
354 4 757
355 4 94
356 4 547
4 357 744
4 358 459
4 359 738
4 360 398
4 361 942
4 362 502
363 4 64
364 4 883
4 365 453
366 4 198
367 4 594
4 368 549
369 4 455
4 370 343
4 371 412
4 372 738
302 46 883
4 374 417
4 375 918
376 4 2
377 4 939
378 4 431
4 379 758
4 380 155
4 381 214
4 382 576
4 383 547
4 384 184
385 4 863
4 386 841
4 387 739
388 4 429
4 389 796
4 390 529
4 391 261
392 4 709
4 393 255
394 4 220
4 395 416
396 4 125
397 4 193
4 398 729
399 4 835
400 4 926
4 401 930
402 4 164
4 403 826
4 404 726
4 405 498
406 4 876
407 4 840
408 4 512
409 4 156
4 410 350
4 411 527
4 412 287
413 4 165
414 4 240
4 415 497
416 4 679
4 417 265
4 418 863
4 419 179
4 420 93
4 421 895
422 4 114
423 4 565
4 424 857
4 425 376
4 426 100
427 4 259
4 428 443
4 429 732
4 430 246
4 431 119
4 432 52
433 4 332
4 434 666
435 4 196
4 436 960
4 437 129
438 4 665
4 439 988
440 4 651
4 441 156
4 442 854
443 4 988
4 444 680
4 445 724
446 4 49
4 447 667
4 448 507
449 4 131
450 4 238
451 4 350
4 452 553
453 4 545
454 4 571
455 4 407
296 179 59
457 4 968
4 458 829
4 459 649
460 4 863
4 461 206
4 462 963
4 463 614
4 464 511
465 4 174
4 466 586
4 467 817
468 4 415
4 469 207
4 470 951
4 471 420
472 4 147
473 4 267
474 4 656
4 475 396
476 4 807
477 4 305
478 4 476
355 153 432
480 4 509
4 481 996
4 482 414
483 4 405
4 484 267
4 485 459
486 4 726
487 4 285
488 4 338
489 4 951
4 490 608
4 491 467
4 492 264
493 4 23
494 4 603
4 495 200
4 496 439
4 497 487
498 4 762
4 499 938
500 4 812
5 6 964
5 7 647
5 8 528
9 5 344
10 5 74
11 5 467
12 5 967
5 13 443
5 14 391
15 5 847
16 5 168
17 5 404
18 5 85
5 19 847
20 5 815
5 21 714
5 22 955
5 23 786
5 24 990
25 5 606
26 5 317
27 5 643
5 28 448
6 485 870
5 30 112
31 5 315
32 5 526
5 33 236
5 34 623
35 5 180
36 5 925
5 37 277
5 38 457
39 5 175
5 40 894
5 41 483
5 42 352
43 5 991
5 44 285
45 5 236
5 46 507
47 5 220
5 48 235
5 49 720
50 5 213
51 5 450
5 52 436
5 53 46
5 54 331
5 55 31
5 56 746
57 5 960
5 58 250
5 59 424
60 5 456
5 61 146
62 5 456
63 5 660
64 5 151
5 65 735
5 66 446
67 5 895
5 68 604
69 5 908
5 70 340
5 71 593
5 72 488
5 73 595
5 74 421
5 75 245
76 5 447
5 77 386
5 78 894
79 5 467
5 80 850
81 5 9
5 82 811
95 213 910
5 84 525
85 5 976
86 5 347
5 87 430
5 88 977
5 89 830
5 90 415
91 5 830
5 92 163
93 5 963
5 94 879
5 95 287
5 96 355
5 97 167
98 5 477
337 138 548
5 100 982
5 101 696
5 102 767
5 103 332
104 5 797
5 105 993
5 106 985
5 107 108
5 108 708
5 109 101
5 110 137
111 5 354
5 112 908
113 5 32
114 5 850
5 115 459
116 5 785
5 117 230
5 118 649
5 119 5
120 5 588
5 121 506
122 5 515
41 24 158
5 124 410
5 125 353
441 268 901
127 5 699
128 5 115
5 129 604
130 5 418
5 131 434
5 132 956
5 133 210
134 5 97
5 135 9
5 136 269
5 137 171
138 5 637
139 5 900
140 5 436
5 141 518
5 142 763
143 5 539
144 5 89
5 145 700
5 146 767
147 5 369
5 148 304
5 149 754
150 5 951
5 151 494
152 5 122
153 5 859
5 154 14
5 155 518
5 156 515
5 157 820
5 158 923
159 5 336
5 160 197
5 161 791
5 162 87
163 5 169
164 5 972
5 165 88
166 5 515
5 167 166
168 5 705
5 169 915
170 5 760
5 171 461
172 5 632
5 173 132
174 5 532
175 5 909
5 176 857
5 177 973
178 5 924
179 5 688
5 180 282
181 5 836
182 5 4
183 5 872
5 184 347
5 185 914
5 186 297
187 5 560
5 188 24
189 5 469
190 5 696
282 391 191
5 192 787
193 5 710
194 5 164
5 195 409
5 196 392
5 197 316
198 5 324
5 199 29
5 200 344
5 201 528
202 5 610
5 203 415
5 204 566
5 205 503
206 5 213
5 207 464
208 5 525
5 209 963
5 210 856
5 211 745
212 5 871
213 5 234
5 214 369
5 215 972
5 216 895
423 419 693
218 5 987
5 219 155
220 5 321
5 221 627
222 5 884
223 5 295
5 224 981
225 5 27
226 5 175
5 227 170
228 5 503
5 229 197
5 230 532
231 5 645
5 232 866
5 233 642
234 5 195
235 5 659
236 5 880
5 237 272
238 5 581
239 5 348
240 5 323
5 241 95
242 5 3
243 5 643
244 5 984
5 245 678
5 246 988
247 5 25
5 248 295
249 5 206
250 5 372
5 251 776
252 5 572
445 229 54
5 254 855
5 255 336
256 5 697
5 257 286
5 258 2
259 5 205
260 5 394
5 261 972
5 262 259
263 5 102
5 264 175
5 265 986
266 5 700
5 267 616
5 268 29
5 269 701
5 270 548
5 271 818
5 272 934
5 273 944
5 274 533
275 5 759
276 5 20
277 5 663
5 278 695
5 279 855
280 5 50
281 5 541
282 5 884
283 5 381
5 284 827
285 5 350
286 5 914
5 287 298
5 288 841
289 5 37
5 290 108
5 291 25
5 292 495
5 293 343
294 5 769
295 5 809
5 296 184
297 5 183
298 5 772
299 5 638
300 5 718
5 301 976
5 302 274
303 5 105
5 304 955
5 305 934
5 306 967
5 307 35
308 5 427
309 5 933
310 5 825
311 5 446
312 5 504
313 5 176
314 5 195
315 5 812
316 5 21
317 5 492
5 318 540
5 319 30
5 320 316
321 5 66
5 322 293
323 5 790
5 324 240
5 325 168
326 5 663
5 327 957
5 328 347
329 5 633
330 5 19
5 331 438
5 332 74
5 333 136
334 5 567
335 5 761
5 336 524
5 337 129
338 5 696
5 339 441
340 5 782
5 341 177
342 5 914
5 343 726
344 5 497
5 345 145
346 5 786
347 5 572
348 5 763
5 349 302
350 5 165
5 351 474
5 352 978
5 353 148
354 5 670
5 355 564
5 356 252
5 357 894
358 5 932
5 359 170
360 5 642
361 5 784
362 5 113
363 5 623
364 5 248
365 5 86
5 366 660
367 5 554
368 5 911
5 369 138
5 370 256
371 5 832
372 5 436
373 5 282
5 374 603
375 5 72
5 376 718
5 377 831
378 5 336
5 379 798
5 380 163
381 5 759
382 5 461
5 383 720
5 384 980
5 385 803
386 5 390
5 387 700
388 5 428
389 5 690
5 390 312
391 5 520
5 392 541
393 5 92
5 394 991
5 395 369
5 396 283
5 397 529
5 398 520
399 5 237
400 5 206
401 5 376
402 5 743
5 403 152
404 5 573
5 405 120
439 117 227
407 5 587
408 5 910
409 5 298
410 5 29
5 411 504
5 412 135
413 5 284
414 5 77
5 415 544
5 416 776
5 417 624
5 418 549
5 419 37
420 5 190
5 421 403
422 5 492
423 5 696
424 5 202
425 5 350
5 426 44
427 5 60
5 428 160
429 5 832
430 5 388
431 5 449
5 432 785
433 5 355
5 434 590
5 435 34
436 5 897
437 5 475
438 5 834
5 439 151
440 5 553
5 441 666
442 5 594
443 5 148
5 444 670
5 445 278
5 446 260
5 447 72
448 5 728
449 5 457
450 5 971
5 451 463
452 5 548
453 5 776
5 454 390
455 5 905
5 456 915
457 5 365
458 5 56
459 5 432
460 5 889
461 5 102
462 5 590
5 463 710
464 5 990
465 5 3
466 5 764
5 467 461
5 468 312
5 469 819
5 470 72
5 471 685
472 5 800
5 473 568
5 474 989
5 475 505
476 5 896
477 5 446
5 478 42
5 479 970
480 5 939
481 5 720
482 5 841
5 483 499
5 484 741
5 485 668
486 5 152
5 487 875
5 488 551
489 5 362
5 490 419
5 491 806
5 492 461
5 493 360
494 5 560
495 5 740
496 5 375
5 497 681
5 498 985
5 499 617
500 5 139
7 6 25
6 8 430
6 9 19
10 6 993
11 6 587
12 6 144
13 6 112
14 6 518
15 6 699
16 6 255
17 6 613
18 6 162
19 6 317
6 20 182
21 6 199
22 6 490
6 23 564
24 6 361
25 6 886
6 26 878
27 6 363
6 28 158
6 29 701
6 30 516
6 31 400
6 32 825
6 33 332
6 34 459
6 35 900
36 6 846
6 37 494
6 38 873
6 39 532
6 40 59
41 6 27
6 42 678
43 6 355
6 44 219
45 6 231
6 46 479
6 47 750
48 6 524
49 6 529
6 50 84
51 6 662
6 52 10
6 53 261
54 6 737
6 55 442
6 56 450
6 57 555
6 58 217
6 59 426
60 6 375
6 61 789
62 6 902
6 63 237
6 64 985
65 6 253
66 6 699
67 6 708
68 6 929
69 6 701
70 6 434
6 71 204
72 6 399
73 6 549
6 74 334
75 6 432
76 6 188
77 6 752
78 6 107
6 79 813
80 6 504
6 81 103
6 82 553
83 6 701
6 84 157
85 6 236
86 6 100
6 87 564
88 6 130
89 6 713
6 90 399
6 91 46
6 92 921
93 6 823
94 6 892
95 6 479
96 6 833
97 6 103
6 98 157
6 99 545
6 100 932
101 6 308
102 6 959
103 6 42
104 6 426
6 105 255
6 106 586
6 107 179
108 6 973
6 109 426
110 6 98
6 111 370
6 112 899
113 6 334
114 6 153
115 6 81
116 6 287
6 117 541
118 6 698
6 119 413
120 6 217
121 6 528
122 6 24
6 123 175
124 6 705
125 6 226
6 126 45
127 6 230
6 128 119
129 6 114
130 6 11
6 131 220
288 389 470
133 6 214
6 134 159
135 6 869
136 6 733
137 6 995
6 138 928
493 19 67
6 140 949
141 6 246
6 142 709
6 143 372
6 144 214
145 6 94
146 6 596
147 6 786
148 6 169
6 149 127
6 150 164
151 6 626
6 152 583
6 153 816
6 154 668
6 155 982
6 156 25
157 6 422
158 6 9
6 159 819
6 160 581
161 6 239
258 302 300
163 6 20
6 164 728
165 6 32
166 6 522
167 6 829
168 6 343
169 6 784
6 170 530
171 6 696
172 6 828
173 6 354
6 174 323
6 175 347
6 176 191
6 177 831
178 6 267
179 6 80
6 180 338
6 181 929
6 182 792
183 6 525
6 184 780
185 6 258
186 6 923
6 187 290
6 188 583
189 6 947
190 6 649
191 6 677
192 6 843
193 6 85
194 6 585
195 6 697
196 6 905
197 6 19
198 6 496
6 199 746
200 6 992
6 201 182
6 202 799
6 203 282
204 6 339
205 6 248
6 206 524
6 207 768
6 208 256
209 6 993
6 210 21
6 211 388
212 6 35
6 213 630
214 6 512
215 6 884
216 6 929
217 6 524
6 218 190
6 219 395
6 220 606
221 6 385
6 222 651
223 6 468
224 6 775
6 225 284
6 226 696
227 6 923
6 228 456
229 6 232
6 230 362
6 231 972
6 232 560
6 233 341
6 234 624
6 235 914
6 236 848
237 6 487
238 6 688
6 239 474
6 240 792
241 6 61
242 6 106
6 243 997
244 6 490
6 245 939
6 246 971
6 247 594
6 248 861
412 153 969
6 250 116
6 251 281
6 252 811
253 6 993
254 6 145
6 255 529
256 6 387
6 257 589
6 258 203
259 6 227
260 6 848
261 6 934
6 262 518
375 341 476
264 6 880
6 265 542
6 266 788
267 6 943
6 268 485
269 6 943
340 425 767
6 271 801
6 272 952
6 273 810
6 274 243
275 6 291
6 276 9
277 6 370
6 278 98
6 279 308
6 280 688
6 281 870
282 6 686
6 283 956
6 284 336
285 6 514
286 6 922
6 287 98
288 6 6
6 289 350
290 6 305
291 6 551
6 292 166
293 6 774
6 294 718
6 295 849
6 296 662
297 6 584
298 6 890
299 6 777
6 300 994
6 301 857
6 302 234
303 6 557
6 304 414
6 305 264
306 6 734
6 307 375
308 6 351
6 309 682
310 6 899
311 6 924
312 6 123
313 6 996
6 314 898
315 6 933
6 316 307
317 6 20
6 318 543
6 319 729
6 320 680
321 6 153
322 6 394
323 6 826
6 324 436
6 325 430
326 6 754
6 327 595
328 6 28
329 6 875
330 6 93
331 6 865
6 332 261
6 333 892
334 6 736
335 6 327
6 336 844
337 6 928
338 6 13
6 339 256
6 340 628
341 6 475
6 342 672
6 343 705
6 344 212
6 345 116
6 346 930
347 6 611
6 348 487
6 349 392
6 350 583
351 6 838
352 6 522
353 6 109
354 6 159
355 6 521
356 6 225
6 357 96
358 6 680
6 359 915
6 360 170
361 6 384
362 6 546
6 363 117
364 6 776
6 365 400
366 6 354
367 6 446
368 6 433
6 369 321
6 370 760
371 6 86
372 6 449
6 373 717
6 374 968
6 375 995
6 376 781
6 377 949
378 6 701
6 379 999
6 380 121
6 381 821
6 382 490
383 6 735
6 384 547
6 385 587
6 386 495
387 6 446
6 388 389
6 389 723
6 390 18
6 391 856
392 6 390
393 6 37
394 6 979
6 395 415
6 396 314
397 6 717
6 398 742
6 399 898
400 6 110
6 401 859
402 6 797
403 6 625
404 6 445
6 405 465
6 406 572
407 6 106
408 6 5
6 409 8
410 6 603
411 6 247
412 6 179
413 6 35
6 414 496
6 415 502
416 6 195
417 6 65
21 88 202
6 419 311
420 6 768
6 421 639
422 6 263
6 423 114
6 424 474
425 6 260
426 6 303
427 6 726
6 428 659
429 6 236
6 430 102
6 431 331
6 432 569
433 6 142
434 6 758
435 6 329
436 6 392
6 437 806
438 6 379
439 6 591
440 6 381
6 441 843
442 6 381
443 6 181
444 6 987
6 445 722
6 446 289
447 6 226
6 448 490
449 6 865
450 6 584
6 451 662
6 452 515
6 453 341
454 6 15
455 6 41
456 6 925
6 457 637
458 6 958
6 459 467
6 460 124
6 461 404
6 462 425
463 6 770
464 6 404
6 465 395
6 466 90
6 467 431
468 6 874
6 469 796
6 470 708
471 6 121
472 6 964
6 473 256
6 474 706
6 475 168
6 476 163
6 477 754
6 478 430
479 6 675
480 6 216
6 481 762
6 482 722
6 483 627
484 6 525
29 5 44
6 486 163
487 6 734
488 6 616
489 6 62
490 6 184
6 491 85
492 6 35
493 6 125
494 6 855
495 6 653
178 470 806
497 6 968
6 498 9
6 499 586
500 6 60
7 8 172
9 7 818
7 10 992
11 7 986
12 7 502
7 13 250
14 7 992
15 7 123
16 7 716
7 17 926
7 18 513
7 19 758
7 20 621
7 21 951
22 7 404
7 23 990
7 24 252
7 25 521
7 26 855
27 7 281
7 28 777
29 7 958
30 7 755
7 31 394
32 7 79
33 7 105
34 7 511
7 35 488
7 36 567
7 37 867
7 38 890
7 39 988
40 7 820
41 7 66
7 42 596
43 7 47
44 7 110
45 7 781
46 7 446
47 7 793
7 48 111
7 49 129
50 7 621
51 7 595
7 52 464
53 7 775
54 7 915
55 7 750
7 56 661
250 238 299
58 7 582
59 7 962
60 7 237
7 61 127
62 7 744
63 7 320
7 64 611
65 7 310
7 66 13
67 7 624
68 7 704
7 69 225
7 70 336
71 7 764
7 72 94
7 73 30
74 7 798
75 7 59
76 7 782
7 77 771
7 78 929
7 79 103
80 7 35
81 7 935
7 82 254
466 30 191
84 7 245
7 85 738
7 86 63
87 7 830
88 7 344
7 89 985
90 7 371
7 91 146
7 92 42
7 93 235
94 7 929
7 95 38
7 96 608
97 7 134
98 7 400
99 7 168
7 100 441
7 101 474
7 102 458
7 103 924
104 7 841
7 105 828
7 106 157
107 7 431
7 108 248
290 34 509
7 110 257
111 7 188
7 112 697
113 7 929
114 7 620
115 7 627
116 7 979
117 7 145
118 7 401
7 119 69
120 7 43
7 121 241
7 122 548
7 123 489
124 7 536
7 125 138
7 126 792
7 127 427
7 128 302
129 7 793
7 130 409
7 131 847
132 7 508
7 133 94
134 7 690
135 7 490
7 136 806
7 137 647
138 7 153
139 7 834
7 140 251
141 7 858
142 7 798
347 439 553
7 144 592
145 7 190
146 7 960
147 7 206
7 148 123
7 149 587
150 7 495
151 7 299
152 7 184
7 153 373
154 7 867
155 7 104
7 156 792
7 157 837
7 158 732
159 7 991
7 160 205
7 161 896
162 7 343
7 163 526
164 7 328
7 165 966
7 166 904
167 7 736
168 7 771
169 7 52
7 170 522
7 171 540
172 7 943
173 7 259
7 174 561
175 7 876
7 176 152
7 177 302
178 7 128
179 7 968
180 7 996
7 181 864
7 182 979
7 183 521
7 184 719
7 185 428
186 7 823
7 187 974
7 188 849
7 189 979
190 7 597
7 191 370
192 7 606
193 7 578
194 7 11
195 7 875
7 196 325
7 197 609
7 198 458
199 7 925
7 200 994
201 7 21
202 7 297
7 203 134
204 7 133
205 7 830
7 206 520
207 7 935
208 7 673
7 209 170
210 7 198
7 211 65
212 7 109
7 213 208
7 214 340
215 7 61
7 216 990
7 217 94
218 7 328
7 219 51
220 7 835
221 7 188
7 222 923
7 223 20
7 224 192
251 13 543
7 226 803
7 227 568
228 7 852
229 7 183
230 7 706
231 7 81
232 7 939
233 7 560
7 234 269
7 235 510
236 7 420
439 350 101
238 7 181
239 7 529
240 7 979
241 7 168
242 7 553
243 7 746
7 244 929
7 245 140
246 7 227
7 247 865
248 7 215
249 7 252
7 250 223
251 7 559
252 7 303
7 253 472
7 254 855
255 7 14
7 256 19
257 7 239
258 7 561
7 259 381
7 260 748
261 7 504
262 7 815
263 7 453
7 264 276
7 265 456
266 7 846
267 7 918
7 268 700
7 269 143
7 270 8
7 271 331
7 272 959
273 7 194
7 274 394
7 275 537
7 276 845
7 277 115
7 278 710
279 7 996
280 7 241
7 281 660
282 7 786
283 7 619
284 7 348
7 285 888
286 7 1000
287 7 679
7 288 615
289 7 971
7 290 260
291 7 608
292 7 653
293 7 748
7 294 601
7 295 240
7 296 351
297 7 218
298 7 796
299 7 549
300 7 653
301 7 76
7 302 743
7 303 739
7 304 348
305 7 968
306 7 488
307 7 16
7 308 811
7 309 477
7 310 111
7 311 631
312 7 333
313 7 104
7 314 795
446 345 382
7 316 937
317 7 363
318 7 414
319 7 679
320 7 53
321 7 409
322 7 828
7 323 27
7 324 495
7 325 396
326 7 561
327 7 778
7 328 787
329 7 432
330 7 952
7 331 284
7 332 776
7 333 501
334 7 156
335 7 11
7 336 610
7 337 40
7 338 571
339 7 759
340 7 810
7 341 746
7 342 317
7 343 169
7 344 193
7 345 184
7 346 970
7 347 744
7 348 865
349 7 961
350 7 89
11 455 479
7 352 644
353 7 683
7 354 978
355 7 588
356 7 482
7 357 575
358 7 357
7 359 251
7 360 48
361 7 624
362 7 201
363 7 362
364 7 972
7 365 376
366 7 102
367 7 266
368 7 690
7 369 260
370 7 683
7 371 492
372 7 610
7 373 971
7 374 689
375 7 658
7 376 615
7 377 914
378 7 13
7 379 793
380 7 897
7 381 235
7 382 522
7 383 254
384 7 428
385 7 937
386 7 885
7 387 886
7 388 935
389 7 589
7 390 343
391 7 548
7 392 614
393 7 53
394 7 39
7 395 359
396 7 457
397 7 912
7 398 461
399 7 841
400 7 323
7 401 387
7 402 936
403 7 745
7 404 147
405 7 719
7 406 97
7 407 610
7 408 14
409 7 352
7 410 886
411 7 834
7 412 19
177 122 111
7 414 944
415 7 444
7 416 125
7 417 721
7 418 677
419 7 638
7 420 525
7 421 591
7 422 718
423 7 43
424 7 502
7 425 764
7 426 818
427 7 411
7 428 535
429 7 754
430 7 674
7 431 662
7 432 549
433 7 365
434 7 539
435 7 565
436 7 726
437 7 574
438 7 943
7 439 33
440 7 182
7 441 297
442 7 484
7 443 122
7 444 334
445 7 239
446 7 3
447 7 113
7 448 408
449 7 725
7 450 818
7 451 6
452 7 901
7 453 747
7 454 579
455 7 379
7 456 151
7 457 983
458 7 699
7 459 166
460 7 719
461 7 559
462 7 292
7 463 51
464 7 872
465 7 242
7 466 187
7 467 960
468 7 466
7 469 952
470 7 658
471 7 808
472 7 848
7 473 21
7 474 135
7 475 617
476 7 138
7 477 618
7 478 188
479 7 317
480 7 740
466 156 884
482 7 837
483 7 653
484 7 5
485 7 187
486 7 381
487 7 881
488 7 529
489 7 252
7 490 761
491 7 105
492 7 760
7 493 72
7 494 315
495 7 735
496 7 436
7 497 419
498 7 896
7 499 27
7 500 535
9 8 470
10 8 867
11 8 382
8 12 43
13 8 941
8 14 408
15 8 71
8 16 336
165 119 961
8 18 729
8 19 169
8 20 561
21 8 975
8 22 765
23 8 907
24 8 895
25 8 415
26 8 652
27 8 846
28 8 277
8 29 974
30 8 204
13 329 915
8 32 914
8 33 732
34 8 567
8 35 331
8 36 994
8 37 599
38 8 531
8 39 908
8 40 485
41 8 494
8 42 272
8 43 795
8 44 159
45 8 183
8 46 637
8 47 157
48 8 534
49 8 594
50 8 700
51 8 268
8 52 239
53 8 780
8 54 146
8 55 880
8 56 778
8 57 469
58 8 24
8 59 963
8 60 457
8 61 274
62 8 428
8 63 188
8 64 541
65 8 107
66 8 257
8 67 453
68 8 593
8 69 486
70 8 450
71 8 469
8 72 157
8 73 875
8 74 883
75 8 783
8 76 964
77 8 21
78 8 896
79 8 777
8 80 302
8 81 287
82 8 940
8 83 198
84 8 631
85 8 181
86 8 76
8 87 653
8 88 990
89 8 631
90 8 745
91 8 231
8 92 527
93 8 706
8 94 18
95 8 805
8 96 906
8 97 878
8 98 271
99 8 695
8 100 241
101 8 425
102 8 703
103 8 318
8 104 462
8 105 258
106 8 819
107 8 307
108 8 411
8 109 991
110 8 329
8 111 141
8 112 135
8 113 503
114 8 938
115 8 208
116 8 144
8 117 665
118 8 772
8 119 33
8 120 868
121 8 340
122 8 8
8 123 819
8 124 630
8 125 76
126 8 645
8 127 324
8 128 136
8 129 52
8 130 915
8 131 600
132 8 939
8 133 102
407 36 81
8 135 229
136 8 992
8 137 628
8 138 544
8 139 14
140 8 442
8 141 443
8 142 174
8 143 745
8 144 362
145 8 339
8 146 60
147 8 681
148 8 82
149 8 112
150 8 56
151 8 356
152 8 442
153 8 4
8 154 108
155 8 549
156 8 159
8 157 899
158 8 405
8 159 771
8 160 855
161 8 637
162 8 773
163 8 513
8 164 390
165 8 47
8 166 649
167 8 316
8 168 715
169 8 682
170 8 43
171 8 328
172 8 907
173 8 371
8 174 769
8 175 619
8 176 110
8 177 938
8 178 828
8 179 745
8 180 269
181 8 819
182 8 803
183 8 438
184 8 450
185 8 599
186 8 789
187 8 783
188 8 1000
8 189 452
8 190 986
191 8 577
8 192 399
193 8 249
8 194 859
8 195 80
196 8 370
47 70 515
198 8 638
199 8 402
200 8 608
201 8 755
202 8 659
203 8 658
8 204 254
8 205 454
8 206 721
8 207 77
331 444 747
8 209 211
210 8 585
211 8 648
8 212 890
213 8 521
214 8 386
215 8 824
8 216 812
217 8 510
218 8 892
219 8 392
8 220 675
221 8 793
8 222 541
223 8 327
8 224 833
225 8 673
8 226 239
227 8 519
8 228 303
8 229 971
8 230 551
8 231 31
8 232 134
233 8 624
234 8 624
8 235 810
8 236 289
8 237 884
238 8 54
8 239 950
240 8 833
241 8 89
8 242 396
243 8 830
244 8 208
245 8 706
246 8 710
8 247 33
8 248 414
8 249 112
250 8 928
251 8 72
252 8 424
8 253 648
8 254 893
255 8 972
8 256 171
8 257 827
258 8 872
8 259 797
8 260 261
261 8 485
8 262 79
8 263 604
8 264 565
265 8 167
8 266 794
8 267 394
268 8 398
269 8 630
270 8 833
8 271 87
8 272 896
8 273 865
8 274 212
8 275 276
8 276 543
277 8 70
278 8 192
8 279 105
8 280 146
8 281 941
8 282 369
283 8 648
284 8 557
285 8 932
286 8 10
287 8 768
288 8 951
8 289 801
8 290 510
291 8 691
292 8 109
8 293 675
294 8 155
8 295 152
8 296 237
297 8 826
298 8 106
299 8 473
8 300 148
301 8 66
302 8 737
8 303 486
8 304 833
8 305 821
306 8 864
8 307 73
308 8 463
8 309 142
310 8 823
311 8 552
312 8 287
8 313 606
314 8 999
8 315 79
8 316 140
317 8 10
318 8 388
319 8 35
320 8 805
321 8 259
8 322 34
323 8 431
324 8 70
325 8 685
326 8 949
327 8 691
328 8 839
8 329 248
330 8 887
8 331 256
332 8 716
333 8 514
334 8 78
8 335 885
8 336 643
337 8 444
338 8 235
8 339 669
340 8 465
341 8 496
8 342 900
343 8 991
344 8 229
345 8 338
8 346 826
347 8 965
8 348 700
8 349 324
8 350 532
351 8 437
352 8 235
8 353 823
354 8 51
8 355 819
356 8 560
8 357 513
358 8 140
359 8 45
8 360 66
361 8 346
362 8 297
8 363 509
8 364 900
365 8 334
366 8 104
8 367 947
368 8 574
369 8 526
370 8 666
371 8 177
372 8 348
8 373 606
8 374 565
375 8 709
376 8 717
377 8 961
8 378 291
8 379 746
8 380 885
8 381 409
382 8 665
383 8 23
8 384 459
8 385 239
386 8 249
8 387 254
8 388 676
389 8 865
8 390 888
8 391 94
8 392 798
8 393 118
394 8 120
395 8 938
396 8 758
397 8 476
398 8 263
399 8 560
8 400 291
8 401 891
402 8 687
403 8 939
8 404 440
348 158 24
8 406 596
8 407 402
408 8 950
8 409 339
410 8 865
411 8 839
412 8 823
8 413 393
414 8 563
415 8 864
8 416 260
417 8 594
8 418 644
8 419 305
8 420 457
8 421 4
8 422 57
423 8 903
8 424 724
425 8 270
426 8 197
8 427 471
8 428 161
429 8 726
430 8 932
8 431 437
432 8 192
433 8 276
8 434 361
8 435 757
436 8 117
437 8 692
438 8 440
8 439 886
440 8 432
441 8 352
442 8 52
443 8 474
444 8 283
445 8 164
8 446 514
8 447 360
448 8 727
449 8 520
450 8 709
451 8 970
8 452 47
453 8 730
454 8 584
455 8 647
8 456 618
8 457 545
8 458 503
8 459 74
460 8 525
461 8 643
462 8 686
463 8 729
464 8 935
465 8 536
466 8 584
467 8 231
468 8 276
469 8 84
470 8 177
8 471 954
472 8 947
8 473 377
474 8 941
475 8 909
8 476 8
477 8 267
8 478 911
239 265 40
8 480 274
481 8 794
482 8 778
483 8 179
8 484 726
485 8 755
8 486 532
8 487 671
8 488 322
489 8 152
8 490 198
491 8 221
492 8 395
493 8 755
8 494 749
495 8 620
8 496 176
8 497 567
8 498 308
8 499 247
500 8 708
10 9 431
9 11 360
9 12 629
13 9 896
14 9 693
9 15 730
16 9 384
17 9 886
18 9 613
9 19 441
9 20 254
21 9 599
9 22 703
9 23 381
9 24 627
9 25 494
9 26 360
9 27 541
9 28 757
29 9 243
315 255 113
90 121 202
32 9 311
9 33 482
9 34 183
9 35 306
9 36 806
9 37 457
38 9 449
39 9 518
40 9 927
41 9 349
9 42 502
9 43 244
9 44 255
45 9 477
9 46 260
9 47 853
48 9 921
49 9 237
9 50 346
9 51 536
52 9 836
9 53 845
9 54 327
55 9 806
56 9 194
9 57 944
58 9 344
59 9 956
9 60 475
9 61 478
9 62 998
63 9 68
9 64 256
65 9 162
66 9 533
67 9 396
9 68 976
9 69 108
9 70 263
71 9 645
9 72 230
73 9 255
9 74 151
9 75 629
9 76 288
9 77 284
78 9 487
9 79 662
9 80 106
9 81 662
82 9 714
83 9 29
84 9 457
85 9 965
86 9 210
87 9 427
88 9 889
9 89 827
90 9 155
9 91 375
9 92 472
93 9 801
94 9 6
95 9 195
96 9 24
9 97 243
9 98 127
9 99 587
9 100 881
101 9 672
102 9 368
103 9 289
104 9 708
9 105 11
106 9 180
107 9 211
9 108 705
9 109 573
9 110 564
9 111 43
112 9 626
9 113 568
114 9 46
9 115 558
9 116 686
9 117 61
9 118 505
9 119 390
9 120 831
9 121 159
9 122 122
123 9 648
124 9 956
9 125 30
126 9 721
9 127 799
128 9 240
129 9 694
130 9 413
9 131 959
132 9 305
133 9 741
9 134 492
135 9 914
9 136 434
9 137 88
9 138 148
139 9 207
9 140 753
9 141 214
9 142 221
9 143 718
9 144 857
9 145 819
146 9 101
9 147 717
9 148 690
149 9 15
9 150 626
9 151 790
152 9 420
153 9 533
9 154 627
9 155 887
9 156 984
9 157 708
158 9 496
159 9 512
9 160 751
9 161 689
162 9 117
163 9 168
164 9 784
9 165 867
166 9 651
167 9 969
9 168 286
9 169 494
9 170 335
171 9 824
172 9 840
9 173 113
174 9 610
175 9 622
176 9 680
177 9 400
178 9 495
9 179 569
11 251 45
181 9 250
182 9 703
183 9 587
9 184 160
185 9 676
186 9 536
9 187 586
9 188 354
9 189 516
9 190 122
9 191 911
192 9 957
193 9 262
9 194 681
9 195 583
9 196 831
197 9 235
9 198 326
9 199 645
9 200 674
201 9 237
202 9 518
9 203 630
204 9 310
9 205 813
9 206 329
9 207 251
208 9 446
209 9 781
9 210 596
211 9 59
212 9 847
9 213 126
214 9 488
9 215 758
216 9 708
9 217 716
9 218 904
9 219 123
9 220 628
9 221 116
9 222 631
9 223 939
224 9 930
9 225 509
226 9 320
227 9 923
228 9 445
229 9 300
9 230 564
231 9 174
9 232 638
233 9 590
234 9 560
9 235 937
9 236 468
9 237 850
9 238 956
9 239 294
240 9 483
9 241 348
9 242 997
9 243 473
9 244 664
245 9 956
246 9 619
9 247 78
9 248 927
249 9 589
9 250 604
9 251 497
252 9 238
9 253 238
254 9 623
9 255 628
9 256 439
9 257 908
258 9 970
9 259 268
260 9 50
9 261 846
262 9 61
9 263 621
9 264 672
9 265 680
266 9 693
267 9 146
268 9 729
9 269 297
270 9 106
9 271 205
272 9 143
273 9 565
274 9 449
275 9 733
276 9 689
277 9 331
278 9 178
279 9 883
280 9 769
281 9 655
282 9 27
9 283 172
9 284 110
285 9 537
9 286 707
287 9 746
9 288 747
289 9 749
9 290 360
291 9 507
9 292 462
293 9 42
9 294 90
295 9 904
296 9 922
297 9 51
9 298 957
9 299 879
300 9 197
9 301 825
302 9 843
303 9 810
304 9 411
305 9 854
9 306 752
9 307 942
9 308 137
9 309 603
9 310 452
9 311 933
9 312 154
9 313 963
9 314 604
315 9 300
316 9 750
9 317 934
9 318 298
9 319 518
320 9 862
9 321 919
9 322 704
9 323 991
324 9 834
9 325 358
326 9 425
327 9 585
328 9 51
329 9 879
9 330 961
331 9 51
9 332 553
333 9 418
334 9 175
9 335 876
9 336 573
9 337 393
9 338 522
9 339 989
9 340 632
9 341 652
342 9 105
9 343 213
9 344 515
345 9 784
9 346 954
9 347 714
9 348 869
349 9 660
350 9 292
9 351 519
9 352 745
9 353 282
9 354 980
355 9 152
9 356 492
357 9 796
9 358 364
359 9 39
360 9 739
9 361 669
362 9 240
9 363 203
364 9 475
365 9 532
366 9 367
367 9 60
368 9 375
9 369 477
370 9 600
9 371 144
372 9 711
9 373 735
9 374 986
375 9 409
376 9 523
9 377 782
378 9 330
379 9 245
9 380 163
9 381 290
9 382 601
9 383 509
9 384 570
385 9 791
386 9 12
387 9 414
388 9 518
389 9 644
390 9 234
391 9 499
9 392 947
9 393 676
9 394 306
395 9 400
396 9 885
9 397 191
9 398 482
399 9 689
9 400 777
9 401 714
9 402 225
9 403 25
9 404 212
9 405 291
406 9 870
407 9 843
408 9 82
409 9 438
410 9 454
9 411 821
9 412 785
9 413 675
414 9 626
9 415 96
416 9 571
417 9 565
418 9 862
9 419 258
420 9 272
421 9 436
9 422 924
423 9 923
9 424 57
9 425 188
9 426 599
9 427 739
9 428 326
429 9 924
430 9 64
9 431 499
432 9 9
433 9 168
9 434 565
9 435 79
9 436 721
9 437 728
438 9 309
9 439 443
440 9 320
441 9 311
442 9 453
9 443 147
9 444 462
9 445 756
9 446 702
9 447 161
9 448 99
9 449 388
9 450 804
9 451 58
452 9 480
453 9 566
454 9 704
9 455 497
456 9 79
9 457 13
458 9 47
459 9 523
9 460 663
461 9 530
462 9 858
9 463 74
464 9 921
465 9 816
9 466 836
467 9 411
468 9 861
9 469 662
470 9 695
471 9 519
9 472 630
473 9 904
474 9 903
9 475 845
9 476 722
9 477 447
9 478 213
479 9 686
9 480 115
481 9 292
482 9 749
9 483 232
484 9 432
485 9 105
486 9 528
487 9 133
9 488 421
489 9 360
490 9 931
491 9 793
492 9 86
9 493 505
494 9 463
9 495 502
434 158 160
9 497 697
498 9 255
499 9 467
500 9 257
10 11 646
12 10 324
13 10 393
10 14 387
10 15 348
16 10 404
10 17 325
18 10 549
10 19 371
10 20 815
21 10 2
22 10 801
23 10 86
10 24 745
25 10 596
26 10 615
10 27 277
10 28 91
10 29 901
204 332 113
10 31 436
32 10 890
10 33 811
10 34 861
35 10 522
10 36 847
37 10 360
38 10 479
39 10 691
10 40 997
41 10 273
10 42 740
10 43 375
44 10 53
10 45 840
10 46 455
10 47 584
48 10 829
10 49 546
10 50 279
51 10 152
10 52 405
53 10 458
54 10 831
10 55 273
10 56 889
57 10 588
10 58 462
59 10 186
60 10 490
61 10 635
62 10 445
10 63 209
10 64 861
65 10 627
10 66 619
67 10 524
68 10 122
69 10 775
70 10 668
71 10 534
72 10 526
10 73 548
74 10 630
75 10 433
10 76 17
77 10 596
10 78 754
79 10 110
80 10 625
10 81 901
82 10 897
83 10 430
10 84 758
10 85 960
10 86 517
87 10 357
10 88 460
300 305 754
90 10 35
91 10 401
10 92 340
93 10 382
94 10 584
10 95 415
10 96 810
97 10 856
98 10 641
10 99 55
10 100 136
101 10 323
10 102 809
10 103 603
104 10 762
10 105 61
106 10 367
107 10 860
108 10 897
109 10 662
10 110 429
111 10 973
112 10 40
10 113 493
10 114 90
115 10 158
10 116 674
10 117 650
118 10 601
119 10 74
120 10 378
10 121 941
10 122 616
10 123 793
124 10 440
125 10 806
10 126 482
127 10 455
245 452 667
10 129 410
10 130 61
10 131 51
132 10 554
133 10 461
134 10 357
10 135 593
10 136 106
137 10 706
138 10 607
139 10 257
140 10 91
10 141 525
142 10 439
143 10 365
10 144 235
10 145 42
10 146 74
10 147 47
10 148 561
149 10 99
150 10 877
10 151 400
10 152 795
153 10 133
154 10 644
10 155 338
10 156 1
157 10 899
158 10 571
10 159 520
10 160 455
10 161 722
162 10 769
163 10 521
164 10 391
165 10 548
10 166 432
10 167 672
10 168 933
10 169 477
170 10 735
10 171 646
172 10 505
10 173 233
10 174 504
10 175 815
10 176 992
177 10 884
178 10 306
10 179 985
10 180 28
10 181 208
414 417 32
10 183 176
10 184 487
185 10 147
10 186 775
60 420 973
188 10 124
189 10 462
190 10 900
191 10 202
10 192 262
193 10 711
10 194 188
10 195 511
10 196 591
10 197 320
198 10 91
199 10 401
10 200 339
10 201 93
202 10 534
10 203 934
10 204 370
205 10 90
10 206 840
10 207 985
10 208 521
209 10 467
10 210 473
211 10 796
212 10 609
213 10 922
214 10 834
215 10 121
10 216 119
217 10 997
218 10 538
10 219 33
10 220 475
10 221 150
222 10 140
10 223 797
224 10 113
10 225 209
226 10 591
10 227 719
228 10 379
229 10 889
230 10 733
321 365 786
232 10 852
233 10 659
10 234 700
235 10 358
236 10 718
10 237 745
10 238 408
239 10 621
240 10 653
10 241 328
10 242 167
10 243 553
244 10 427
10 245 858
246 10 291
10 247 52
10 248 90
249 10 373
10 250 756
10 251 221
10 252 141
253 10 155
254 10 883
10 255 194
10 256 487
10 257 704
10 258 496
259 10 417
260 10 673
10 261 567
262 10 510
263 10 557
264 10 505
265 10 181
10 266 170
10 267 967
10 268 342
10 269 924
270 10 991
10 271 739
272 10 205
273 10 546
274 10 364
10 275 807
10 276 871
277 10 711
10 278 508
10 279 983
10 280 96
10 281 699
10 282 461
283 10 620
284 10 234
10 285 389
286 10 882
287 10 680
288 10 192
10 289 981
290 10 209
10 291 403
10 292 747
293 10 147
294 10 230
295 10 193
296 10 921
297 10 845
10 298 126
299 10 10
300 10 761
301 10 237
10 302 821
10 303 681
10 304 904
305 10 497
306 10 993
307 10 846
308 10 567
10 309 746
10 310 196
311 10 412
312 10 994
10 313 45
314 10 357
315 10 515
316 10 202
317 10 373
10 318 520
10 319 991
10 320 444
10 321 775
322 10 866
323 10 503
10 324 921
10 325 692
326 10 965
327 10 503
10 328 748
10 329 250
10 330 346
10 331 14
332 10 119
10 333 412
334 10 402
335 10 625
10 336 366
10 337 966
338 10 404
339 10 494
340 10 849
341 10 57
342 10 659
10 343 690
10 344 383
10 345 309
346 10 701
347 10 140
348 10 782
349 10 714
10 350 77
10 351 407
10 352 940
10 353 78
10 354 993
10 355 724
10 356 689
357 10 786
10 358 652
10 359 246
360 10 650
10 361 701
362 10 621
363 10 996
364 10 576
10 365 199
366 10 39
10 367 994
10 368 551
10 369 15
10 370 703
371 10 384
10 372 359
373 10 718
10 374 273
10 375 249
376 10 607
10 377 930
378 10 596
10 379 566
10 380 253
381 10 764
10 382 169
383 10 777
10 384 743
385 10 946
10 386 376
387 10 730
10 388 141
10 389 238
390 10 138
391 10 950
392 10 260
393 10 44
10 394 336
10 395 538
396 10 564
397 10 96
10 398 179
399 10 748
400 10 755
10 401 374
10 402 394
10 403 923
10 404 393
405 10 288
10 406 31
407 10 994
10 408 602
10 409 580
10 410 306
10 411 601
10 412 167
413 10 659
414 10 868
415 10 732
10 416 269
417 10 924
10 418 605
10 419 698
10 420 540
10 421 830
10 422 568
10 423 63
424 10 41
10 425 921
10 426 482
427 10 362
428 10 780
429 10 182
10 430 198
10 431 64
432 10 259
433 10 34
434 10 923
10 435 143
10 436 821
437 10 760
438 10 756
439 10 348
10 440 40
441 10 444
10 442 39
443 10 702
10 444 404
445 10 328
446 10 367
447 10 280
10 448 750
449 10 466
450 10 203
451 10 43
10 452 86
453 10 932
454 10 84
455 10 361
456 10 433
457 10 187
10 458 283
459 10 571
10 460 287
10 461 585
10 462 160
463 10 44
464 10 374
465 10 316
10 466 412
467 10 884
468 10 69
469 10 28
10 470 680
10 471 703
472 10 938
10 473 81
474 10 212
10 475 139
476 10 213
10 477 658
10 478 265
10 479 133
480 10 419
481 10 143
482 10 151
483 10 685
10 484 171
485 10 304
486 10 120
487 10 701
10 488 708
489 10 643
490 10 699
10 491 246
492 10 558
493 10 994
494 10 18
10 495 570
10 496 468
10 497 411
10 498 444
10 499 83
500 10 440
11 12 286
11 13 348
14 11 779
11 15 943
11 16 603
11 17 640
11 18 794
19 11 561
20 11 961
21 11 82
11 22 796
11 23 194
24 11 536
25 11 931
11 26 960
11 27 380
28 11 88
29 11 787
30 11 618
11 31 571
32 11 696
33 11 754
34 11 265
11 35 39
36 11 464
37 11 667
38 11 594
11 39 357
40 11 342
41 11 707
11 42 427
43 11 439
11 44 269
184 156 342
46 11 25
11 47 791
239 484 514
11 49 571
50 11 106
11 51 368
11 52 110
53 11 107
54 11 516
55 11 261
56 11 918
11 57 830
58 11 620
59 11 664
11 60 222
61 11 813
62 11 208
63 11 501
64 11 169
65 11 337
66 11 334
67 11 860
11 68 651
69 11 411
70 11 954
71 11 970
72 11 544
73 11 778
74 11 220
75 11 480
11 76 562
77 11 368
78 11 800
79 11 851
80 11 270
81 11 61
11 82 156
11 83 282
84 11 31
11 85 731
11 86 237
11 87 916
259 484 202
11 89 936
11 90 402
91 11 327
11 92 313
93 11 759
94 11 463
11 95 882
96 11 417
11 97 535
11 98 668
99 11 876
83 281 403
101 11 202
11 102 540
103 11 754
11 104 254
105 11 807
106 11 935
107 11 237
108 11 67
109 11 609
110 11 824
111 11 522
11 112 16
113 11 615
114 11 383
11 115 544
116 11 494
11 117 866
118 11 607
11 119 237
120 11 211
121 11 921
122 11 689
123 11 978
124 11 185
11 125 944
11 126 64
11 127 274
128 11 533
11 129 116
11 130 243
131 11 263
132 11 41
133 11 977
11 134 767
135 11 285
11 136 458
11 137 612
138 11 66
11 139 981
140 11 370
141 11 746
142 11 529
143 11 220
144 11 223
145 11 423
11 146 475
147 11 81
148 11 178
149 11 232
150 11 339
11 151 10
11 152 290
153 11 690
11 154 186
11 155 888
11 156 111
157 11 176
158 11 674
159 11 118
160 11 495
161 11 905
11 162 972
163 11 374
11 164 971
11 165 327
11 166 659
11 167 644
11 168 795
11 169 681
11 170 999
171 11 417
11 172 182
173 11 25
11 174 171
11 175 753
176 11 259
11 177 359
416 213 264
179 11 533
180 11 796
11 181 917
182 11 216
11 183 906
11 184 229
185 11 674
186 11 987
11 187 64
11 188 505
11 189 431
11 190 61
11 191 381
389 339 677
11 193 892
11 194 166
195 11 759
11 196 51
197 11 452
198 11 785
199 11 261
200 11 433
201 11 972
11 202 533
72 214 967
204 11 824
205 11 480
11 206 47
11 207 849
11 208 309
11 209 751
11 210 478
211 11 261
212 11 674
11 213 418
11 214 678
11 215 838
11 216 998
11 217 177
11 218 550
219 11 605
220 11 617
221 11 574
222 11 306
11 223 431
224 11 202
225 11 719
11 226 673
11 227 405
228 11 217
229 11 760
230 11 919
11 231 538
232 11 156
11 233 727
234 11 437
235 11 521
11 236 782
237 11 191
11 238 812
239 11 749
240 11 276
11 241 757
11 242 230
11 243 527
11 244 990
11 245 150
246 11 277
11 247 180
248 11 356
11 249 495
11 250 354
9 180 52
11 252 846
11 253 123
254 11 559
11 255 516
11 256 291
11 257 353
11 258 709
259 11 853
11 260 267
11 261 212
262 11 71
263 11 59
264 11 885
265 11 913
11 266 237
11 267 46
268 11 234
269 11 284
11 270 715
11 271 124
11 272 112
11 273 251
11 274 191
11 275 613
276 11 488
11 277 617
278 11 646
11 279 182
280 11 191
11 281 685
282 11 327
283 11 95
284 11 689
285 11 768
286 11 750
287 11 869
288 11 538
289 11 707
11 290 531
11 291 288
11 292 643
11 293 551
294 11 641
295 11 774
296 11 587
297 11 58
11 298 87
299 11 694
11 300 715
11 301 777
11 302 850
303 11 302
304 11 841
11 305 600
11 306 785
307 11 214
308 11 902
11 309 996
310 11 632
11 311 539
11 312 1000
11 313 810
314 11 990
11 315 485
11 316 457
11 317 405
318 11 646
11 319 185
11 320 758
11 321 300
11 322 506
323 11 847
324 11 416
325 11 81
326 11 603
11 327 413
328 11 246
329 11 867
330 11 706
11 331 194
332 11 42
11 333 189
11 334 291
335 11 548
11 336 703
337 11 629
11 338 797
339 11 747
340 11 602
341 11 397
342 11 99
11 343 163
344 11 134
11 345 382
346 11 517
347 11 742
348 11 14
349 11 624
350 11 824
351 11 848
406 466 263
353 11 356
354 11 842
355 11 17
11 356 938
11 357 362
358 11 975
359 11 127
11 360 495
361 11 187
362 11 559
11 363 57
11 364 893
11 365 808
11 366 61
367 11 709
368 11 227
11 369 912
11 370 201
371 11 554
11 372 747
373 11 790
374 11 759
375 11 687
11 376 313
11 377 497
11 378 358
11 379 763
11 380 544
381 11 27
11 382 995
383 11 698
384 11 573
385 11 827
386 11 515
387 11 302
11 388 530
11 389 259
390 11 172
11 391 636
392 11 340
393 11 506
394 11 980
395 11 587
11 396 974
11 397 906
11 398 528
11 399 569
11 400 612
401 11 659
402 11 7
11 403 813
404 11 145
405 11 607
11 406 725
11 407 598
408 11 305
11 409 500
11 410 209
411 11 698
412 11 607
413 11 565
414 11 406
11 415 352
416 11 777
11 417 185
418 11 558
419 11 127
420 11 239
421 11 859
422 11 218
423 11 796
11 424 895
425 11 528
426 11 483
427 11 176
428 11 828
11 429 452
430 11 197
431 11 768
11 432 466
11 433 125
463 366 919
11 435 131
11 436 988
11 437 894
11 438 852
439 11 976
11 440 399
11 441 702
11 442 868
443 11 405
444 11 372
445 11 950
11 446 916
11 447 313
448 11 538
449 11 887
11 450 26
451 11 747
452 11 201
453 11 770
11 454 386
7 351 888
456 11 368
457 11 733
11 458 563
459 11 769
11 460 631
11 461 549
462 11 195
463 11 530
464 11 374
11 465 838
11 466 511
11 467 101
468 11 469
11 469 325
11 470 532
471 11 501
472 11 578
473 11 399
474 11 289
11 475 812
11 476 358
477 11 607
478 11 186
11 479 917
480 11 544
481 11 932
11 482 415
11 483 970
11 484 520
485 11 888
11 486 722
487 11 431
488 11 261
489 11 634
490 11 397
11 491 877
11 492 448
11 493 389
494 11 290
495 11 536
496 11 103
11 497 975
498 11 497
11 499 482
500 11 635
13 12 587
14 12 565
12 15 646
12 16 354
17 12 95
18 12 719
19 12 533
12 20 149
12 21 599
22 12 34
23 12 292
12 24 659
12 25 728
26 12 597
27 12 964
28 12 45
12 29 86
30 12 404
12 31 201
32 12 640
33 12 158
12 34 464
12 35 180
36 12 758
12 37 468
38 12 842
39 12 313
40 12 373
12 41 831
42 12 220
12 43 977
180 282 478
12 45 264
46 12 736
12 47 665
12 48 751
12 49 199
12 50 174
51 12 690
12 52 914
53 12 222
54 12 731
55 12 495
12 56 4
12 57 260
12 58 901
12 59 218
60 12 198
12 61 379
12 62 1000
12 63 167
64 12 496
12 65 241
66 12 763
67 12 182
68 12 481
69 12 315
70 12 572
71 12 269
12 72 744
12 73 934
12 74 936
12 75 541
76 12 838
12 77 693
12 78 420
12 79 328
80 12 114
81 12 502
12 82 791
12 83 722
84 12 452
12 85 932
86 12 413
87 12 805
12 88 578
12 89 222
90 12 13
91 12 530
12 92 838
12 93 671
12 94 732
95 12 503
26 289 237
97 12 188
12 98 81
12 99 140
100 12 593
101 12 289
102 12 822
12 103 917
12 104 65
12 105 588
12 106 461
165 351 603
108 12 340
109 12 632
110 12 489
111 12 539
12 112 865
113 12 628
12 114 665
12 115 605
116 12 91
117 12 922
118 12 976
119 12 254
120 12 677
12 121 776
122 12 632
123 12 526
124 12 882
12 125 298
126 12 250
12 127 155
12 128 279
12 129 902
130 12 759
12 131 669
12 132 199
133 12 998
134 12 611
135 12 648
12 136 742
12 137 970
12 138 284
12 139 277
12 140 223
141 12 123
142 12 487
143 12 856
12 144 823
12 145 417
146 12 388
12 147 355
12 148 727
149 12 951
12 150 877
151 12 74
152 12 965
12 153 577
154 12 259
155 12 582
12 156 227
12 157 917
12 158 897
12 159 650
160 12 191
161 12 95
12 162 543
163 12 873
12 164 698
165 12 547
166 12 952
12 167 862
12 168 657
12 169 503
170 12 612
171 12 402
172 12 975
173 12 934
12 174 223
12 175 313
176 12 689
177 12 398
178 12 808
179 12 669
180 12 776
181 12 955
182 12 555
183 12 482
12 184 171
12 185 906
256 250 863
187 12 344
188 12 394
12 189 270
190 12 249
191 12 917
192 12 324
193 12 895
194 12 840
12 195 864
196 12 186
197 12 702
12 198 38
199 12 599
12 200 58
201 12 291
202 12 869
203 12 34
12 204 581
205 12 175
12 206 616
207 12 501
208 12 704
209 12 370
210 12 77
211 12 754
212 12 719
213 12 94
12 214 698
215 12 29
216 12 958
12 217 434
218 12 565
219 12 998
12 220 638
12 221 752
12 222 947
223 12 987
224 12 918
225 12 351
226 12 66
227 12 851
228 12 903
229 12 97
12 230 630
231 12 683
12 232 719
233 12 710
12 234 448
235 12 69
236 12 399
237 12 448
12 238 762
239 12 117
12 240 429
241 12 717
242 12 876
12 243 202
12 244 755
245 12 568
246 12 435
247 12 923
248 12 190
12 249 520
250 12 708
12 251 679
252 12 495
12 253 824
12 254 261
12 255 915
12 256 174
257 12 117
258 12 373
12 259 121
260 12 570
261 12 931
12 262 271
12 263 339
12 264 554
12 265 329
266 12 355
267 12 316
268 12 391
269 12 200
12 270 133
12 271 71
272 12 303
12 273 615
274 12 188
12 275 894
276 12 660
12 277 386
12 278 4
12 279 420
466 497 915
281 12 15
12 282 69
12 283 587
12 284 454
285 12 112
12 286 553
287 12 944
288 12 306
289 12 235
290 12 946
12 291 282
12 292 658
293 12 413
294 12 514
295 12 366
12 296 34
297 12 459
298 12 448
299 12 430
300 12 4
301 12 935
302 12 746
12 303 861
304 12 975
305 12 385
306 12 598
12 307 932
12 308 819
309 12 19
310 12 719
12 311 305
12 312 166
313 12 20
314 12 870
12 315 467
12 316 490
317 12 806
318 12 271
319 12 407
12 320 284
12 321 441
322 12 296
12 323 926
324 12 447
12 325 550
326 12 109
327 12 716
328 12 167
329 12 732
12 330 23
331 12 299
289 328 103
333 12 526
12 334 656
12 335 854
12 336 955
12 337 826
338 12 320
339 12 430
340 12 998
12 341 52
12 342 515
343 12 353
12 344 678
345 12 625
346 12 593
347 12 382
348 12 83
12 349 349
350 12 901
12 351 794
12 352 20
12 353 693
12 354 967
355 12 934
12 356 977
12 357 229
12 358 706
12 359 806
360 12 330
12 361 716
362 12 726
363 12 419
364 12 966
12 365 859
12 366 463
367 12 610
368 12 669
12 369 418
370 12 636
12 371 188
372 12 455
373 12 843
374 12 713
12 375 4
376 12 523
12 377 549
12 378 869
379 12 812
12 380 905
381 12 946
12 382 653
383 12 128
384 12 384
12 385 729
386 12 31
12 387 217
388 12 561
12 389 229
12 390 640
12 391 147
12 392 745
12 393 236
12 394 15
395 12 103
12 396 787
397 12 16
12 398 439
399 12 786
400 12 636
401 12 874
12 402 361
403 12 84
404 12 574
405 12 970
406 12 632
12 407 626
408 12 157
12 409 64
12 410 467
12 411 293
412 12 509
413 12 287
12 414 838
415 12 401
416 12 666
417 12 468
12 418 897
12 419 567
420 12 742
12 421 763
12 422 591
12 423 611
424 12 878
12 425 122
426 12 545
12 427 206
428 12 93
12 429 461
430 12 993
12 431 653
12 432 632
12 433 600
12 434 847
12 435 256
12 436 681
437 12 832
438 12 127
439 12 428
12 440 341
441 12 146
12 442 689
443 12 994
12 444 958
12 445 962
12 446 944
12 447 965
448 12 937
449 12 494
450 12 772
12 451 984
12 452 824
12 453 873
454 12 272
455 12 526
456 12 929
457 12 272
458 12 884
12 459 928
12 460 109
461 12 440
12 462 588
463 12 851
12 464 250
465 12 806
12 466 703
12 467 527
12 468 762
469 12 109
483 63 945
12 471 865
472 12 754
473 12 852
12 474 425
475 12 561
476 12 644
477 12 117
478 12 748
12 479 509
12 480 717
12 481 912
482 12 752
12 483 653
484 12 919
12 485 190
486 12 562
487 12 260
12 488 136
489 12 718
490 12 784
12 491 637
492 12 674
493 12 971
494 12 296
495 12 92
12 496 665
12 497 923
12 498 639
499 12 905
500 12 928
14 13 42
15 13 587
16 13 305
13 17 92
18 13 869
19 13 418
13 20 140
13 21 103
13 22 432
23 13 848
13 24 984
13 25 878
26 13 889
27 13 485
28 13 516
29 13 740
13 30 562
31 13 389
13 32 886
33 13 389
13 34 954
13 35 86
13 36 366
37 13 475
13 38 989
13 39 189
13 40 1
13 41 333
13 42 40
13 43 922
13 44 727
341 23 171
13 46 854
13 47 943
13 48 364
49 13 955
13 50 781
13 51 44
13 52 931
53 13 623
54 13 681
13 55 302
13 56 630
57 13 773
58 13 561
59 13 308
60 13 544
13 61 934
13 62 309
13 63 57
64 13 827
65 13 895
66 13 966
67 13 885
13 68 34
69 13 843
70 13 614
13 71 652
13 72 937
13 73 270
13 74 83
75 13 109
13 76 135
77 13 675
78 13 353
79 13 884
80 13 75
13 81 856
82 13 133
13 83 240
13 84 220
85 13 685
86 13 866
87 13 862
13 88 152
13 89 305
13 90 712
91 13 860
13 92 502
13 93 581
94 13 280
13 95 863
13 96 532
97 13 494
98 13 97
99 13 605
13 100 17
101 13 183
102 13 126
103 13 12
13 104 964
13 105 573
106 13 126
13 107 625
406 414 395
13 109 449
13 110 923
13 111 442
13 112 421
113 13 754
13 114 836
13 115 509
116 13 761
13 117 192
118 13 378
119 13 798
13 120 828
13 121 786
13 122 222
23 207 133
124 13 175
13 125 625
126 13 658
127 13 261
13 128 815
13 129 243
13 130 236
131 13 383
13 132 988
133 13 65
13 134 910
13 135 317
136 13 978
13 137 569
138 13 888
13 139 639
140 13 458
13 141 940
13 142 469
13 143 305
144 13 570
13 145 33
146 13 145
147 13 451
148 13 297
149 13 25
150 13 114
13 151 112
13 152 988
153 13 329
13 154 644
155 13 559
156 13 44
157 13 51
158 13 451
159 13 333
13 160 462
161 13 788
162 13 805
163 13 146
13 164 25
13 165 704
13 166 525
13 167 607
168 13 995
13 169 330
13 170 282
171 13 918
172 13 109
173 13 484
174 13 741
175 13 866
176 13 354
13 177 637
178 13 615
179 13 474
13 180 996
13 181 558
182 13 200
183 13 259
13 184 295
185 13 908
186 13 761
13 187 659
13 188 796
189 13 626
190 13 467
191 13 647
192 13 792
13 193 867
13 194 526
13 195 653
196 13 426
197 13 436
13 198 739
199 13 115
200 13 184
201 13 776
13 202 498
203 13 126
204 13 931
13 205 314
206 13 189
207 13 732
13 208 878
13 209 783
13 210 227
211 13 971
212 13 379
213 13 857
214 13 742
13 215 999
216 13 790
217 13 101
218 13 197
219 13 608
220 13 480
13 221 430
222 13 971
13 223 521
13 224 885
13 225 792
226 13 78
13 227 747
228 13 350
13 229 837
13 230 489
231 13 536
232 13 520
233 13 20
13 234 602
13 235 760
236 13 764
13 237 541
238 13 357
265 195 95
13 240 645
13 241 134
242 13 623
13 243 917
244 13 533
13 245 761
246 13 267
247 13 965
248 13 872
13 249 571
13 250 769
7 225 846
13 252 862
13 253 999
254 13 578
13 255 325
13 256 326
257 13 137
258 13 261
259 13 937
13 260 310
261 13 412
262 13 654
263 13 558
264 13 652
265 13 836
266 13 753
267 13 667
268 13 688
269 13 317
13 270 211
13 271 380
13 272 263
13 273 162
274 13 466
13 275 656
13 276 514
277 13 286
278 13 200
13 279 163
280 13 853
13 281 831
282 13 444
13 283 118
458 484 928
13 285 334
286 13 544
13 287 786
13 288 401
13 289 952
290 13 316
13 291 689
292 13 344
293 13 128
13 294 362
13 295 349
13 296 450
13 297 147
298 13 720
299 13 743
300 13 159
13 301 754
13 302 49
13 303 113
304 13 76
305 13 379
13 306 132
307 13 284
13 308 370
13 309 905
13 310 283
311 13 211
312 13 965
313 13 640
314 13 990
315 13 230
316 13 381
317 13 201
318 13 70
319 13 513
13 320 424
321 13 820
322 13 770
13 323 250
324 13 814
325 13 113
13 326 109
13 327 910
328 13 60
8 31 726
330 13 221
13 331 788
332 13 930
333 13 676
334 13 902
335 13 256
336 13 829
13 337 490
13 338 333
13 339 82
13 340 582
13 341 281
13 342 534
13 343 165
13 344 440
13 345 398
13 346 823
347 13 744
348 13 934
13 349 195
13 350 418
351 13 32
13 352 907
13 353 317
354 13 615
355 13 620
13 356 431
357 13 311
13 358 647
359 13 640
13 360 129
361 13 182
362 13 634
363 13 499
13 364 712
13 365 924
13 366 306
13 367 72
368 13 985
369 13 182
370 13 374
13 371 801
372 13 684
373 13 166
374 13 816
13 375 591
432 67 407
13 377 857
13 378 344
13 379 675
380 13 705
381 13 545
13 382 830
13 383 601
384 13 744
13 385 836
13 386 619
387 13 904
388 13 124
389 13 811
390 13 905
13 391 883
392 13 57
393 13 676
394 13 206
395 13 234
13 396 65
13 397 297
13 398 278
13 399 426
400 13 296
13 401 695
13 402 334
403 13 897
404 13 454
13 405 856
13 406 842
407 13 499
408 13 385
409 13 105
13 410 439
13 411 208
412 13 272
13 413 677
13 414 225
449 278 171
13 416 945
13 417 464
418 13 935
419 13 428
420 13 516
13 421 780
13 422 226
423 13 111
424 13 885
425 13 927
426 13 26
13 427 331
13 428 222
13 429 947
430 13 737
431 13 404
432 13 354
13 433 565
13 434 29
435 13 170
13 436 732
153 65 687
13 438 906
439 13 632
440 13 462
13 441 735
442 13 350
13 443 173
13 444 274
13 445 173
13 446 860
13 447 94
448 13 869
449 13 273
13 450 602
13 451 578
13 452 886
453 13 882
454 13 634
455 13 149
456 13 52
13 457 552
458 13 733
13 459 390
460 13 909
461 13 67
462 13 507
463 13 760
464 13 408
465 13 809
13 466 756
13 467 597
468 13 204
13 469 44
470 13 898
471 13 110
13 472 318
473 13 114
474 13 821
475 13 244
476 13 624
477 13 915
13 478 302
479 13 459
13 480 396
481 13 383
482 13 628
13 483 17
13 484 349
13 485 822
13 486 210
487 13 612
488 13 526
13 489 869
490 13 606
491 13 809
492 13 424
13 493 208
494 13 596
495 13 582
496 13 169
13 497 730
13 498 482
499 13 768
500 13 744
15 14 214
14 16 233
14 17 54
14 18 386
14 19 258
14 20 834
21 14 324
22 14 792
14 23 775
14 24 806
14 25 385
14 26 807
14 27 26
14 28 797
14 29 794
30 14 718
31 14 254
14 32 697
14 33 836
34 14 995
14 35 784
14 36 912
14 37 502
14 38 335
14 39 769
14 40 869
14 41 820
42 14 93
14 43 360
14 44 222
45 14 654
14 46 383
14 47 446
48 14 600
14 49 910
14 50 169
14 51 583
52 14 807
14 53 590
14 54 164
14 55 271
14 56 327
57 14 952
58 14 268
14 59 811
60 14 838
14 61 132
14 62 211
63 14 908
64 14 359
65 14 725
14 66 788
67 14 200
14 68 472
14 69 76
70 14 144
14 71 225
14 72 948
14 73 460
14 74 588
75 14 131
76 14 163
77 14 988
14 78 169
79 14 770
14 80 413
14 81 152
82 14 459
14 83 634
14 84 635
85 14 216
14 86 827
87 14 509
14 88 606
14 89 728
14 90 741
14 91 65
14 92 590
14 93 239
14 94 219
95 14 911
14 96 36
97 14 176
98 14 352
99 14 989
14 100 144
101 14 155
102 14 909
14 103 333
104 14 764
105 14 885
14 106 271
107 14 316
108 14 566
109 14 396
14 110 479
111 14 172
14 112 450
14 113 356
114 14 97
14 115 746
14 116 446
117 14 836
118 14 541
119 14 584
120 14 773
14 121 114
14 122 706
123 14 556
14 124 381
125 14 915
126 14 302
127 14 112
14 128 824
129 14 108
14 130 183
14 131 472
14 132 15
14 133 276
14 134 117
135 14 799
14 136 570
14 137 799
138 14 989
139 14 810
140 14 289
141 14 716
142 14 192
14 143 691
14 144 646
14 145 136
14 146 817
14 147 343
14 148 481
14 149 754
14 150 619
151 14 297
152 14 907
153 14 132
154 14 353
155 14 773
156 14 115
14 157 776
14 158 980
159 14 901
160 14 180
161 14 145
162 14 937
163 14 744
14 164 997
165 14 22
14 166 952
167 14 574
14 168 79
14 169 738
14 170 822
14 171 173
172 14 419
14 173 574
174 14 276
175 14 639
176 14 770
14 177 102
14 178 213
179 14 898
180 14 490
14 181 552
14 182 764
183 14 70
184 14 712
14 185 1000
186 14 828
382 254 947
188 14 737
189 14 839
14 190 438
14 191 32
192 14 295
193 14 551
194 14 743
14 195 629
196 14 426
14 197 825
198 14 727
14 199 474
200 14 116
201 14 439
14 202 194
14 203 182
14 204 844
14 205 770
14 206 715
14 207 329
208 14 660
14 209 405
14 210 557
14 211 593
14 212 795
14 213 608
214 14 976
14 215 929
14 216 660
217 14 918
218 14 282
219 14 630
220 14 157
14 221 935
222 14 739
223 14 985
224 14 97
14 225 535
226 14 783
227 14 31
14 228 183
229 14 229
190 295 112
231 14 956
232 14 984
233 14 901
234 14 362
235 14 155
236 14 748
14 237 998
238 14 621
239 14 280
14 240 70
14 241 61
242 14 975
243 14 478
14 244 340
245 14 208
246 14 911
247 14 809
14 248 80
14 249 100
14 250 155
251 14 118
14 252 521
14 253 672
254 14 3
14 255 670
14 256 99
257 14 272
258 14 403
14 259 703
14 260 19
14 261 962
14 262 21
263 14 434
264 14 204
265 14 132
14 266 749
14 267 886
268 14 604
269 14 172
270 14 947
14 271 68
14 272 951
273 14 871
14 274 317
14 275 713
14 276 155
292 187 819
278 14 778
279 14 103
280 14 643
281 14 604
14 282 616
14 283 67
14 284 957
14 285 163
14 286 134
287 14 673
14 288 772
14 289 650
290 14 891
291 14 516
292 14 454
293 14 201
14 294 53
14 295 966
14 296 6
14 297 524
298 14 267
14 299 350
300 14 835
301 14 611
14 302 436
303 14 269
14 304 528
305 14 969
306 14 318
14 307 912
14 308 66
14 309 862
14 310 544
311 14 193
312 14 677
14 313 13
314 14 47
315 14 854
316 14 23
317 14 694
318 14 61
319 14 785
320 14 83
321 14 509
322 14 197
14 323 438
324 14 856
325 14 833
14 326 569
327 14 600
14 328 728
14 329 46
14 330 188
331 14 116
14 332 569
14 333 396
14 334 41
14 335 299
336 14 871
14 337 973
14 338 690
14 339 357
14 340 480
341 14 931
14 342 577
14 343 905
344 14 718
345 14 895
14 346 370
347 14 30
14 348 753
14 349 579
350 14 687
351 14 902
352 14 3
353 14 298
354 14 363
14 355 877
14 356 482
14 357 170
14 358 464
14 359 974
360 14 233
361 14 409
362 14 401
363 14 94
14 364 159
14 365 941
14 366 688
14 367 695
368 14 886
369 14 331
14 370 713
371 14 631
372 14 773
373 14 9
14 374 189
375 14 406
14 376 959
377 14 883
378 14 857
14 379 724
14 380 274
14 381 626
14 382 444
383 14 736
25 465 209
14 385 448
386 14 548
387 14 578
388 14 195
389 14 133
390 14 194
391 14 946
14 392 489
14 393 981
14 394 449
395 14 342
14 396 412
14 397 264
398 14 955
399 14 584
14 400 540
401 14 697
402 14 236
14 403 422
14 404 330
14 405 744
14 406 109
14 407 25
14 408 159
14 409 336
410 14 698
14 411 6
412 14 315
14 413 433
414 14 516
415 14 48
14 416 791
417 14 999
418 14 65
14 419 419
420 14 739
14 421 145
422 14 295
423 14 659
14 424 257
14 425 195
426 14 148
427 14 899
428 14 647
429 14 692
430 14 81
14 431 527
432 14 522
14 433 401
14 434 178
14 435 218
436 14 502
14 437 224
14 438 536
439 14 352
14 440 974
441 14 990
442 14 527
236 35 14
444 14 162
14 445 602
446 14 1000
14 447 381
448 14 900
449 14 431
14 450 528
14 451 515
14 452 394
453 14 246
454 14 391
455 14 409
456 14 752
457 14 857
458 14 10
14 459 990
460 14 67
14 461 834
14 462 666
463 14 226
464 14 702
465 14 634
466 14 667
14 467 52
14 468 601
14 469 594
470 14 262
471 14 765
472 14 277
473 14 869
14 474 639
14 475 131
476 14 785
477 14 676
478 14 863
479 14 951
14 480 600
14 481 33
482 14 499
483 14 567
484 14 801
485 14 164
14 486 515
14 487 20
488 14 614
489 14 929
14 490 780
491 14 949
14 492 917
493 14 728
494 14 823
14 495 59
14 496 346
14 497 124
14 498 728
14 499 107
14 500 691
16 15 957
15 17 367
15 18 543
19 15 226
15 20 590
21 15 946
15 22 701
15 23 423
24 15 751
15 25 825
15 26 598
27 15 572
15 28 652
15 29 169
30 15 912
15 31 583
32 15 852
15 33 82
34 15 205
35 15 659
36 15 59
15 37 625
38 15 578
39 15 431
15 40 544
41 15 423
42 15 785
43 15 317
44 15 272
45 15 543
46 15 55
15 47 940
48 15 185
49 15 708
50 15 559
15 51 271
15 52 896
53 15 337
54 15 597
277 237 788
15 56 803
57 15 335
58 15 819
59 15 182
15 60 680
15 61 594
15 62 383
63 15 988
15 64 892
65 15 500
66 15 699
15 67 23
15 68 781
15 69 825
70 15 332
15 71 128
15 72 641
15 73 122
15 74 460
15 75 176
76 15 196
15 77 90
78 15 505
15 79 77
15 80 646
15 81 948
82 15 235
15 83 275
84 15 67
85 15 906
15 86 889
15 87 297
88 15 225
15 89 319
90 15 941
15 91 488
92 15 797
93 15 431
94 15 67
15 95 192
15 96 830
15 97 42
98 15 22
15 99 147
25 68 993
101 15 972
15 102 836
103 15 360
104 15 499
15 105 336
106 15 397
107 15 961
108 15 618
109 15 200
15 110 991
15 111 949
112 15 461
113 15 911
15 114 677
15 115 743
15 116 743
117 15 63
118 15 891
15 119 405
120 15 40
15 121 155
122 15 612
123 15 626
124 15 516
125 15 951
126 15 869
84 215 404
128 15 722
129 15 114
109 437 31
131 15 998
132 15 838
133 15 579
134 15 208
15 135 967
15 136 303
15 137 305
138 15 499
15 139 610
15 140 250
141 15 874
142 15 875
143 15 68
15 144 813
15 145 877
15 146 604
147 15 594
15 148 909
149 15 288
15 150 179
15 151 816
15 152 960
153 15 570
154 15 256
155 15 66
15 156 700
157 15 410
158 15 731
15 159 751
160 15 182
15 161 414
15 162 261
15 163 641
15 164 372
165 15 581
15 166 738
167 15 574
15 168 780
169 15 774
15 170 982
171 15 578
15 172 394
15 173 822
174 15 133
175 15 931
15 176 198
177 15 7
15 178 616
179 15 356
180 15 203
15 181 219
182 15 55
183 15 266
15 184 450
15 185 861
186 15 186
15 187 154
15 188 741
15 189 296
190 15 399
15 191 585
192 15 780
193 15 822
15 194 248
15 195 618
15 196 955
197 15 570
198 15 161
15 199 428
200 15 90
201 15 518
202 15 486
15 203 649
204 15 756
205 15 750
15 206 683
207 15 761
15 208 24
209 15 595
15 210 290
211 15 597
15 212 779
213 15 818
15 214 545
15 215 428
15 216 252
217 15 642
15 218 977
15 219 25
15 220 831
15 221 570
222 15 296
223 15 658
15 224 211
15 225 984
226 15 696
227 15 227
228 15 948
229 15 131
230 15 854
15 231 65
232 15 577
15 233 49
15 234 539
15 235 392
236 15 255
237 15 42
15 238 503
15 239 510
15 240 604
15 241 388
15 242 257
15 243 37
15 244 517
15 245 164
246 15 16
247 15 117
248 15 80
15 249 483
250 15 197
42 188 607
252 15 155
253 15 974
15 254 686
15 255 891
15 256 771
257 15 310
15 258 813
259 15 11
260 15 622
261 15 958
262 15 679
263 15 214
15 264 826
265 15 104
266 15 766
267 15 254
268 15 355
15 269 952
15 270 560
15 271 58
15 272 705
15 273 959
15 274 989
15 275 757
276 15 927
277 15 433
278 15 172
15 279 221
280 15 710
281 15 368
15 282 111
283 15 125
15 284 192
15 285 799
15 286 154
287 15 515
15 288 973
289 15 175
15 290 920
291 15 930
292 15 961
293 15 957
294 15 878
15 295 770
296 15 356
15 297 786
15 298 70
299 15 195
15 300 184
15 301 90
302 15 342
303 15 470
304 15 719
15 305 358
15 306 918
307 15 52
308 15 211
309 15 938
15 310 718
15 311 428
312 15 516
15 313 647
314 15 789
315 15 17
316 15 806
15 317 234
15 318 235
15 319 482
320 15 720
15 321 155
322 15 760
15 323 337
15 324 901
325 15 103
326 15 490
15 327 708
328 15 631
15 329 511
330 15 60
331 15 127
15 332 271
333 15 655
334 15 681
15 335 536
15 336 974
337 15 855
15 338 557
339 15 586
15 340 200
15 341 957
15 342 612
15 343 347
344 15 908
345 15 330
346 15 585
15 347 293
15 348 773
349 15 320
15 350 337
15 351 144
277 470 452
353 15 314
15 354 661
15 355 695
15 356 939
15 357 117
15 358 116
359 15 543
360 15 819
15 361 119
15 362 790
15 363 499
364 15 831
15 365 31
15 366 978
15 367 922
15 368 455
369 15 180
370 15 393
371 15 495
372 15 582
373 15 772
15 374 296
15 375 569
376 15 629
377 15 823
378 15 626
379 15 233
15 380 854
381 15 426
382 15 28
15 383 342
15 384 457
385 15 637
386 15 72
387 15 292
15 388 602
15 389 869
15 390 146
391 15 848
392 15 905
15 393 147
15 394 726
15 395 94
15 396 968
15 397 930
398 15 680
399 15 644
15 400 129
15 401 21
15 402 538
15 403 300
404 15 166
405 15 687
406 15 370
15 407 6
15 408 639
15 409 49
410 15 753
15 411 347
15 412 904
413 15 743
15 414 117
415 15 219
15 416 775
15 417 827
15 418 855
15 419 608
15 420 634
434 479 969
15 422 158
423 15 649
424 15 960
15 425 169
426 15 731
427 15 48
15 428 387
429 15 89
430 15 187
431 15 268
432 15 476
433 15 400
434 15 664
15 435 768
15 436 919
15 437 196
404 274 304
15 439 162
440 15 866
441 15 437
442 15 676
443 15 533
15 444 443
15 445 840
15 446 555
447 15 311
15 448 975
15 449 660
15 450 60
15 451 76
15 452 556
15 453 168
454 15 527
455 15 49
15 456 72
457 15 283
15 458 205
15 459 609
460 15 839
15 461 483
15 462 852
463 15 476
15 464 337
465 15 207
15 466 244
15 467 827
468 15 713
15 469 285
470 15 636
15 471 206
15 472 615
15 473 821
15 474 981
15 475 766
15 476 215
15 477 699
15 478 590
15 479 227
480 15 960
15 481 121
15 482 391
483 15 318
484 15 582
15 485 179
486 15 94
487 15 536
15 488 737
15 489 241
490 15 37
15 491 906
15 492 12
15 493 992
15 494 321
15 495 19
496 15 342
15 497 257
15 498 413
499 15 262
500 15 508
16 17 609
18 16 229
16 19 544
20 16 893
21 16 744
22 16 252
23 16 94
24 16 645
25 16 282
26 16 662
16 27 501
28 16 363
16 29 25
16 30 998
1000
464 438
308 497
150 212
213 422
34 434
401 476
81 213
279 411
195 445
352 259
282 268
302 367
178 216
452 440
179 350
84 3
2 451
165 202
64 311
281 420
209 353
284 320
171 169
271 190
160 367
375 487
56 249
335 308
388 8
321 274
260 191
126 373
334 454
25 473
97 288
196 115
291 150
139 350
484 147
187 151
472 314
28 204
240 255
180 254
442 493
466 299
445 405
47 372
158 114
53 96
421 19
194 403
293 140
301 229
24 385
334 185
404 94
201 242
392 301
260 429
239 148
426 472
284 68
208 177
305 203
291 329
173 134
68 57
18 451
419 17
367 381
485 196
310 219
446 409
263 490
455 137
24 376
117 374
391 137
468 162
459 321
469 314
164 31
405 284
42 380
456 50
213 306
458 484
280 350
45 109
374 331
313 271
88 489
27 106
277 82
91 429
429 320
74 426
317 165
65 5
445 490
416 256
143 49
251 426
482 14
372 131
431 322
143 286
107 275
117 471
151 81
238 102
122 441
115 122
63 113
360 230
84 129
23 364
116 264
295 333
290 496
46 158
212 182
12 358
337 319
262 362
151 394
111 467
310 331
286 28
271 205
23 377
298 493
493 169
256 77
334 109
290 442
111 354
116 483
424 327
50 440
186 361
75 371
340 98
265 306
453 350
123 263
180 161
99 94
423 207
304 328
213 286
189 386
376 348
395 174
255 286
87 354
361 454
490 242
445 390
448 134
59 391
110 370
305 482
391 257
188 270
51 99
307 301
447 67
192 387
462 345
478 370
375 345
263 52
169 58
452 371
218 216
113 352
236 219
190 197
263 361
492 411
365 480
76 257
108 285
63 319
220 354
160 127
398 206
405 379
62 471
159 129
251 351
53 171
273 104
53 93
262 446
371 313
462 133
56 486
365 209
217 252
397 488
17 222
473 436
142 144
23 394
133 429
407 259
41 467
94 267
168 346
252 221
14 76
346 29
220 204
365 246
22 178
497 460
390 365
471 35
211 486
83 326
14 494
102 281
240 356
310 455
34 296
221 57
144 497
98 245
455 104
116 320
103 446
269 361
121 482
352 263
94 465
143 15
494 8
325 71
219 214
37 128
147 420
130 218
321 30
309 71
469 72
254 303
319 259
412 447
496 80
28 289
461 197
302 57
346 112
351 155
36 262
296 439
116 72
186 272
46 81
240 222
90 99
156 112
334 209
298 142
270 368
355 276
415 375
3 45
477 49
413 32
217 175
394 15
488 42
21 31
389 78
209 130
167 262
317 365
53 401
247 130
136 368
234 104
112 230
101 57
183 171
93 3
389 325
98 72
95 154
319 168
280 79
190 283
183 339
277 253
115 250
172 376
364 198
448 389
393 262
157 499
465 242
281 167
193 32
487 78
273 38
37 22
199 370
378 402
314 160
345 321
420 160
12 411
240 341
329 140
161 411
169 135
118 454
460 135
251 345
254 366
219 240
410 385
68 74
301 294
232 316
287 478
444 443
139 243
388 246
350 280
56 498
299 39
38 212
34 178
301 79
189 183
175 107
374 406
429 267
144 167
138 368
429 481
83 300
109 385
94 260
38 129
162 37
374 245
457 223
312 153
354 290
371 361
443 311
401 84
169 149
225 385
51 445
334 141
90 357
259 167
20 290
285 139
96 79
359 12
291 35
17 242
427 494
72 68
387 145
192 91
264 485
66 493
147 60
191 167
232 364
111 71
224 3
255 455
265 253
468 396
361 373
5 448
398 348
12 285
141 484
50 319
30 358
323 338
102 488
150 41
265 341
451 493
89 84
32 35
161 80
376 422
286 439
248 387
201 211
108 391
231 312
135 160
44 368
466 328
41 154
241 313
278 218
351 283
220 119
45 10
28 301
79 361
226 179
183 227
163 323
463 142
44 9
287 95
9 380
113 435
23 176
56 414
62 365
89 195
295 119
105 61
383 371
305 285
430 233
32 465
385 364
417 382
316 328
143 419
457 420
63 68
216 260
141 284
245 369
215 68
137 408
380 238
100 475
155 70
480 483
149 44
161 99
247 232
204 327
254 400
392 274
416 114
368 345
142 376
39 498
184 234
122 158
251 427
237 495
488 400
134 11
354 412
57 447
28 134
375 88
332 243
447 410
5 53
100 136
358 197
448 337
25 213
470 62
468 127
426 305
376 48
284 200
493 46
12 444
463 439
293 23
349 295
265 438
277 334
34 459
437 383
117 416
500 6
322 443
29 239
453 384
223 497
468 322
12 480
163 470
471 44
474 442
170 60
182 196
28 411
461 284
51 102
97 269
311 140
69 17
418 413
364 84
246 391
88 74
10 432
380 314
17 70
38 383
114 62
127 307
474 142
498 42
221 23
388 352
41 203
399 388
105 207
382 494
372 7
375 458
159 41
265 51
219 358
174 49
281 405
110 287
23 466
306 438
246 328
331 215
98 36
172 109
436 116
448 329
165 24
209 208
156 364
5 9
480 351
285 292
427 270
33 44
16 200
282 178
190 404
445 268
283 493
81 19
306 213
376 385
149 486
74 284
392 92
49 428
156 466
464 57
9 356
212 135
492 406
349 120
365 344
370 250
307 44
437 2
187 112
4 174
117 333
159 452
151 340
419 333
267 337
497 399
401 315
293 35
207 294
36 95
356 105
102 73
110 41
348 347
152 343
67 357
480 246
79 302
153 367
285 43
70 318
342 118
210 128
110 436
218 67
101 396
346 124
129 398
220 166
411 120
223 265
417 113
46 267
86 441
263 154
390 18
52 284
26 102
341 206
82 179
44 238
486 117
107 348
360 232
422 81
428 87
386 427
403 218
291 126
465 221
199 143
443 414
29 412
253 284
240 213
201 246
365 37
50 116
184 122
486 227
275 109
9 439
401 367
232 108
440 275
291 470
300 245
170 44
214 60
216 98
233 9
375 3
397 494
14 20
111 216
39 491
219 14
97 421
210 471
460 456
428 436
384 109
375 364
321 151
62 258
222 58
227 130
229 225
293 176
424 426
42 472
356 124
346 356
485 347
127 54
71 60
339 51
184 473
429 52
231 351
152 133
247 312
267 297
490 497
399 488
22 304
276 89
380 351
373 216
355 7
123 177
70 475
293 143
287 254
47 238
237 380
155 117
143 154
479 221
370 262
353 240
139 48
162 147
403 327
326 197
49 472
22 30
219 158
211 420
182 125
4 213
253 315
168 467
486 418
345 450
414 80
199 454
428 157
498 111
305 424
412 207
186 475
449 223
97 370
148 479
84 313
245 41
257 427
113 470
193 251
436 253
308 171
391 346
211 343
406 400
14 371
324 323
335 283
486 487
249 4
400 87
181 142
268 175
124 92
13 62
95 237
353 141
434 435
295 366
254 179
162 334
159 307
435 460
2 300
379 399
424 491
320 500
382 100
11 445
39 354
488 75
81 149
301 42
319 49
18 44
388 360
236 325
251 476
326 457
77 106
212 77
103 428
46 294
93 343
297 181
240 114
330 366
169 230
477 276
300 460
380 215
93 298
366 306
222 290
360 377
448 13
487 115
225 185
44 401
272 12
194 98
489 47
308 42
277 44
348 347
280 124
394 467
14 89
339 55
289 205
2 129
93 34
162 360
395 100
377 94
35 302
163 137
121 213
477 51
12 335
19 208
106 257
359 424
238 146
123 194
51 90
330 427
462 108
420 477
467 280
390 116
428 209
331 480
457 237
21 57
38 464
396 2
329 8
311 479
13 448
490 459
164 312
174 134
114 327
421 380
391 53
257 460
413 186
238 217
187 93
465 49
8 169
285 193
278 164
498 187
83 123
217 388
416 59
361 242
13 71
325 151
158 292
16 376
293 75
160 52
209 107
4 178
48 56
233 398
431 281
200 456
385 295
443 47
167 12
20 396
83 21
241 213
184 428
418 226
420 46
342 3
458 82
413 352
89 137
465 292
255 40
326 122
6 165
296 419
346 366
201 338
101 160
312 411
10 477
72 257
122 451
42 316
315 303
235 479
456 442
435 115
330 415
367 342
86 40
172 121
432 101
334 202
114 464
466 23
211 491
396 277
212 268
446 282
126 32
43 424
370 321
181 467
20 400
235 339
265 168
264 323
437 325
222 307
222 433
496 215
411 79
356 23
257 411
122 301
237 27
311 113
300 321
302 16
254 87
243 485
408 381
147 327
430 494
425 102
361 96
457 446
478 24
147 241
185 227
288 445
443 199
450 421
89 118
131 183
479 386
34 108
170 196
329 252
318 209
380 50
304 64
461 249
117 394
354 417
385 68
354 83
121 393
140 249
465 137
202 171
459 351
100 213
43 448
11 398
401 401
202 115
286 161
452 318
419 437
115 443
264 431
199 206
193 279
309 155
17 49
249 72
163 229
345 403
167 285
375 250
263 247
71 157
319 240
90 283
276 442
48 221
150 330
495 278
173 59
374 69
180 430
419 39
61 116
485 18
135 175
59 287
237 37
447 52
323 319
164 155
400 407
40 53
491 215
315 303
492 116
54 481
226 228
461 271
231 300
317 266
326 367
