500 7566 126 2566
1 240 67 250 372 444 374 424 454 76 151 46 496 20 474 105 480 135 71 307 267 238 500 159 264 236 178 433 94 200 268 111 284 275 132 257 497 320 107 449 153 222 165 226 363 362 197 18 95 418 336 182 13 60 59 154 361 407 61 85 52 82 74 184 463 44 21 379 319 492 346 400 281 176 205 333 408 42 272 5 339 254 337 435 78 273 113 208 133 294 27 129 195 345 2 188 269 191 15 330 101 115 421 491 65 382 242 118 255 417 371 149 299 224 287 258 102 282 317 48 309 45 482 422 303 77
770255712 78626263 124927259 261139493 87894143 263927261 580861947 673741006 593579075 26203683 995902928 799683324 94936459 160400442 416546500 582355866 733361257 791094789 932219251 684676901 318833827 611101243 253960046 947067951 820197941 962633960 722467768 574600669 603811276 847796716 833323852 530702954 381760845 339395450 688940948 30958498 295296588 724835483 704163571 847567207 925359765 212511145 739068733 927019568 955772583 189992148 133795386 202572165 149173300 772732064 383362087 894874244 674867363 926796901 189281332 12442719 279981966 998880462 705982214 166743260 822257988 286546522 777880887 750288084 69438792 898101727 574241745 505666228 136801488 462582018 937226455 288980223 645274951 752923839 932451261 582664393 391839435 105482215 203664362 978593341 245400239 732152221 132554557 566650649 526809083 330520537 124311685 143858477 880046567 127998949 262414856 738817248 510363748 886118626 470404093 640004523 607364243 542448196 783582994 359053979 509430603 990820946 200915686 270431443 827625879 305726119 828118672 123416072 12628790 604511412 334504726 435226883 85628186 68431419 39042039 68674083 643650537 767038421 513925026 344273368 48894079 767079790 227165181 216269609 363705962 332790468
2 1 422
3 1 790
4 1 79
5 1 109
6 1 365
1 7 914
8 1 508
9 1 81
10 1 407
11 1 452
12 1 772
1 13 734
1 14 230
1 15 399
1 16 994
1 17 753
1 18 331
1 19 996
20 1 815
21 1 214
1 22 734
1 23 677
24 1 352
25 1 481
1 26 23
1 27 411
28 1 166
29 1 771
1 30 537
1 31 178
1 32 733
1 33 923
1 34 905
35 1 544
1 36 821
37 1 850
1 38 515
39 1 361
40 1 644
1 41 574
1 42 973
1 43 502
1 44 666
45 1 160
1 46 971
47 1 585
48 1 220
49 1 422
1 50 193
1 51 866
1 52 610
53 1 305
54 1 596
1 55 533
1 56 226
57 1 896
1 58 554
1 59 666
60 1 746
1 61 836
1 62 492
63 1 460
64 1 145
1 65 898
1 66 795
67 1 659
1 68 935
1 69 652
1 70 585
1 71 986
1 72 504
1 73 616
74 1 164
1 75 961
1 76 237
1 77 47
1 78 830
79 1 28
1 80 330
81 1 959
1 82 311
1 83 794
1 84 113
85 1 210
1 86 553
1 87 678
88 1 966
89 1 605
1 90 475
91 1 338
92 1 650
93 1 146
1 94 328
1 95 407
96 1 441
1 97 198
98 1 309
1 99 639
1 100 619
101 1 675
102 1 46
103 1 684
1 104 374
105 1 896
1 106 721
107 1 981
1 108 842
109 1 172
110 1 417
111 1 712
1 112 132
1 113 438
114 1 596
115 1 658
116 1 508
117 1 664
118 1 182
119 1 265
120 1 535
121 1 391
1 122 740
123 1 635
1 124 317
1 125 469
1 126 730
44 324 932
128 1 636
129 1 752
1 130 462
131 1 796
132 1 923
133 1 472
1 134 426
1 135 559
136 1 632
1 137 188
138 1 717
1 139 19
1 140 83
141 1 422
1 142 683
143 1 845
144 1 312
145 1 866
146 1 689
147 1 196
1 148 161
149 1 219
150 1 402
151 1 261
1 152 786
1 153 199
154 1 588
1 155 21
1 156 403
157 1 222
158 1 484
1 159 994
160 1 914
1 161 718
162 1 790
1 163 691
164 1 326
1 165 258
1 166 261
167 1 307
1 168 21
169 1 790
1 170 849
1 171 162
1 172 175
173 1 421
1 174 692
1 175 348
1 176 584
177 1 292
178 1 556
1 179 952
1 180 890
181 1 732
182 1 773
1 183 618
1 184 305
185 1 299
186 1 332
187 1 217
1 188 357
189 1 164
190 1 988
191 1 793
192 1 947
193 1 386
194 1 717
195 1 851
1 196 68
1 197 473
198 1 976
199 1 152
1 200 869
1 201 358
1 202 84
99 366 706
1 204 942
205 1 745
1 206 229
207 1 636
208 1 635
1 209 474
210 1 375
1 211 444
212 1 958
1 213 90
214 1 959
215 1 992
216 1 914
1 217 701
218 1 883
219 1 302
220 1 514
1 221 903
1 222 629
1 223 618
224 1 648
225 1 291
226 1 491
227 1 132
228 1 822
1 229 53
230 1 122
1 231 495
232 1 185
233 1 578
234 1 999
235 1 716
1 236 912
237 1 419
238 1 188
239 1 509
1 240 33
241 1 822
242 1 625
1 243 682
280 445 189
1 245 453
246 1 473
247 1 455
1 248 416
249 1 92
1 250 89
1 251 644
252 1 858
253 1 447
254 1 180
1 255 668
256 1 368
1 257 594
1 258 585
259 1 718
260 1 547
1 261 807
1 262 275
263 1 255
264 1 823
1 265 804
266 1 472
267 1 694
1 268 198
1 269 170
1 270 731
271 1 719
1 272 771
273 1 511
1 274 507
275 1 145
276 1 928
277 1 741
1 278 737
1 279 688
1 280 272
281 1 497
1 282 870
1 283 947
1 284 485
1 285 924
62 228 747
1 287 39
288 1 187
1 289 526
290 1 438
1 291 786
1 292 179
1 293 718
294 1 220
295 1 297
296 1 689
297 1 571
298 1 473
1 299 570
300 1 47
301 1 102
302 1 34
1 303 899
1 304 272
1 305 549
306 1 323
307 1 569
308 1 317
1 309 946
310 1 985
1 311 394
312 1 292
313 1 562
314 1 458
315 1 52
316 1 651
317 1 959
1 318 680
1 319 915
1 320 945
1 321 15
322 1 883
323 1 887
324 1 518
1 325 794
326 1 531
1 327 195
328 1 487
329 1 439
1 330 81
1 331 816
332 1 443
1 333 944
1 334 783
335 1 784
1 336 680
1 337 201
338 1 827
339 1 187
1 340 46
1 341 629
1 342 617
1 343 469
1 344 466
345 1 65
346 1 70
1 347 726
348 1 469
1 349 151
350 1 285
351 1 512
1 352 779
353 1 605
354 1 454
355 1 469
1 356 589
1 357 523
1 358 90
1 359 743
360 1 391
1 361 777
1 362 57
1 363 814
364 1 706
365 1 102
1 366 668
1 367 382
1 368 91
1 369 58
1 370 667
371 1 446
372 1 442
111 79 773
374 1 495
375 1 609
376 1 221
377 1 133
378 1 881
1 379 889
1 380 610
381 1 829
1 382 194
383 1 991
1 384 752
385 1 936
386 1 913
387 1 492
388 1 703
1 389 594
390 1 776
391 1 148
392 1 395
1 393 431
394 1 431
1 395 502
396 1 373
397 1 522
398 1 344
399 1 741
400 1 290
1 401 712
1 402 977
403 1 922
404 1 474
405 1 794
406 1 413
407 1 351
1 408 874
1 409 335
1 410 67
1 411 77
1 412 899
1 413 655
414 1 621
1 415 775
416 1 904
1 417 953
418 1 851
419 1 901
420 1 876
421 1 254
422 1 414
1 423 202
424 1 338
1 425 107
1 426 549
1 427 543
428 1 131
429 1 251
1 430 499
431 1 318
1 432 268
1 433 411
434 1 63
435 1 767
436 1 429
437 1 397
438 1 482
1 439 550
1 440 347
1 441 245
1 442 685
1 443 779
1 444 734
171 297 615
446 1 176
447 1 504
448 1 20
449 1 895
1 450 132
451 1 79
455 420 348
453 1 879
1 454 858
1 455 234
456 1 788
457 1 221
1 458 290
459 1 817
460 1 340
461 1 786
1 462 189
1 463 720
464 1 193
1 465 452
1 466 227
467 1 765
1 468 707
1 469 524
470 1 638
471 1 918
1 472 550
1 473 361
1 474 13
1 475 513
476 1 525
477 1 12
478 1 266
479 1 499
1 480 698
481 1 258
482 1 557
1 483 210
484 1 344
485 1 237
1 486 558
487 1 899
1 488 10
489 1 195
490 1 926
1 491 492
492 1 840
493 1 517
494 1 711
495 1 859
1 496 57
1 497 882
1 498 592
499 1 637
500 1 92
2 3 721
4 2 746
5 2 240
6 2 222
7 2 810
8 2 893
9 2 562
10 2 823
2 11 478
2 12 84
2 13 871
2 14 620
2 15 106
2 16 380
17 2 855
18 2 231
2 19 585
20 2 314
2 21 477
22 2 26
23 2 303
24 2 970
25 2 313
26 2 1000
2 27 422
28 2 808
29 2 463
2 30 813
2 31 653
32 2 259
2 33 566
2 34 984
2 35 860
2 36 117
2 37 802
38 2 976
39 2 665
40 2 380
41 2 843
2 42 820
43 2 438
2 44 340
45 2 228
2 46 10
2 47 976
48 2 395
2 49 756
50 2 529
2 51 730
2 52 700
2 53 872
2 54 302
55 2 296
56 2 125
2 57 119
2 58 675
59 2 189
60 2 352
2 61 277
2 62 75
63 2 613
2 64 222
2 65 152
66 2 216
2 67 203
68 2 791
69 2 694
2 70 14
2 71 172
2 72 923
73 2 78
74 2 669
2 75 35
76 2 692
2 77 570
78 2 994
2 79 963
80 2 178
81 2 475
82 2 350
83 2 536
2 84 806
85 2 637
86 2 78
87 2 270
2 88 263
2 89 366
2 90 113
2 91 168
2 92 696
2 93 372
2 94 501
95 2 139
96 2 360
2 97 756
98 2 851
2 99 760
2 100 744
2 101 227
2 102 967
103 2 589
104 2 417
2 105 97
106 2 193
107 2 677
108 2 851
109 2 401
110 2 214
111 2 779
112 2 279
113 2 747
114 2 719
2 115 947
116 2 879
117 2 154
118 2 536
119 2 402
2 120 640
2 121 183
122 2 291
123 2 385
2 124 911
2 125 844
2 126 155
127 2 301
2 128 249
2 129 409
2 130 209
2 131 834
132 2 457
133 2 42
2 134 203
135 2 227
2 136 398
2 137 878
2 138 536
2 139 220
140 2 450
2 141 650
142 2 981
143 2 449
144 2 324
145 2 861
2 146 267
2 147 788
2 148 831
2 149 698
2 150 574
151 2 98
2 152 89
153 2 584
2 154 631
155 2 87
156 2 925
157 2 181
158 2 715
2 159 581
160 2 513
2 161 239
162 2 763
2 163 473
164 2 697
165 2 570
166 2 946
2 167 591
168 2 26
169 2 613
2 170 306
171 2 824
2 172 487
173 2 116
2 174 631
175 2 179
176 2 456
177 2 791
2 178 154
493 14 562
2 180 934
181 2 234
182 2 935
183 2 544
2 184 297
2 185 43
2 186 159
187 2 578
2 188 378
189 2 480
2 190 399
2 191 835
2 192 801
2 193 214
194 2 7
2 195 878
196 2 672
197 2 586
198 2 325
2 199 767
2 200 309
201 2 452
2 202 79
203 2 634
2 204 372
2 205 103
2 206 460
207 2 51
2 208 763
209 2 395
210 2 652
211 2 789
212 2 853
213 2 627
214 2 27
2 215 364
2 216 192
2 217 352
218 2 354
219 2 930
220 2 214
2 221 971
222 2 422
223 2 413
224 2 880
2 225 7
2 226 855
227 2 79
228 2 582
229 2 405
230 2 747
2 231 749
232 2 768
233 2 533
234 2 240
2 235 129
236 2 208
2 237 580
238 2 109
239 2 753
2 240 238
2 241 608
2 242 938
243 2 709
244 2 203
2 245 174
2 246 387
2 247 908
248 2 830
2 249 93
2 250 425
251 2 912
2 252 482
253 2 705
2 254 473
63 394 645
256 2 246
2 257 88
2 258 619
259 2 678
390 116 699
261 2 896
262 2 500
263 2 656
2 264 98
2 265 223
266 2 756
2 267 926
2 268 548
269 2 994
2 270 857
2 271 251
2 272 784
273 2 575
2 274 218
275 2 123
2 276 176
277 2 602
2 278 965
279 2 634
2 280 916
2 281 356
2 282 666
2 283 171
284 2 781
2 285 815
286 2 326
287 2 578
2 288 563
289 2 659
2 290 41
2 291 50
2 292 976
2 293 5
294 2 872
295 2 297
2 296 131
297 2 675
2 298 203
2 299 319
2 300 494
301 2 609
302 2 336
303 2 627
304 2 553
2 305 118
306 2 703
307 2 310
308 2 196
309 2 632
2 310 651
2 311 157
312 2 688
313 2 156
314 2 903
315 2 779
2 316 215
2 317 831
2 318 567
2 319 781
320 2 8
321 2 88
2 322 379
323 2 948
324 2 340
325 2 507
2 326 80
2 327 151
328 2 940
2 329 863
330 2 574
331 2 622
332 2 680
333 2 601
2 334 931
2 335 552
336 2 601
337 2 535
338 2 638
339 2 398
340 2 840
2 341 910
342 2 597
2 343 221
2 344 357
345 2 477
346 2 360
2 347 272
348 2 713
2 349 623
350 2 851
351 2 92
2 352 836
62 316 981
2 354 664
355 2 171
2 356 536
2 357 858
358 2 291
359 2 393
2 360 19
361 2 549
362 2 980
363 2 258
2 364 793
2 365 810
366 2 840
367 2 114
2 368 376
369 2 257
370 2 161
371 2 187
2 372 915
2 373 854
374 2 641
375 2 19
2 376 920
2 377 671
2 378 387
379 2 51
380 2 82
381 2 770
2 382 442
2 383 57
384 2 39
385 2 588
2 386 872
2 387 687
388 2 898
389 2 250
390 2 873
2 391 602
2 392 770
393 2 284
2 394 45
395 2 27
396 2 10
2 397 669
2 398 649
399 2 481
400 2 719
401 2 53
2 402 94
403 2 670
404 2 181
2 405 887
2 406 89
2 407 550
2 408 898
409 2 451
410 2 362
411 2 779
220 469 986
2 413 237
2 414 205
415 2 187
416 2 481
417 2 300
2 418 348
2 419 768
420 2 652
421 2 836
2 422 730
2 423 751
424 2 528
2 425 740
2 426 257
2 427 818
2 428 529
2 429 857
430 2 293
431 2 582
432 2 517
433 2 122
2 434 479
2 435 109
436 2 375
2 437 993
438 2 812
2 439 278
401 204 508
441 2 80
442 2 156
443 2 1000
444 2 201
2 445 362
2 446 427
447 2 370
448 2 747
2 449 725
2 450 346
2 451 294
452 2 373
453 2 159
2 454 567
2 455 466
456 2 582
457 2 878
2 458 601
2 459 126
460 2 792
2 461 150
462 2 485
463 2 504
2 464 346
465 2 303
2 466 900
2 467 331
2 468 919
2 469 565
470 2 570
2 471 579
2 472 77
2 473 198
2 474 321
475 2 922
476 2 503
2 477 135
2 478 164
2 479 207
2 480 884
481 2 632
482 2 700
483 2 802
484 2 597
485 2 499
486 2 951
487 2 857
488 2 59
489 2 33
490 2 659
491 2 471
2 492 150
2 493 597
2 494 72
495 2 23
2 496 951
2 497 295
2 498 147
2 499 621
2 500 567
3 4 210
3 5 108
6 3 653
3 7 334
3 8 430
9 3 481
10 3 178
3 11 773
201 483 543
13 3 976
14 3 729
3 15 780
16 3 572
17 3 81
18 3 195
19 3 749
20 3 257
3 21 106
3 22 431
23 3 591
3 24 125
25 3 721
26 3 613
27 3 844
28 3 13
29 3 685
3 30 444
3 31 467
3 32 687
3 33 662
34 3 765
35 3 662
3 36 872
3 37 496
3 38 429
3 39 925
3 40 31
41 3 29
3 42 239
3 43 138
3 44 351
45 3 520
3 46 712
47 3 251
3 48 369
49 3 258
50 3 153
3 51 108
3 52 855
3 53 824
3 54 73
55 3 66
3 56 714
3 57 699
58 3 88
59 3 992
3 60 494
3 61 551
62 3 5
63 3 742
3 64 873
65 3 260
66 3 321
3 67 165
3 68 527
3 69 504
70 3 938
3 71 180
72 3 377
3 73 876
74 3 649
3 75 526
76 3 793
3 77 2
3 78 68
79 3 154
3 80 391
3 81 198
82 3 317
83 3 386
84 3 495
85 3 458
3 86 313
87 3 116
88 3 545
89 3 79
324 237 281
3 91 492
3 92 160
3 93 859
3 94 852
95 3 824
96 3 212
3 97 566
3 98 300
3 99 498
100 3 336
3 101 444
102 3 60
103 3 226
104 3 764
3 105 126
3 106 457
107 3 66
108 3 979
109 3 449
3 110 910
111 3 352
112 3 206
3 113 445
114 3 6
3 115 495
3 116 448
3 117 143
3 118 46
119 3 558
3 120 865
121 3 671
3 122 431
3 123 551
124 3 771
3 125 979
126 3 905
219 79 978
128 3 656
3 129 346
130 3 387
131 3 983
132 3 249
3 133 746
3 134 332
135 3 992
136 3 728
137 3 307
138 3 669
139 3 893
140 3 360
141 3 626
142 3 285
3 143 469
3 144 183
145 3 311
3 146 812
147 3 60
148 3 323
149 3 919
3 150 248
151 3 183
3 152 202
3 153 194
3 154 339
3 155 610
156 3 592
157 3 366
3 158 658
159 3 986
3 160 949
3 161 474
162 3 951
3 163 532
164 3 292
3 165 212
166 3 793
3 167 956
168 3 998
3 169 636
170 3 255
3 171 863
3 172 781
3 173 214
3 174 513
3 175 825
3 176 17
3 177 268
178 3 599
179 3 599
180 3 390
3 181 154
182 3 287
3 183 79
3 184 932
3 185 432
186 3 803
187 3 867
3 188 710
3 189 300
190 3 33
191 3 506
192 3 44
193 3 781
3 194 665
3 195 679
196 3 865
3 197 865
3 198 579
199 3 488
200 3 597
3 201 360
202 3 358
203 3 696
3 204 92
3 205 774
3 206 274
3 207 77
208 3 477
209 3 125
210 3 175
211 3 130
212 3 267
3 213 889
3 214 132
3 215 391
3 216 328
3 217 810
218 3 625
219 3 12
220 3 797
3 221 517
3 222 877
3 223 578
224 3 804
3 225 204
3 226 928
227 3 706
228 3 726
3 229 257
230 3 938
231 3 35
3 232 85
392 462 679
234 3 11
3 235 432
236 3 731
3 237 57
238 3 433
3 239 160
3 240 841
3 241 465
3 242 277
243 3 885
244 3 242
3 245 411
246 3 142
3 247 421
3 248 253
249 3 719
3 250 836
251 3 420
252 3 790
253 3 682
3 254 6
3 255 368
3 256 501
257 3 429
258 3 525
259 3 132
260 3 77
261 3 229
262 3 814
3 263 517
264 3 175
3 265 337
266 3 236
267 3 864
3 268 829
269 3 640
3 270 732
3 271 482
272 3 551
273 3 936
3 274 744
275 3 830
276 3 657
298 92 752
3 278 221
279 3 411
280 3 179
281 3 895
3 282 4
283 3 748
3 284 168
3 285 218
286 3 668
3 287 22
3 288 447
289 3 194
3 290 134
3 291 277
292 3 213
3 293 932
455 172 88
3 295 927
3 296 777
3 297 879
3 298 43
3 299 999
3 300 623
301 3 153
3 302 693
3 303 779
3 304 870
329 344 67
306 3 272
3 307 39
3 308 138
309 3 808
3 310 849
311 3 456
312 3 826
3 313 82
3 314 994
315 3 434
316 3 299
3 317 125
318 3 496
3 319 651
3 320 483
3 321 914
3 322 109
323 3 349
324 3 303
325 3 774
3 326 559
3 327 864
328 3 181
329 3 736
330 3 80
331 3 773
332 3 91
3 333 102
334 3 292
3 335 988
336 3 902
337 3 104
3 338 934
339 3 631
340 3 396
3 341 980
342 3 219
3 343 349
344 3 635
345 3 233
346 3 301
3 347 576
3 348 287
349 3 180
350 3 25
351 3 247
352 3 600
3 353 318
3 354 577
355 3 725
3 356 609
3 357 27
3 358 12
359 3 512
3 360 770
361 3 484
3 362 833
3 363 595
364 3 335
365 3 726
366 3 127
3 367 532
3 368 488
369 3 985
3 370 968
3 371 542
3 372 799
3 373 491
3 374 282
375 3 849
3 376 805
377 3 890
378 3 485
379 3 213
380 3 412
381 3 85
3 382 111
3 383 883
384 3 926
3 385 292
3 386 707
3 387 684
3 388 669
3 389 531
390 3 837
391 3 111
392 3 33
3 393 412
394 3 808
3 395 575
396 3 550
397 3 585
398 3 584
399 3 555
400 3 642
3 401 118
402 3 392
403 3 277
404 3 931
3 405 493
3 406 934
3 407 260
3 408 296
3 409 479
410 3 570
411 3 866
412 3 979
3 413 138
3 414 419
415 3 933
3 416 85
417 3 838
3 418 889
419 3 378
3 420 794
421 3 711
422 3 196
3 423 62
3 424 713
425 3 126
426 3 116
3 427 355
428 3 893
3 429 824
430 3 518
431 3 946
432 3 759
433 3 693
434 3 206
435 3 35
436 3 137
437 3 106
438 3 927
439 3 358
440 3 292
3 441 32
3 442 300
443 3 749
444 3 707
445 3 290
446 3 531
3 447 415
448 3 798
449 3 115
450 3 989
451 3 7
452 3 640
3 453 766
454 3 352
455 3 76
3 456 82
457 3 132
458 3 301
3 459 327
3 460 270
3 461 866
462 3 82
463 3 767
3 464 100
465 3 16
466 3 648
467 3 264
468 3 8
469 3 955
470 3 118
3 471 807
472 3 402
3 473 675
3 474 452
3 475 248
3 476 284
477 3 534
3 478 625
479 3 481
480 3 768
3 481 923
482 3 734
3 483 356
484 3 440
3 485 328
3 486 641
487 3 857
488 3 596
3 489 741
490 3 363
3 491 793
492 3 351
3 493 999
494 3 346
495 3 372
496 3 170
3 497 14
3 498 496
499 3 356
3 500 368
5 4 439
6 4 618
7 4 272
8 4 152
9 4 882
10 4 465
11 4 634
12 4 151
13 4 677
4 14 468
4 15 609
4 16 563
17 4 495
18 4 93
4 19 728
4 20 833
21 4 902
4 22 672
4 23 213
24 4 711
25 4 66
26 4 519
27 4 323
28 4 939
29 4 319
30 4 192
31 4 776
4 32 226
4 33 47
4 34 437
35 4 488
36 4 26
37 4 246
4 38 363
4 39 360
4 40 776
41 4 804
42 4 164
4 43 843
44 4 395
45 4 335
46 4 365
47 4 601
4 48 863
49 4 318
4 50 688
51 4 915
4 52 251
53 4 975
4 54 251
55 4 241
56 4 580
4 57 593
4 58 752
59 4 388
60 4 111
61 4 579
62 4 699
4 63 996
64 4 603
4 65 691
4 66 679
4 67 563
68 4 796
69 4 648
4 70 33
4 71 455
72 4 162
4 73 881
74 4 395
4 75 404
76 4 760
77 4 828
78 4 651
4 79 216
4 80 717
4 81 384
4 82 777
4 83 14
4 84 574
85 4 987
4 86 236
4 87 859
4 88 962
89 4 340
90 4 694
91 4 76
4 92 917
4 93 354
4 94 707
95 4 214
4 96 621
97 4 955
4 98 855
99 4 845
100 4 776
4 101 886
102 4 117
103 4 70
4 104 740
105 4 506
4 106 168
107 4 900
108 4 118
4 109 596
110 4 574
4 111 942
112 4 44
113 4 309
114 4 391
4 115 271
116 4 435
4 117 18
4 118 83
119 4 910
4 120 297
4 121 346
4 122 929
4 123 340
124 4 411
125 4 580
4 126 345
127 4 272
128 4 433
129 4 310
4 130 555
4 131 470
132 4 981
133 4 991
4 134 414
4 135 995
136 4 352
4 137 30
4 138 410
139 4 531
4 140 637
4 141 920
4 142 758
4 143 156
464 230 980
4 145 654
4 146 43
147 4 840
148 4 312
4 149 988
4 150 174
151 4 199
152 4 402
153 4 884
154 4 146
4 155 562
4 156 308
157 4 345
4 158 340
4 159 425
4 160 326
4 161 252
162 4 829
163 4 278
164 4 852
165 4 451
4 166 980
4 167 72
168 4 245
4 169 637
4 170 753
171 4 913
4 172 166
4 173 927
4 174 115
4 175 873
4 176 518
177 4 122
178 4 547
4 179 40
180 4 167
181 4 618
4 182 15
183 4 815
4 184 883
4 185 544
186 4 752
187 4 520
188 4 597
4 189 578
190 4 508
396 246 418
4 192 316
4 193 534
4 194 236
195 4 382
4 196 83
4 197 962
198 4 271
199 4 564
4 200 868
4 201 983
202 4 102
4 203 823
204 4 360
4 205 33
206 4 870
4 207 333
208 4 544
209 4 689
210 4 985
4 211 320
4 212 800
4 213 555
4 214 597
215 4 375
4 216 782
4 217 152
218 4 995
4 219 542
220 4 112
221 4 269
222 4 585
223 4 33
224 4 347
4 225 867
4 226 481
227 4 533
228 4 876
4 229 637
230 4 352
231 4 40
232 4 571
4 233 573
234 4 88
4 235 12
4 236 155
4 237 422
4 238 726
239 4 688
240 4 204
241 4 547
242 4 500
243 4 47
4 244 561
4 245 791
246 4 280
247 4 622
248 4 227
249 4 308
250 4 156
4 251 386
4 252 123
4 253 180
4 254 788
4 255 944
256 4 508
257 4 827
4 258 371
259 4 36
4 260 95
261 4 923
262 4 478
4 263 763
264 4 956
4 265 125
4 266 783
4 267 408
4 268 312
4 269 919
4 270 883
4 271 58
4 272 289
4 273 161
4 274 629
275 4 148
276 4 620
277 4 135
278 4 345
4 279 709
280 4 504
4 281 858
282 4 377
283 4 846
284 4 713
285 4 639
4 286 436
4 287 134
288 4 853
4 289 422
290 4 962
291 4 249
292 4 258
4 293 572
294 4 265
295 4 789
4 296 926
297 4 273
4 298 475
4 299 899
300 4 734
4 301 107
302 4 766
303 4 28
4 304 872
305 4 946
306 4 290
307 4 914
308 4 392
309 4 506
4 310 70
311 4 506
312 4 455
313 4 108
4 314 804
315 4 417
316 4 263
317 4 932
4 318 673
319 4 868
4 320 216
321 4 412
4 322 822
4 323 518
324 4 495
4 325 160
4 326 209
327 4 270
4 328 482
4 329 929
4 330 869
4 331 990
4 332 677
4 333 490
4 334 397
4 335 629
4 336 431
337 4 742
338 4 101
339 4 918
340 4 693
341 4 624
342 4 641
343 4 447
4 344 991
4 345 809
4 346 924
4 347 427
4 348 679
349 4 941
350 4 155
4 351 160
4 352 589
4 353 726
354 4 943
355 4 858
356 4 549
357 4 856
358 4 999
359 4 582
360 4 366
361 4 91
362 4 603
363 4 504
364 4 101
365 4 37
366 4 194
4 367 949
4 368 8
369 4 589
370 4 725
371 4 522
4 372 284
373 4 49
374 4 954
375 4 267
4 376 984
377 4 737
4 378 778
379 4 157
4 380 799
381 4 585
382 4 43
383 4 732
4 384 914
4 385 675
386 4 878
4 387 621
388 4 468
4 389 779
390 4 722
391 4 214
4 392 932
4 393 689
394 4 207
78 64 585
4 396 862
397 4 402
4 398 124
399 4 101
400 4 410
401 4 728
402 4 498
403 4 861
4 404 684
405 4 877
4 406 359
4 407 719
190 340 306
4 409 444
410 4 412
411 4 781
4 412 386
413 4 144
414 4 311
4 415 895
416 4 769
417 4 771
4 418 146
419 4 712
4 420 828
421 4 305
422 4 282
423 4 245
4 424 699
4 425 226
426 4 625
4 427 89
428 4 969
429 4 187
4 430 428
4 431 732
4 432 966
4 433 526
434 4 397
435 4 335
4 436 765
437 4 757
438 4 954
439 4 633
4 440 558
441 4 635
442 4 196
443 4 37
444 4 365
4 445 291
4 446 474
447 4 634
448 4 129
4 449 527
4 450 579
451 4 370
4 452 310
4 453 882
4 454 991
4 455 187
4 456 451
4 457 550
4 458 863
459 4 937
4 460 69
4 461 544
4 462 225
4 463 858
464 4 370
4 465 615
4 466 741
467 4 584
468 4 927
469 4 72
4 470 82
4 471 331
4 472 259
473 4 357
4 474 441
475 4 716
476 4 530
477 4 681
4 478 969
4 479 844
4 480 946
4 481 197
4 482 746
483 4 467
484 4 745
4 485 767
486 4 402
4 487 449
4 488 429
4 489 134
4 490 195
491 4 104
492 4 426
4 493 815
4 494 770
495 4 215
4 496 48
497 4 587
4 498 834
4 499 537
500 4 19
6 5 430
7 5 207
5 8 36
9 5 945
5 10 538
11 5 204
12 5 315
5 13 223
5 14 66
15 5 469
16 5 740
5 17 373
18 5 231
19 5 134
5 20 339
5 21 461
5 22 551
5 23 890
5 24 813
5 25 96
5 26 377
27 5 676
5 28 966
29 5 169
30 5 418
5 31 474
32 5 964
33 5 623
5 34 683
5 35 636
5 36 521
5 37 888
5 38 32
5 39 138
40 5 236
5 41 625
42 5 58
43 5 276
5 44 809
45 5 6
46 5 134
5 47 343
48 5 781
5 49 833
50 5 493
51 5 863
52 5 675
5 53 266
54 5 578
55 5 511
56 5 409
57 5 876
5 58 391
59 5 346
60 5 35
5 61 913
62 5 664
63 5 734
64 5 263
5 65 856
5 66 429
67 5 532
5 68 160
69 5 350
70 5 181
71 5 426
72 5 852
5 73 265
5 74 70
5 75 992
5 76 126
5 77 311
78 5 118
79 5 30
5 80 452
81 5 350
82 5 125
83 5 93
84 5 713
85 5 761
86 5 744
87 5 625
88 5 236
89 5 601
5 90 816
91 5 310
92 5 224
5 93 146
94 5 833
5 95 632
5 96 842
97 5 698
98 5 556
99 5 105
5 100 726
5 101 149
5 102 853
5 103 527
104 5 555
5 105 747
106 5 677
5 107 307
5 108 554
5 109 168
110 5 217
5 111 435
5 112 627
113 5 772
114 5 41
115 5 984
116 5 703
117 5 561
5 118 82
119 5 545
5 120 207
121 5 616
5 122 628
5 123 351
5 124 868
5 125 148
5 126 661
127 5 823
5 128 333
5 129 12
130 5 549
5 131 147
5 132 628
133 5 846
134 5 960
5 135 449
5 136 569
137 5 95
138 5 719
5 139 250
140 5 293
5 141 587
142 5 95
143 5 636
5 144 609
145 5 715
146 5 752
147 5 585
148 5 213
149 5 634
5 150 79
151 5 38
5 152 305
5 153 240
5 154 292
5 155 997
5 156 855
157 5 167
5 158 245
5 159 483
160 5 582
5 161 113
162 5 441
163 5 594
5 164 457
5 165 759
166 5 230
167 5 80
5 168 374
5 169 955
170 5 716
171 5 911
172 5 896
173 5 15
174 5 480
5 175 507
176 5 30
177 5 340
178 5 482
5 179 791
180 5 537
5 181 725
5 182 455
183 5 408
5 184 482
5 185 937
186 5 719
5 187 648
5 188 841
189 5 420
5 190 152
5 191 356
5 192 903
5 193 678
5 194 153
5 195 743
5 196 165
197 5 434
5 198 928
199 5 493
200 5 915
201 5 625
5 202 469
203 5 185
5 204 770
5 205 637
5 206 653
207 5 255
208 5 274
209 5 782
210 5 431
211 5 826
5 212 13
5 213 920
214 5 490
5 215 207
216 5 546
217 5 891
5 218 934
219 5 129
220 5 851
221 5 818
222 5 334
5 223 395
5 224 287
5 225 941
5 226 756
227 5 993
5 228 265
5 229 655
230 5 333
231 5 911
5 232 255
233 5 40
5 234 481
5 235 232
236 5 611
5 237 779
238 5 516
239 5 160
240 5 6
241 5 529
242 5 504
5 243 43
244 5 32
245 5 493
246 5 577
5 247 36
5 248 281
5 249 807
250 5 983
251 5 662
252 5 356
253 5 921
254 5 448
255 5 463
256 5 902
5 257 301
5 258 587
5 259 512
260 5 995
5 261 628
262 5 613
5 263 742
5 264 2
5 265 160
266 5 208
267 5 812
268 5 780
5 269 59
5 270 103
5 271 639
5 272 105
273 5 638
5 274 660
275 5 720
5 276 290
5 277 564
278 5 867
5 279 862
280 5 784
281 5 484
5 282 476
5 283 321
284 5 948
285 5 202
5 286 580
5 287 632
288 5 597
289 5 638
5 290 748
291 5 940
292 5 357
293 5 275
5 294 473
5 295 219
296 5 612
5 297 313
298 5 603
299 5 190
450 26 228
5 301 236
302 5 486
303 5 955
5 304 723
305 5 684
5 306 811
5 307 987
308 5 716
5 309 659
310 5 520
311 5 45
5 312 782
5 313 450
5 314 60
5 315 898
316 5 11
5 317 740
318 5 644
5 319 535
320 5 531
5 321 928
5 322 329
5 323 326
324 5 390
5 325 923
5 326 136
5 327 93
328 5 638
5 329 252
330 5 368
5 331 621
5 332 243
5 333 903
5 334 631
335 5 276
336 5 132
5 337 123
5 338 446
339 5 580
340 5 581
341 5 732
342 5 168
343 5 593
5 344 667
345 5 569
5 346 431
5 347 319
348 5 778
349 5 263
5 350 39
5 351 498
5 352 768
353 5 228
354 5 57
5 355 213
356 5 919
292 169 580
5 358 930
359 5 684
360 5 862
361 5 392
5 362 801
5 363 905
5 364 689
365 5 778
366 5 940
5 367 10
368 5 173
5 369 507
370 5 340
5 371 681
372 5 365
373 5 118
5 374 220
5 375 475
376 5 472
5 377 354
5 378 966
379 5 842
380 5 768
381 5 779
382 5 78
5 383 483
5 384 748
5 385 417
5 386 381
5 387 689
388 5 463
5 389 599
390 5 767
5 391 80
5 392 791
393 5 853
5 394 797
5 395 706
5 396 414
397 5 879
5 398 340
5 399 846
11 94 565
5 401 77
402 5 157
5 403 820
404 5 364
405 5 529
406 5 283
407 5 178
5 408 907
409 5 67
5 410 208
411 5 314
412 5 29
5 413 56
5 414 944
415 5 650
416 5 7
5 417 855
5 418 339
5 419 650
420 5 565
421 5 131
422 5 975
5 423 273
5 424 454
5 425 100
5 426 181
427 5 689
5 428 235
429 5 533
430 5 832
431 5 223
5 432 940
5 433 327
5 434 393
435 5 516
180 148 99
5 437 781
438 5 389
439 5 982
440 5 702
441 5 279
442 5 757
443 5 615
444 5 17
5 445 831
446 5 844
447 5 773
5 448 634
5 449 62
450 5 645
5 451 385
452 5 68
5 453 24
5 454 11
5 455 280
5 456 500
457 5 820
458 5 343
459 5 269
5 460 823
5 461 333
462 5 454
5 463 381
5 464 562
5 465 299
466 5 744
467 5 377
5 468 440
5 469 491
5 470 626
5 471 832
472 5 40
5 473 747
5 474 541
5 475 282
5 476 709
477 5 719
5 478 781
5 479 398
5 480 436
5 481 839
482 5 290
483 5 581
484 5 537
485 5 766
486 5 706
5 487 884
5 488 514
489 5 780
490 5 501
5 491 182
337 152 898
5 493 461
494 5 832
5 495 264
5 496 424
497 5 297
5 498 395
499 5 476
500 5 70
43 458 898
6 8 659
6 9 870
10 6 90
11 6 304
12 6 808
6 13 106
6 14 992
6 15 560
6 16 624
17 6 340
18 6 893
6 19 393
6 20 219
21 6 470
6 22 902
23 6 526
24 6 908
25 6 781
6 26 735
6 27 391
6 28 318
29 6 125
6 30 989
31 6 95
32 6 517
6 33 145
6 34 621
6 35 919
6 36 97
6 37 203
6 38 130
6 39 410
40 6 23
6 41 802
6 42 299
43 6 855
6 44 711
213 418 15
46 6 82
6 47 619
48 6 287
49 6 503
50 6 222
51 6 60
52 6 678
53 6 796
6 54 994
6 55 303
6 56 130
57 6 116
58 6 980
59 6 242
6 60 491
61 6 328
62 6 487
6 63 754
6 64 53
6 65 606
6 66 393
6 67 599
6 68 386
6 69 96
70 6 221
6 71 115
6 72 606
73 6 987
74 6 131
6 75 479
6 76 697
77 6 73
6 78 451
79 6 38
6 80 345
6 81 679
82 6 206
6 83 880
84 6 277
6 85 592
6 86 725
87 6 89
6 88 403
89 6 680
6 90 175
6 91 727
6 92 122
6 93 593
6 94 400
6 95 63
6 96 753
6 97 834
6 98 260
99 6 952
100 6 655
6 101 722
102 6 456
103 6 342
6 104 504
105 6 114
106 6 426
6 107 889
6 108 839
109 6 41
6 110 892
6 111 211
112 6 486
6 113 141
114 6 949
115 6 974
6 116 95
6 117 689
6 118 367
6 119 460
6 120 575
121 6 801
122 6 714
123 6 685
124 6 677
6 125 199
126 6 936
127 6 484
128 6 800
129 6 26
6 130 791
131 6 538
6 132 598
6 133 58
134 6 274
135 6 946
136 6 414
6 137 413
6 138 824
6 139 779
6 140 399
6 141 765
142 6 60
143 6 994
6 144 190
6 145 56
6 146 275
6 147 629
6 148 732
149 6 375
6 150 705
151 6 280
6 152 750
153 6 103
6 154 828
155 6 732
156 6 588
6 157 859
6 158 271
159 6 435
6 160 42
161 6 431
6 162 105
6 163 470
6 164 329
6 165 367
166 6 20
167 6 599
6 168 863
169 6 510
170 6 30
6 171 95
6 172 939
6 173 127
6 174 283
6 175 409
176 6 266
177 6 112
178 6 664
6 179 709
6 180 5
6 181 938
6 182 106
6 183 678
6 184 904
6 185 875
6 186 278
187 6 725
188 6 549
189 6 19
6 190 158
191 6 179
6 192 567
193 6 202
194 6 194
195 6 595
6 196 880
197 6 481
198 6 164
6 199 638
200 6 59
201 6 700
202 6 411
6 203 92
204 6 66
6 205 207
206 6 249
6 207 914
6 208 345
209 6 454
210 6 437
211 6 358
212 6 81
213 6 571
6 214 970
215 6 765
6 216 358
217 6 35
6 218 86
219 6 806
6 220 386
221 6 129
222 6 972
223 6 685
224 6 768
225 6 338
226 6 658
227 6 33
6 228 97
6 229 960
6 230 788
6 231 893
6 232 866
6 233 632
6 234 391
6 235 747
6 236 524
237 6 979
6 238 999
6 239 740
240 6 555
6 241 376
242 6 209
6 243 305
244 6 920
72 289 656
6 246 481
6 247 694
6 248 479
249 6 777
250 6 822
251 6 289
6 252 938
6 253 44
6 254 465
6 255 439
256 6 523
257 6 40
6 258 410
6 259 184
6 260 406
261 6 268
262 6 755
263 6 102
32 134 93
6 265 400
6 266 731
6 267 722
252 92 810
269 6 349
6 270 428
271 6 743
272 6 529
273 6 320
6 274 405
6 275 797
276 6 394
277 6 236
278 6 528
6 279 295
6 280 427
6 281 565
6 282 517
6 283 733
284 6 221
285 6 581
6 286 966
287 6 611
288 6 107
289 6 986
118 430 729
291 6 856
292 6 654
6 293 758
465 194 985
6 295 800
6 296 515
6 297 662
6 298 941
6 299 283
6 300 386
6 301 468
6 302 408
6 303 484
6 304 689
305 6 829
306 6 919
307 6 170
308 6 1000
6 309 948
310 6 46
311 6 994
312 6 707
6 313 341
6 314 939
315 6 803
316 6 35
317 6 507
318 6 985
319 6 968
6 320 709
321 6 978
322 6 87
323 6 594
324 6 425
325 6 173
318 347 655
6 327 420
328 6 252
6 329 609
6 330 215
331 6 749
6 332 975
6 333 424
6 334 755
6 335 305
336 6 741
6 337 536
6 338 129
339 6 705
340 6 297
341 6 458
342 6 299
6 343 838
6 344 966
345 6 611
6 346 849
347 6 810
348 6 573
6 349 45
350 6 340
351 6 919
6 352 802
353 6 855
6 354 244
6 355 581
356 6 319
6 357 129
358 6 68
359 6 401
360 6 672
6 361 826
6 362 32
363 6 208
6 364 278
6 365 714
6 366 262
6 367 472
368 6 444
6 369 344
370 6 618
371 6 760
6 372 853
373 6 876
374 6 760
6 375 795
376 6 108
6 377 806
6 378 918
379 6 170
6 380 938
6 381 382
382 6 839
6 383 38
384 6 203
6 385 377
386 6 945
6 387 786
6 388 25
389 6 635
390 6 112
391 6 847
6 392 680
6 393 511
6 394 769
395 6 933
6 396 560
397 6 601
6 398 544
6 399 809
6 400 663
6 401 589
402 6 754
6 403 801
404 6 580
405 6 732
406 6 435
407 6 970
6 408 981
6 409 382
410 6 650
6 411 227
6 412 34
6 413 707
414 6 352
415 6 423
6 416 695
6 417 225
418 6 293
419 6 143
6 420 46
421 6 202
422 6 611
423 6 798
6 424 971
6 425 282
6 426 225
6 427 907
6 428 998
429 6 909
6 430 329
431 6 202
6 432 365
433 6 743
434 6 874
6 435 835
6 436 47
437 6 618
438 6 310
439 6 250
6 440 306
441 6 564
442 6 637
443 6 77
233 241 333
445 6 958
446 6 929
6 447 753
6 448 423
338 186 574
6 450 112
6 451 630
452 6 14
6 453 397
6 454 693
6 455 710
6 456 9
6 457 434
6 458 952
6 459 874
460 6 239
461 6 454
6 462 313
463 6 461
464 6 526
465 6 494
466 6 176
467 6 631
468 6 645
469 6 636
470 6 208
6 471 395
295 496 417
6 473 30
6 474 528
6 475 113
6 476 468
477 6 662
478 6 121
479 6 605
480 6 609
481 6 984
6 482 11
6 483 206
6 484 618
6 485 111
6 486 607
6 487 992
488 6 90
489 6 32
490 6 718
491 6 754
6 492 971
6 493 61
494 6 769
6 495 145
6 496 202
497 6 755
498 6 630
6 499 891
6 500 310
7 8 596
9 7 482
10 7 581
7 11 996
12 7 686
13 7 346
7 14 310
7 15 630
7 16 67
17 7 888
18 7 489
19 7 175
20 7 239
21 7 564
22 7 951
23 7 305
7 24 381
25 7 144
26 7 267
27 7 847
7 28 274
29 7 475
7 30 44
31 7 627
7 32 736
33 7 695
34 7 166
7 35 441
36 7 589
7 37 836
7 38 17
39 7 34
7 40 665
7 41 563
42 7 353
7 43 283
7 44 228
45 7 3
46 7 316
7 47 867
48 7 77
49 7 831
7 50 567
51 7 56
7 52 932
7 53 117
7 54 538
7 55 155
56 7 81
7 57 9
7 58 215
59 7 559
60 7 474
61 7 544
62 7 487
7 63 150
64 7 329
7 65 486
66 7 173
7 67 636
68 7 692
69 7 752
70 7 656
7 71 10
7 72 300
7 73 459
7 74 670
75 7 556
76 7 854
7 77 651
78 7 980
7 79 379
80 7 157
7 81 148
82 7 998
7 83 980
84 7 118
7 85 557
86 7 421
87 7 696
88 7 922
7 89 688
7 90 244
91 7 218
7 92 655
7 93 476
7 94 483
7 95 388
96 7 816
97 7 731
7 98 220
7 99 2
7 100 377
7 101 972
102 7 753
7 103 645
104 7 787
7 105 954
106 7 348
107 7 25
7 108 630
7 109 683
110 7 332
7 111 599
7 112 418
113 7 521
114 7 367
7 115 740
7 116 997
117 7 533
7 118 962
7 119 776
7 120 864
121 7 767
122 7 531
123 7 992
7 124 50
7 125 943
126 7 400
127 7 253
128 7 299
129 7 632
130 7 197
7 131 139
132 7 850
133 7 223
134 7 18
135 7 211
136 7 984
7 137 968
138 7 171
139 7 113
140 7 523
7 141 601
7 142 598
143 7 822
7 144 884
7 145 30
7 146 424
147 7 439
148 7 537
7 149 859
150 7 593
151 7 548
152 7 484
153 7 541
7 154 211
7 155 626
7 156 337
56 163 578
7 158 727
7 159 674
7 160 532
7 161 195
7 162 808
163 7 759
7 164 9
165 7 201
7 166 805
167 7 516
7 168 642
7 169 246
7 170 395
7 171 508
172 7 605
276 360 280
7 174 178
175 7 432
7 176 883
177 7 513
7 178 123
7 179 165
7 180 531
156 151 865
7 182 232
183 7 195
184 7 540
185 7 290
186 7 852
187 7 759
7 188 998
7 189 707
190 7 255
7 191 441
7 192 354
193 7 247
194 7 299
195 7 959
196 7 453
7 197 515
7 198 802
199 7 401
200 7 882
7 201 115
7 202 525
7 203 27
7 204 285
205 7 869
206 7 526
207 7 414
208 7 504
209 7 284
7 210 167
7 211 334
212 7 513
7 213 982
214 7 361
7 215 933
7 216 754
7 217 247
7 218 135
219 7 63
7 220 608
221 7 444
222 7 872
223 7 868
7 224 573
7 225 273
7 226 360
227 7 250
228 7 583
229 7 548
230 7 407
7 231 888
7 232 942
7 233 111
234 7 424
235 7 196
7 236 905
7 237 537
7 238 684
239 7 966
240 7 850
64 106 662
242 7 413
243 7 811
7 244 22
245 7 595
246 7 371
247 7 315
248 7 694
7 249 819
7 250 450
7 251 954
252 7 744
7 253 140
7 254 458
255 7 691
256 7 126
257 7 907
258 7 22
259 7 536
260 7 134
261 7 708
7 262 334
7 263 420
264 7 896
7 265 826
7 266 61
7 267 577
7 268 36
269 7 821
7 270 435
271 7 634
7 272 217
273 7 455
274 7 675
275 7 155
7 276 951
7 277 30
7 278 438
279 7 395
7 280 854
281 7 998
7 282 439
7 283 553
284 7 716
285 7 884
286 7 486
287 7 220
288 7 636
289 7 555
7 290 405
291 7 898
292 7 201
7 293 883
7 294 637
295 7 914
7 296 15
297 7 701
7 298 890
7 299 858
300 7 467
301 7 88
302 7 595
303 7 561
304 7 566
305 7 608
7 306 235
307 7 950
308 7 221
309 7 33
310 7 619
172 260 263
312 7 588
433 273 528
7 314 341
315 7 707
316 7 22
7 317 691
318 7 946
7 319 153
7 320 831
321 7 748
7 322 438
323 7 342
324 7 251
7 325 441
326 7 783
7 327 404
328 7 132
329 7 167
330 7 825
331 7 165
332 7 791
7 333 539
7 334 60
335 7 412
336 7 631
7 337 471
338 7 260
7 339 772
7 340 49
341 7 115
7 342 401
7 343 767
7 344 647
7 345 186
7 346 165
7 347 176
7 348 150
349 7 177
7 350 849
7 351 753
7 352 255
7 353 179
354 7 95
355 7 966
7 356 913
7 357 887
358 7 729
7 359 840
7 360 949
361 7 8
7 362 873
363 7 812
364 7 777
365 7 676
366 7 55
367 7 505
7 368 286
7 369 174
7 370 327
7 371 966
7 372 634
7 373 845
374 7 848
7 375 361
376 7 903
377 7 2
378 7 926
7 379 360
7 380 266
381 7 502
7 382 696
383 7 900
7 384 469
385 7 713
386 7 66
387 7 978
388 7 117
389 7 292
390 7 933
391 7 632
7 392 300
393 7 97
7 394 258
57 364 54
396 7 928
7 397 589
7 398 587
7 399 26
7 400 514
7 401 645
7 402 786
7 403 954
404 7 745
7 405 997
406 7 952
7 407 351
7 408 364
409 7 426
7 410 743
411 7 324
412 7 372
7 413 66
7 414 568
7 415 539
416 7 703
417 7 407
418 7 671
7 419 928
420 7 294
421 7 48
7 422 578
7 423 860
424 7 64
425 7 528
426 7 509
427 7 947
428 7 956
429 7 381
7 430 96
7 431 190
7 432 124
433 7 730
7 434 159
7 435 714
436 7 228
7 437 493
438 7 866
7 439 824
7 440 495
441 7 698
442 7 891
7 443 715
7 444 746
445 7 726
7 446 114
7 447 557
448 7 367
449 7 340
7 450 556
7 451 178
452 7 852
7 453 132
7 454 240
455 7 34
7 456 426
457 7 63
458 7 441
459 7 716
460 7 70
461 7 661
7 462 991
7 463 766
464 7 274
465 7 799
466 7 933
7 467 182
7 468 285
469 7 36
7 470 268
7 471 260
472 7 591
7 473 216
7 474 415
475 7 613
7 476 527
477 7 33
7 478 885
479 7 610
480 7 629
481 7 577
7 482 899
7 483 343
7 484 191
485 7 431
486 7 759
7 487 756
7 488 496
489 7 221
490 7 574
491 7 503
492 7 389
493 7 371
7 494 334
7 495 408
496 7 46
7 497 603
7 498 301
499 7 772
500 7 355
9 8 555
8 10 608
8 11 187
12 8 396
8 13 694
8 14 13
8 15 994
16 8 136
8 17 179
8 18 418
19 8 314
8 20 911
8 21 692
8 22 403
23 8 679
24 8 176
25 8 481
8 26 784
8 27 241
28 8 556
29 8 107
30 8 860
31 8 846
32 8 569
33 8 729
8 34 575
221 464 462
8 36 984
8 37 446
8 38 133
8 39 14
40 8 142
41 8 401
42 8 198
8 43 206
44 8 183
45 8 11
8 46 148
8 47 731
48 8 615
8 49 429
8 50 79
51 8 78
52 8 311
8 53 919
8 54 756
55 8 218
8 56 470
8 57 346
58 8 234
8 59 618
60 8 493
8 61 623
62 8 92
63 8 329
8 64 314
65 8 214
8 66 90
8 67 344
68 8 78
8 69 24
8 70 343
71 8 899
8 72 951
8 73 501
74 8 468
75 8 188
8 76 703
8 77 807
8 78 340
8 79 727
173 113 666
81 8 125
8 82 454
8 83 692
84 8 660
85 8 961
8 86 351
8 87 505
8 88 145
8 89 427
90 8 141
8 91 109
92 8 459
8 93 515
94 8 468
8 95 6
8 96 56
8 97 82
8 98 77
8 99 820
100 8 194
101 8 82
8 102 730
8 103 883
104 8 957
8 105 210
106 8 164
8 107 949
8 108 596
8 109 139
8 110 133
111 8 966
8 112 268
8 113 773
114 8 62
8 115 118
116 8 934
8 117 331
118 8 2
8 119 459
120 8 234
8 121 378
122 8 665
8 123 692
8 124 647
8 125 431
126 8 983
127 8 183
128 8 44
129 8 150
8 130 522
8 131 420
8 132 139
8 133 67
8 134 687
8 135 455
136 8 72
137 8 549
8 138 981
139 8 362
140 8 910
141 8 310
317 322 88
143 8 240
8 144 930
8 145 188
146 8 952
147 8 460
148 8 934
8 149 739
8 150 727
8 151 56
152 8 103
153 8 17
154 8 543
8 155 78
8 156 248
157 8 929
158 8 338
8 159 387
8 160 173
161 8 25
162 8 888
163 8 55
8 164 625
165 8 123
166 8 476
8 167 686
8 168 400
169 8 88
8 170 679
8 171 394
8 172 869
173 8 856
8 174 604
8 175 934
176 8 398
8 177 723
178 8 34
8 179 548
8 180 843
181 8 667
8 182 582
183 8 169
184 8 98
185 8 32
186 8 294
8 187 284
188 8 910
189 8 67
8 190 646
191 8 834
8 192 963
193 8 483
194 8 887
195 8 149
8 196 108
8 197 595
198 8 899
8 199 184
8 200 838
201 8 401
8 202 483
8 203 276
8 204 610
205 8 193
206 8 225
8 207 455
8 208 351
8 209 921
8 210 30
8 211 40
8 212 869
8 213 34
214 8 37
215 8 188
8 216 987
8 217 901
8 218 6
8 219 756
220 8 193
8 221 900
8 222 940
223 8 877
224 8 183
8 225 468
8 226 631
8 227 710
228 8 189
8 229 554
230 8 435
8 231 765
8 232 705
146 345 259
234 8 368
235 8 595
236 8 740
8 237 562
8 238 464
8 239 243
240 8 237
8 241 134
8 242 747
243 8 199
8 244 972
245 8 705
246 8 654
247 8 515
8 248 312
249 8 546
250 8 903
251 8 448
252 8 466
8 253 588
8 254 531
8 255 618
8 256 168
257 8 37
258 8 481
259 8 739
260 8 475
261 8 944
8 262 261
263 8 366
8 264 529
8 265 91
266 8 158
8 267 580
8 268 899
8 269 978
8 270 7
271 8 714
272 8 32
273 8 482
274 8 921
275 8 521
8 276 385
8 277 94
8 278 848
8 279 693
280 8 491
8 281 62
282 8 138
283 8 823
8 284 616
8 285 523
8 286 788
287 8 371
8 288 902
8 289 501
290 8 116
291 8 739
8 292 686
8 293 373
8 294 703
8 295 266
8 296 870
8 297 27
8 298 925
312 108 801
300 8 568
301 8 641
8 302 424
303 8 685
304 8 433
305 8 989
8 306 25
307 8 327
8 308 370
8 309 947
310 8 595
8 311 427
8 312 483
8 313 49
314 8 566
8 315 81
316 8 83
317 8 234
8 318 837
319 8 136
8 320 705
8 321 188
8 322 544
8 323 550
324 8 430
8 325 609
326 8 43
327 8 953
8 328 601
8 329 250
8 330 701
331 8 241
8 332 681
8 333 999
8 334 882
335 8 355
8 336 55
337 8 232
338 8 154
8 339 8
8 340 377
8 341 479
342 8 456
343 8 11
356 474 856
8 345 844
8 346 467
347 8 207
8 348 211
349 8 160
8 350 464
8 351 247
352 8 921
353 8 82
8 354 222
355 8 852
356 8 844
357 8 901
8 358 616
8 359 75
8 360 704
8 361 64
8 362 911
363 8 92
8 364 312
8 365 100
8 366 902
367 8 100
368 8 762
8 369 146
8 370 684
8 371 676
8 372 990
373 8 107
8 374 997
8 375 975
376 8 482
8 377 374
378 8 937
379 8 448
380 8 977
381 8 557
8 382 828
8 383 754
8 384 7
385 8 416
8 386 885
387 8 6
8 388 871
389 8 368
8 390 439
391 8 993
8 392 6
8 393 973
153 229 570
8 395 467
8 396 805
397 8 753
398 8 794
399 8 905
400 8 674
8 401 419
402 8 975
403 8 915
8 404 207
405 8 541
406 8 116
407 8 951
408 8 106
8 409 727
387 480 401
8 411 236
412 8 252
8 413 569
8 414 465
8 415 528
213 146 642
417 8 28
418 8 380
8 419 859
8 420 695
421 8 18
422 8 622
8 423 249
424 8 680
8 425 906
426 8 70
427 8 924
428 8 398
429 8 93
8 430 888
8 431 504
432 8 264
433 8 356
8 434 348
8 435 158
436 8 694
8 437 183
8 438 213
8 439 185
440 8 231
8 441 191
442 8 658
8 443 163
8 444 676
8 445 373
446 8 912
447 8 825
448 8 947
8 449 376
450 8 430
8 451 675
8 452 108
8 453 188
454 8 871
455 8 973
456 8 783
8 457 686
458 8 580
459 8 945
460 8 749
461 8 121
462 8 776
463 8 547
464 8 651
465 8 747
466 8 154
8 467 155
468 8 218
8 469 920
470 8 262
471 8 575
8 472 889
8 473 982
474 8 308
8 475 990
476 8 401
477 8 784
478 8 968
479 8 918
8 480 704
8 481 484
8 482 952
483 8 206
484 8 191
8 485 821
486 8 577
8 487 437
492 433 156
489 8 497
490 8 211
491 8 914
8 492 569
8 493 771
8 494 368
495 8 209
496 8 491
497 8 906
498 8 729
499 8 756
500 8 795
9 10 937
11 9 89
9 12 944
9 13 545
9 14 573
15 9 64
16 9 84
17 9 892
18 9 562
19 9 409
9 20 789
21 9 571
22 9 126
23 9 732
9 24 37
25 9 111
26 9 205
27 9 85
9 28 855
9 29 662
30 9 643
31 9 403
32 9 661
9 33 218
9 34 725
9 35 994
9 36 323
9 37 552
9 38 672
9 39 297
40 9 305
41 9 506
42 9 112
43 9 997
44 9 460
45 9 197
9 46 107
47 9 148
48 9 325
9 49 908
50 9 876
9 51 43
52 9 136
9 53 259
9 54 232
55 9 689
9 56 911
9 57 540
9 58 28
9 59 233
9 60 333
9 61 830
9 62 413
63 9 476
64 9 852
9 65 105
66 9 790
9 67 677
9 68 591
69 9 491
70 9 758
71 9 659
72 9 24
73 9 22
74 9 191
323 372 282
76 9 499
9 77 199
78 9 104
79 9 514
80 9 137
9 81 17
9 82 340
9 83 87
84 9 519
85 9 640
9 86 81
9 87 463
88 9 68
89 9 359
90 9 114
91 9 967
9 92 902
397 454 210
94 9 622
95 9 887
9 96 886
97 9 892
9 98 358
99 9 337
100 9 591
9 101 59
9 102 579
103 9 254
9 104 51
105 9 111
9 106 269
107 9 377
9 108 110
9 109 654
9 110 861
9 111 337
112 9 769
9 113 939
9 114 244
115 9 419
9 116 416
117 9 419
118 9 330
119 9 911
9 120 661
121 9 174
9 122 152
123 9 990
124 9 11
205 275 308
126 9 254
127 9 362
9 128 563
129 9 669
9 130 278
9 131 814
9 132 586
133 9 456
134 9 639
9 135 906
9 136 617
137 9 453
138 9 35
139 9 760
140 9 508
141 9 387
142 9 585
143 9 266
144 9 516
145 9 371
9 146 947
147 9 537
9 148 709
149 9 386
150 9 409
9 151 647
9 152 368
9 153 195
154 9 925
155 9 175
156 9 418
157 9 91
9 158 885
9 159 471
9 160 27
9 161 708
162 9 293
9 163 237
9 164 73
165 9 962
166 9 506
9 167 935
168 9 994
169 9 321
170 9 367
171 9 385
9 172 517
9 173 133
9 174 292
9 175 147
9 176 242
177 9 384
178 9 730
179 9 993
9 180 397
9 181 639
182 9 272
183 9 721
184 9 495
9 185 997
9 186 577
172 178 160
9 188 941
9 189 711
190 9 180
9 191 230
192 9 583
193 9 383
194 9 651
9 195 253
196 9 634
9 197 762
9 198 468
9 199 46
9 200 815
9 201 649
9 202 547
203 9 412
204 9 250
205 9 996
9 206 262
207 9 534
208 9 323
9 209 810
210 9 247
9 211 137
9 212 920
9 213 162
9 214 798
215 9 956
216 9 473
9 217 917
218 9 613
219 9 107
220 9 283
221 9 225
222 9 690
9 223 285
224 9 958
225 9 776
226 9 552
9 227 438
9 228 135
196 137 103
230 9 438
9 231 910
9 232 655
9 233 160
234 9 926
9 235 791
9 236 969
9 237 856
9 238 271
239 9 202
9 240 400
9 241 617
9 242 68
9 243 339
9 244 215
245 9 633
9 246 675
247 9 905
9 248 735
249 9 658
250 9 567
9 251 807
252 9 436
9 253 800
254 9 943
9 255 718
29 207 176
9 257 446
9 258 533
9 259 321
260 9 455
261 9 777
9 262 295
9 263 543
264 9 802
9 265 291
9 266 641
9 267 764
268 9 132
9 269 641
9 270 144
271 9 144
272 9 304
9 273 886
9 274 801
9 275 198
9 276 656
277 9 230
9 278 152
279 9 495
280 9 607
281 9 907
282 9 505
283 9 645
9 284 681
285 9 652
9 286 323
9 287 360
288 9 46
289 9 377
9 290 912
465 427 884
9 292 283
9 293 656
9 294 607
9 295 417
296 9 104
9 297 187
298 9 842
299 9 290
9 300 210
9 301 840
9 302 528
303 9 582
9 304 419
305 9 904
9 306 60
307 9 251
9 308 173
309 9 280
9 310 860
311 9 14
312 9 467
9 313 595
314 9 323
315 9 443
9 316 193
317 9 189
318 9 927
319 9 131
9 320 486
9 321 937
322 9 43
9 323 137
9 324 601
9 325 773
9 326 991
9 327 357
328 9 953
9 329 89
9 330 507
9 331 265
9 332 900
9 333 924
334 9 928
335 9 502
336 9 385
9 337 823
338 9 735
339 9 216
9 340 870
9 341 359
9 342 399
343 9 678
9 344 122
345 9 407
346 9 571
9 347 139
9 348 940
9 349 180
9 350 474
9 351 328
352 9 794
353 9 615
9 354 254
355 9 439
9 356 851
9 357 351
358 9 173
9 359 881
9 360 118
9 361 764
362 9 491
9 363 162
364 9 241
9 365 661
366 9 14
9 367 776
9 368 331
369 9 811
370 9 633
9 371 295
372 9 233
9 373 660
374 9 561
375 9 815
376 9 549
377 9 809
9 378 475
379 9 428
380 9 314
381 9 256
9 382 700
9 383 598
9 384 458
385 9 746
9 386 751
387 9 311
388 9 384
389 9 510
9 390 955
391 9 959
9 392 198
9 393 596
9 394 843
395 9 739
9 396 400
397 9 532
398 9 580
399 9 818
9 400 992
9 401 869
402 9 954
9 403 463
9 404 344
9 405 493
9 406 243
407 9 162
9 408 418
9 409 248
9 410 114
411 9 959
412 9 468
9 413 753
414 9 821
415 9 581
416 9 708
417 9 650
418 9 304
9 419 471
420 9 569
421 9 370
9 422 72
423 9 815
424 9 122
9 425 706
9 426 265
9 427 558
9 428 396
9 429 775
9 430 161
9 431 214
432 9 648
9 433 579
9 434 810
9 435 872
436 9 874
9 437 500
438 9 868
9 439 70
440 9 587
9 441 828
9 442 776
9 443 522
9 444 440
445 9 111
9 446 110
447 9 13
9 448 354
9 449 848
450 9 400
9 451 161
9 452 436
9 453 980
454 9 485
455 9 447
9 456 336
457 9 77
458 9 783
459 9 43
460 9 826
461 9 144
9 462 109
463 9 826
464 9 515
465 9 136
9 466 906
467 9 331
9 468 831
9 469 977
9 470 428
9 471 611
9 472 976
9 473 157
474 9 46
9 475 823
476 9 281
9 477 915
478 9 294
9 479 678
9 480 443
481 9 883
482 9 151
9 483 117
9 484 467
485 9 267
9 486 785
9 487 241
9 488 650
489 9 389
490 9 372
9 491 536
492 9 212
9 493 646
494 9 329
495 9 265
496 9 658
9 497 17
498 9 801
499 9 887
9 500 232
10 11 266
10 12 843
13 10 866
14 10 695
15 10 852
16 10 890
10 17 317
18 10 492
19 10 67
10 20 949
21 10 609
22 10 231
23 10 363
10 24 238
25 10 9
10 26 685
27 10 175
10 28 164
10 29 548
30 10 87
31 10 594
32 10 8
33 10 831
10 34 401
10 35 714
10 36 147
10 37 592
10 38 91
10 39 616
40 10 271
41 10 164
42 10 740
10 43 825
10 44 706
10 45 953
10 46 498
47 10 784
10 48 254
49 10 13
10 50 154
10 51 154
52 10 188
53 10 693
10 54 447
55 10 336
10 56 588
57 10 95
58 10 51
10 59 88
60 10 118
61 10 593
62 10 671
63 10 709
10 64 868
10 65 239
66 10 777
10 67 251
10 68 101
69 10 785
10 70 545
71 10 571
72 10 708
10 73 90
10 74 331
10 75 5
76 10 992
10 77 410
10 78 136
10 79 985
80 10 954
81 10 653
10 82 412
10 83 101
10 84 393
10 85 626
10 86 649
87 10 506
88 10 481
10 89 598
90 10 59
10 91 351
92 10 919
10 93 446
94 10 19
95 10 429
10 96 655
454 117 512
98 10 772
99 10 368
100 10 351
101 10 699
102 10 33
103 10 165
10 104 753
10 105 570
10 106 485
107 10 318
10 108 21
109 10 765
110 10 961
111 10 767
10 112 428
10 113 687
10 114 617
115 10 789
116 10 30
117 10 177
118 10 591
10 119 138
10 120 141
121 10 838
122 10 487
10 123 563
124 10 464
125 10 693
10 126 906
127 10 82
10 128 241
129 10 227
10 130 27
10 131 68
132 10 271
10 133 534
10 134 756
135 10 411
10 136 877
137 10 362
138 10 690
139 10 901
10 140 865
141 10 552
10 142 141
143 10 683
144 10 390
145 10 602
146 10 586
10 147 403
148 10 74
149 10 625
150 10 400
10 151 335
10 152 617
153 10 911
154 10 774
10 155 796
156 10 160
157 10 21
10 158 884
159 10 180
10 160 770
10 161 486
162 10 805
10 163 372
164 10 471
10 165 490
10 166 315
167 10 526
10 168 344
10 169 228
170 10 99
10 171 89
10 172 661
173 10 109
174 10 917
10 175 492
10 176 15
10 177 559
178 10 341
10 179 974
10 180 462
10 181 314
180 54 5
183 10 585
184 10 43
10 185 82
186 10 569
187 10 602
188 10 39
189 10 551
190 10 785
191 10 643
10 192 475
10 193 747
194 10 178
10 195 698
10 196 438
10 197 312
198 10 325
10 199 367
200 10 627
201 10 40
202 10 319
203 10 42
10 204 999
10 205 451
10 206 40
10 207 610
208 10 559
10 209 708
10 210 884
211 10 543
10 212 840
10 213 524
10 214 557
10 215 465
216 10 638
10 217 958
49 388 182
10 219 950
220 10 414
10 221 185
10 222 337
10 223 184
224 10 787
10 225 754
10 226 331
10 227 285
10 228 660
229 10 255
10 230 299
231 10 237
232 10 356
10 233 284
10 234 918
235 10 680
236 10 233
10 237 882
238 10 134
10 239 158
10 240 799
10 241 139
242 10 926
243 10 148
10 244 562
245 10 680
10 246 208
10 247 93
248 10 879
10 249 987
250 10 743
10 251 55
252 10 931
253 10 349
254 10 869
10 255 978
10 256 282
257 10 825
10 258 910
259 10 797
260 10 146
261 10 47
140 104 99
263 10 985
10 264 653
265 10 706
10 266 385
10 267 163
268 10 867
10 269 378
10 270 735
271 10 966
10 272 773
273 10 371
274 10 587
10 275 831
276 10 131
10 277 988
278 10 990
279 10 143
10 280 999
281 10 993
282 10 707
10 283 509
284 10 40
285 10 258
286 10 196
10 287 522
10 288 128
289 10 138
10 290 93
291 10 370
10 292 719
10 293 464
10 294 663
295 10 249
10 296 29
10 297 993
298 10 335
299 10 500
10 300 611
10 301 500
302 10 972
303 10 828
10 304 891
10 305 453
10 306 172
307 10 87
308 10 444
10 309 890
262 353 543
10 311 743
10 312 535
313 10 433
314 10 555
315 10 256
10 316 372
10 317 280
318 10 782
10 319 414
10 320 198
321 10 572
10 322 159
10 323 133
10 324 147
325 10 611
10 326 350
10 327 815
10 328 29
329 10 145
10 330 384
10 331 834
332 10 787
10 333 423
334 10 652
10 335 815
10 336 857
125 45 567
10 338 536
339 10 460
340 10 955
341 10 818
342 10 524
343 10 283
344 10 822
10 345 962
10 346 685
10 347 849
10 348 200
349 10 72
350 10 572
10 351 1000
352 10 403
353 10 639
10 354 149
355 10 861
271 351 406
357 10 615
10 358 609
359 10 914
360 10 587
361 10 491
10 362 628
363 10 373
364 10 658
365 10 755
10 366 255
367 10 416
10 368 653
10 369 11
10 370 783
371 10 63
372 10 354
10 373 18
10 374 116
10 375 605
10 376 517
377 10 556
378 10 955
379 10 495
10 380 667
381 10 937
382 10 765
10 383 703
10 384 71
385 10 684
10 386 158
387 10 154
388 10 184
10 389 828
390 10 406
10 391 827
392 10 961
10 393 270
394 10 379
10 395 294
10 396 481
10 397 153
398 10 389
399 10 957
400 10 257
10 401 376
402 10 937
403 10 879
404 10 128
405 10 908
406 10 567
10 407 380
10 408 186
409 10 936
10 410 180
10 411 122
412 10 637
10 413 331
10 414 369
10 415 11
416 10 650
417 10 33
10 418 642
10 419 621
420 10 330
10 421 946
10 422 479
423 10 224
424 10 895
425 10 42
426 10 518
427 10 604
10 428 494
429 10 231
10 430 135
10 431 984
432 10 508
10 433 319
434 10 623
435 10 12
436 10 766
10 437 847
10 438 238
10 439 88
440 10 495
10 441 108
10 442 361
10 443 667
444 10 246
10 445 222
446 10 280
10 447 125
448 10 61
449 10 480
10 450 969
10 451 348
10 452 571
10 453 74
10 454 723
455 10 819
10 456 699
10 457 223
458 10 700
10 459 839
10 460 195
10 461 31
462 10 644
10 463 776
464 10 406
465 10 334
466 10 32
10 467 862
468 10 458
469 10 11
470 10 127
471 10 498
472 10 771
10 473 386
474 10 640
10 475 88
10 476 886
10 477 347
10 478 371
479 10 308
10 480 983
481 10 673
482 10 99
10 483 217
10 484 707
485 10 627
10 486 491
10 487 91
10 488 15
489 10 990
490 10 357
10 491 959
492 10 295
10 493 433
10 494 948
10 495 462
410 267 175
497 10 71
498 10 148
10 499 998
500 10 286
11 12 945
13 11 36
11 14 112
15 11 30
11 16 538
17 11 763
11 18 35
19 11 942
20 11 377
21 11 672
22 11 664
11 23 184
11 24 962
25 11 49
26 11 396
27 11 115
28 11 517
11 29 165
30 11 729
31 11 306
11 32 422
33 11 114
34 11 436
35 11 354
11 36 907
37 11 912
38 11 233
11 39 400
40 11 721
41 11 427
11 42 59
11 43 49
44 11 176
11 45 61
11 46 700
11 47 185
48 11 954
49 11 201
11 50 979
11 51 21
52 11 208
321 221 641
54 11 425
11 55 992
467 121 117
57 11 18
58 11 947
11 59 258
11 60 385
61 11 147
62 11 67
63 11 148
64 11 247
65 11 810
66 11 687
11 67 861
68 11 607
11 69 622
70 11 984
71 11 352
11 72 917
11 73 22
11 74 549
11 75 276
76 11 520
77 11 704
11 78 886
11 79 923
80 11 412
11 81 611
82 11 321
83 11 203
11 84 776
85 11 382
86 11 231
87 11 248
88 11 1
11 89 838
11 90 448
91 11 944
92 11 581
93 11 12
400 5 35
95 11 733
11 96 889
97 11 157
98 11 119
99 11 639
11 100 820
11 101 608
11 102 566
11 103 935
11 104 705
105 11 683
106 11 636
11 107 461
11 108 937
109 11 15
11 110 844
111 11 948
11 112 711
11 113 183
114 11 755
11 115 873
11 116 162
11 117 69
118 11 683
119 11 911
11 120 606
11 121 725
122 11 42
123 11 917
124 11 515
11 125 896
11 126 168
11 127 782
11 128 333
129 11 251
11 130 500
131 11 400
11 132 890
133 11 197
134 11 464
11 135 286
136 11 7
11 137 564
11 138 225
11 139 294
11 140 987
11 141 545
142 11 520
11 143 940
144 11 931
11 145 95
146 11 891
147 11 61
418 245 141
149 11 688
150 11 20
151 11 373
11 152 452
153 11 216
154 11 137
155 11 530
11 156 402
157 11 496
11 158 987
159 11 750
160 11 273
11 161 940
11 162 47
11 163 616
11 164 329
165 11 174
201 46 496
167 11 908
11 168 486
169 11 25
11 170 162
11 171 639
11 172 143
11 173 238
174 11 401
11 175 332
176 11 400
177 11 426
11 178 984
11 179 785
180 11 241
181 11 286
182 11 691
183 11 450
184 11 220
185 11 694
11 186 981
11 187 477
11 188 155
189 11 683
11 190 762
11 191 261
11 192 23
193 11 121
11 194 255
195 11 504
11 196 194
197 11 297
11 198 917
199 11 265
11 200 319
201 11 192
11 202 10
203 11 702
204 11 308
11 205 175
11 206 543
207 11 722
11 208 311
11 209 81
11 210 699
11 211 604
11 212 534
213 11 455
214 11 534
215 11 879
11 216 149
217 11 847
11 218 607
219 11 168
11 220 84
11 221 153
11 222 871
223 11 947
224 11 551
11 225 217
226 11 548
11 227 959
132 418 12
318 12 768
11 230 783
11 231 469
232 11 192
233 11 491
234 11 166
11 235 325
236 11 651
11 237 42
238 11 242
239 11 592
11 240 783
11 241 530
242 11 474
243 11 719
244 11 845
245 11 436
11 246 783
11 247 291
248 11 639
11 249 716
11 250 790
251 11 875
252 11 455
11 253 626
11 254 481
255 11 913
11 256 335
257 11 356
11 258 454
259 11 893
260 11 847
11 261 842
11 262 342
263 11 376
264 11 595
265 11 153
266 11 111
11 267 842
268 11 978
11 269 881
270 11 395
271 11 782
11 272 736
11 273 295
11 274 167
11 275 297
11 276 204
277 11 748
11 278 357
279 11 718
11 280 755
11 281 395
282 11 810
283 11 436
284 11 787
11 285 527
11 286 681
11 287 918
288 11 305
289 11 891
11 290 374
291 11 690
11 292 764
11 293 832
294 11 275
295 11 683
296 11 103
297 11 346
298 11 566
299 11 912
11 300 643
11 301 11
11 302 97
11 303 26
304 11 50
11 305 119
11 306 865
11 307 546
11 308 678
11 309 575
11 310 488
311 11 600
11 312 88
11 313 454
314 11 972
315 11 429
11 316 225
317 11 111
11 318 965
319 11 610
11 320 388
11 321 29
11 322 962
323 11 111
324 11 162
325 11 881
326 11 397
239 241 157
328 11 949
11 329 343
11 330 586
331 11 996
11 332 757
11 333 369
334 11 860
11 335 150
336 11 422
337 11 715
338 11 33
339 11 906
340 11 32
341 11 493
11 342 729
11 343 314
11 344 318
345 11 469
346 11 418
347 11 725
348 11 239
349 11 730
350 11 183
11 351 558
352 11 400
353 11 82
11 354 804
355 11 835
356 11 232
357 11 484
11 358 236
359 11 310
11 360 243
361 11 567
11 362 388
11 363 688
364 11 832
11 365 658
11 366 197
367 11 977
11 368 939
369 11 905
370 11 229
371 11 201
11 372 443
11 373 223
11 374 575
11 375 963
376 11 333
377 11 702
378 11 94
11 379 444
11 380 383
381 11 800
11 382 510
383 11 440
384 11 910
385 11 170
386 11 740
387 11 870
11 388 697
11 389 140
390 11 344
391 11 95
392 11 891
11 393 650
394 11 538
395 11 547
396 11 253
397 11 670
398 11 755
11 399 603
400 11 265
11 401 315
402 11 903
403 11 368
11 404 32
405 11 259
11 406 210
407 11 851
408 11 821
11 409 355
410 11 815
411 11 771
11 412 432
413 11 178
414 11 114
11 415 714
97 108 925
11 417 221
418 11 824
11 419 512
11 420 506
11 421 422
422 11 994
11 423 703
424 11 484
425 11 592
11 426 222
427 11 349
428 11 274
353 500 437
430 11 750
11 431 93
432 11 905
433 11 104
11 434 518
435 11 494
436 11 358
329 215 603
11 438 650
11 439 394
11 440 167
441 11 371
11 442 894
11 443 280
11 444 763
445 11 447
11 446 436
447 11 131
448 11 773
11 449 196
450 11 898
451 11 818
11 452 509
11 453 244
11 454 185
11 455 478
456 11 375
457 11 90
458 11 631
11 459 446
11 460 754
461 11 279
462 11 358
463 11 134
11 464 825
256 152 585
11 466 331
467 11 483
468 11 470
480 457 855
11 470 87
11 471 281
11 472 562
11 473 446
474 11 546
475 11 478
11 476 774
11 477 399
11 478 859
11 479 612
480 11 38
11 481 94
482 11 577
483 11 818
484 11 929
485 11 541
11 486 997
11 487 548
11 488 290
489 11 247
11 490 229
491 11 543
11 492 274
11 493 701
494 11 907
495 11 126
11 496 171
11 497 484
498 11 340
499 11 368
11 500 158
13 12 549
14 12 250
15 12 551
12 16 174
17 12 60
12 18 131
19 12 466
12 20 803
21 12 474
22 12 647
12 23 276
12 24 705
25 12 171
26 12 669
27 12 914
28 12 430
29 12 849
12 30 583
31 12 337
32 12 519
12 33 447
102 114 289
12 35 831
12 36 723
12 37 798
38 12 998
39 12 501
12 40 142
41 12 603
12 42 963
43 12 75
44 12 944
45 12 23
46 12 506
47 12 620
48 12 508
12 49 486
50 12 73
51 12 93
12 52 18
53 12 297
12 54 880
55 12 186
12 56 269
57 12 220
12 58 247
12 59 306
60 12 213
61 12 328
62 12 733
63 12 526
12 64 277
65 12 794
12 66 858
67 12 190
68 12 102
69 12 514
161 354 870
12 71 636
72 12 115
73 12 605
74 12 983
75 12 814
76 12 107
12 77 572
78 12 288
79 12 456
80 12 491
81 12 187
82 12 636
83 12 816
12 84 873
85 12 771
12 86 79
12 87 81
88 12 50
12 89 632
90 12 381
457 376 744
92 12 892
12 93 3
94 12 521
12 95 362
96 12 893
97 12 993
98 12 728
12 99 292
12 100 730
12 101 482
102 12 283
12 103 489
104 12 553
105 12 43
106 12 689
12 107 512
108 12 328
109 12 396
110 12 282
12 111 428
12 112 523
12 113 403
114 12 245
115 12 274
12 116 90
12 117 464
118 12 475
119 12 934
12 120 440
121 12 527
122 12 977
12 123 782
124 12 333
12 125 41
12 126 978
127 12 629
128 12 181
129 12 66
130 12 3
131 12 474
12 132 695
133 12 308
134 12 350
135 12 726
12 136 504
12 137 339
138 12 103
12 139 34
140 12 805
12 141 672
142 12 602
12 143 631
144 12 228
12 145 23
146 12 467
12 147 915
12 148 468
149 12 336
150 12 892
12 151 315
12 152 455
153 12 89
12 154 363
12 155 363
12 156 807
157 12 338
158 12 89
159 12 160
12 160 223
161 12 631
12 162 852
12 163 327
12 164 126
165 12 130
12 166 77
12 167 491
168 12 584
209 494 303
170 12 427
12 171 459
172 12 44
173 12 719
174 12 879
12 175 673
176 12 990
177 12 317
178 12 158
12 179 892
180 12 375
12 181 724
182 12 274
183 12 143
184 12 144
12 185 518
12 186 665
187 12 184
188 12 571
189 12 150
190 12 852
12 191 386
192 12 906
12 193 976
194 12 586
232 267 755
12 196 86
197 12 308
12 198 210
12 199 166
200 12 49
12 201 486
202 12 156
203 12 347
12 204 236
205 12 97
206 12 537
12 207 658
12 208 586
12 209 599
210 12 791
12 211 692
12 212 835
12 213 946
214 12 286
12 215 178
12 216 690
12 217 423
218 12 869
219 12 995
12 220 152
221 12 238
12 222 629
12 223 547
224 12 743
12 225 339
226 12 45
227 12 598
228 12 783
12 229 80
230 12 565
231 12 593
12 232 588
12 233 665
234 12 259
235 12 898
12 236 829
237 12 470
238 12 329
12 239 251
240 12 15
241 12 116
242 12 284
243 12 723
244 12 497
245 12 877
246 12 639
247 12 308
12 248 286
12 249 907
12 250 910
251 12 966
252 12 886
12 253 113
12 254 692
12 255 811
12 256 188
257 12 882
12 258 797
12 259 377
260 12 145
261 12 224
12 262 812
263 12 483
264 12 784
265 12 198
18 398 518
12 267 240
12 268 888
269 12 639
12 270 806
12 271 979
12 272 893
12 273 181
274 12 519
275 12 417
12 276 392
277 12 522
278 12 397
279 12 742
280 12 154
12 281 858
12 282 988
12 283 40
12 284 69
12 285 367
12 286 975
12 287 962
12 288 19
12 289 380
12 290 315
291 12 731
292 12 773
293 12 499
12 294 105
295 12 4
12 296 117
297 12 199
298 12 199
12 299 542
360 428 164
301 12 242
12 302 688
12 303 634
304 12 693
305 12 369
306 12 583
12 307 6
12 308 928
163 152 915
310 12 88
12 311 71
312 12 480
12 313 229
314 12 368
12 315 73
316 12 845
12 317 152
11 229 472
12 319 625
12 320 667
12 321 594
322 12 293
12 323 724
324 12 113
325 12 489
326 12 27
12 327 709
328 12 507
329 12 163
330 12 157
12 331 963
332 12 761
12 333 521
12 334 223
12 335 64
12 336 422
12 337 463
12 338 989
73 449 587
12 340 673
12 341 30
342 12 825
343 12 759
12 344 399
12 345 419
12 346 361
347 12 34
12 348 79
349 12 573
350 12 38
12 351 399
352 12 877
353 12 970
12 354 374
12 355 980
356 12 23
357 12 811
358 12 282
12 359 629
360 12 75
12 361 827
12 362 369
363 12 23
12 364 279
365 12 412
12 366 779
367 12 606
368 12 416
369 12 658
370 12 200
371 12 31
12 372 68
12 373 661
12 374 295
12 375 894
376 12 855
12 377 604
378 12 7
12 379 146
12 380 722
12 381 221
12 382 9
12 383 116
384 12 591
385 12 142
12 386 971
12 387 788
388 12 783
389 12 375
390 12 743
391 12 492
392 12 180
12 393 197
394 12 466
12 395 459
12 396 95
12 397 761
12 398 381
399 12 99
12 400 11
401 12 943
12 402 191
12 403 587
12 404 144
405 12 680
12 406 138
407 12 229
408 12 281
12 409 912
12 410 546
12 411 521
412 12 926
12 413 688
414 12 457
12 415 33
12 416 907
417 12 861
418 12 669
419 12 443
420 12 271
12 421 991
12 422 264
12 423 594
424 12 286
12 425 35
12 426 519
427 12 877
12 428 264
429 12 242
12 430 636
12 431 239
12 432 447
12 433 616
12 434 93
12 435 861
436 12 773
12 437 725
12 438 122
12 439 819
440 12 660
441 12 351
442 12 82
443 12 95
444 12 932
12 445 655
446 12 903
447 12 732
448 12 584
12 449 687
12 450 333
451 12 25
452 12 993
12 453 722
12 454 55
12 455 480
456 12 18
457 12 52
458 12 683
12 459 983
383 339 866
461 12 582
12 462 409
463 12 490
464 12 701
465 12 36
466 12 271
12 467 887
12 468 891
12 469 566
470 12 656
471 12 808
472 12 368
12 473 858
12 474 472
475 12 885
476 12 106
12 477 392
12 478 274
12 479 871
12 480 327
12 481 245
12 482 378
12 483 710
12 484 332
12 485 425
12 486 196
487 12 805
12 488 118
12 489 513
490 12 227
12 491 912
12 492 445
493 12 141
12 494 114
495 12 461
372 444 876
497 12 763
498 12 631
499 12 576
500 12 75
14 13 706
15 13 171
13 16 789
17 13 701
18 13 728
19 13 91
20 13 162
13 21 994
22 13 861
13 23 778
24 13 650
13 25 582
26 13 742
27 13 77
13 28 147
13 29 888
30 13 987
13 31 901
32 13 681
33 13 316
13 34 640
35 13 265
36 13 897
37 13 290
38 13 400
39 13 537
13 40 414
41 13 188
13 42 101
43 13 132
44 13 840
13 45 860
13 46 706
13 47 299
13 48 936
13 49 60
13 50 817
51 13 867
13 52 982
13 53 268
54 13 277
13 55 135
13 56 179
13 57 567
13 58 922
59 13 420
13 60 559
61 13 950
62 13 296
13 63 604
64 13 60
13 65 11
13 66 107
67 13 139
13 68 905
13 69 576
70 13 886
71 13 781
72 13 320
13 73 606
13 74 931
13 75 398
13 76 256
13 77 942
78 13 932
383 231 672
80 13 779
13 81 707
13 82 966
13 83 121
13 84 249
85 13 998
86 13 689
87 13 586
13 88 900
89 13 889
13 90 337
91 13 377
92 13 282
13 93 269
13 94 72
13 95 344
13 96 886
97 13 260
13 98 801
99 13 740
13 100 16
13 101 743
13 102 359
103 13 622
13 104 536
13 105 89
106 13 196
13 107 269
122 54 966
13 109 329
13 110 458
111 13 283
13 112 125
13 113 549
114 13 302
13 115 84
13 116 468
13 117 354
118 13 615
119 13 946
120 13 428
13 121 525
122 13 676
123 13 371
124 13 661
13 125 133
13 126 387
13 127 497
65 31 968
129 13 470
130 13 115
13 131 113
132 13 886
133 13 863
134 13 67
135 13 37
136 13 360
13 137 149
13 138 832
139 13 514
140 13 908
13 141 958
13 142 539
13 143 123
144 13 375
13 145 991
13 146 529
13 147 820
13 148 670
13 149 559
150 13 841
13 151 511
13 152 411
262 490 761
154 13 58
155 13 522
156 13 294
157 13 662
13 158 882
13 159 223
160 13 417
161 13 24
162 13 407
13 163 684
164 13 723
13 165 569
13 166 194
167 13 81
168 13 966
13 169 882
13 170 688
13 171 460
13 172 194
13 173 132
13 174 712
13 175 208
13 176 424
13 177 394
13 178 575
179 13 209
13 180 447
181 13 965
182 13 318
183 13 337
13 184 194
13 185 599
186 13 195
187 13 271
188 13 255
13 189 792
190 13 740
95 130 531
13 192 514
193 13 653
13 194 663
13 195 123
13 196 408
13 197 707
198 13 597
199 13 146
200 13 277
13 201 464
202 13 738
13 203 27
13 204 894
205 13 171
206 13 327
476 140 746
208 13 239
13 209 695
210 13 977
211 13 51
212 13 855
213 13 460
214 13 135
215 13 577
216 13 591
13 217 38
13 218 7
219 13 937
220 13 159
13 221 876
13 222 889
223 13 396
13 224 745
225 13 602
226 13 810
227 13 241
228 13 60
229 13 472
230 13 323
231 13 744
232 13 162
13 233 504
13 234 96
235 13 472
13 236 514
237 13 900
238 13 34
13 239 106
13 240 991
13 241 373
242 13 325
243 13 283
13 244 367
245 13 117
246 13 627
13 247 878
248 13 540
13 249 862
13 250 902
251 13 928
252 13 399
253 13 305
254 13 282
13 255 202
256 13 376
13 257 937
258 13 321
259 13 363
260 13 263
261 13 21
13 262 109
263 13 803
264 13 479
13 265 825
13 266 561
267 13 153
13 268 253
269 13 253
13 270 256
13 271 870
272 13 381
13 273 869
274 13 597
275 13 448
276 13 109
13 277 751
13 278 697
13 279 280
280 13 353
281 13 128
282 13 169
13 283 940
284 13 813
285 13 439
13 286 869
287 13 838
13 288 38
289 13 985
13 290 970
13 291 739
13 292 482
13 293 563
258 262 329
13 295 140
296 13 106
13 297 283
298 13 958
299 13 872
300 13 87
13 301 912
13 302 169
13 303 913
304 13 219
305 13 461
13 306 185
307 13 690
13 308 331
13 309 178
13 310 252
13 311 312
312 13 716
313 13 539
13 314 799
13 315 822
316 13 299
13 317 23
13 318 148
319 13 711
320 13 179
13 321 954
322 13 111
323 13 880
324 13 35
325 13 35
326 13 457
13 327 962
328 13 118
329 13 215
330 13 470
13 331 757
13 332 297
13 333 948
13 334 870
13 335 440
13 336 608
337 13 431
13 338 455
339 13 490
340 13 321
13 341 271
13 342 257
343 13 564
13 344 767
345 13 863
13 346 609
13 347 117
13 348 104
349 13 904
350 13 247
13 351 453
13 352 176
157 320 692
354 13 383
355 13 882
356 13 724
357 13 924
13 358 460
359 13 22
360 13 104
361 13 492
362 13 9
13 363 958
364 13 714
365 13 746
366 13 854
13 367 597
368 13 788
369 13 434
370 13 649
371 13 807
13 372 333
13 373 276
13 374 162
375 13 358
376 13 497
13 377 52
378 13 493
379 13 857
13 380 685
381 13 738
13 382 228
13 383 616
13 384 108
385 13 288
386 13 11
13 387 121
13 388 804
389 13 887
13 390 938
13 391 974
13 392 834
13 393 506
394 13 615
395 13 973
13 396 146
13 397 176
398 13 113
399 13 262
13 400 423
401 13 190
13 402 70
403 13 833
404 13 337
13 405 731
13 406 14
410 155 149
408 13 946
13 409 531
410 13 405
411 13 282
412 13 88
13 413 165
13 414 381
13 415 152
13 416 919
417 13 485
13 418 762
13 419 86
13 420 508
421 13 458
13 422 780
13 423 148
13 424 522
425 13 33
426 13 848
13 427 929
428 13 433
13 429 96
13 430 951
431 13 781
432 13 946
433 13 788
13 434 550
13 435 744
13 436 988
437 13 428
13 438 565
439 13 898
440 13 131
441 13 459
442 13 640
13 443 297
13 444 459
445 13 130
446 13 905
447 13 86
13 448 937
449 13 987
450 13 419
13 451 832
13 452 803
453 13 767
454 13 641
455 13 551
456 13 258
457 13 297
458 13 573
13 459 218
13 460 39
461 13 401
462 13 73
463 13 154
13 464 484
465 13 667
345 492 162
13 467 709
13 468 247
13 469 853
13 470 711
471 13 540
13 472 842
13 473 468
13 474 910
13 475 908
13 476 213
13 477 431
478 13 56
479 13 361
13 480 995
481 13 571
13 482 89
483 13 63
13 484 449
13 485 245
486 13 385
13 487 847
13 488 642
13 489 579
426 72 581
491 13 128
492 13 765
493 13 836
494 13 94
13 495 811
496 13 933
497 13 395
498 13 256
499 13 238
13 500 280
15 14 672
14 16 413
14 17 202
18 14 977
14 19 558
14 20 864
14 21 742
22 14 535
23 14 710
24 14 154
25 14 265
26 14 299
14 27 851
14 28 617
210 260 675
153 36 438
14 31 781
14 32 148
14 33 877
14 34 592
35 14 838
36 14 904
14 37 876
14 38 450
39 14 519
14 40 814
14 41 218
14 42 133
43 14 884
44 14 138
14 45 149
14 46 969
14 47 852
48 14 366
14 49 431
14 50 119
51 14 394
14 52 269
53 14 332
14 54 519
14 55 703
56 14 800
57 14 295
14 58 291
59 14 573
60 14 917
14 61 141
14 62 746
14 63 245
64 14 866
65 14 648
66 14 998
14 67 746
14 68 726
69 14 645
14 70 374
14 71 68
72 14 801
73 14 918
14 74 125
14 75 807
76 14 616
14 77 962
78 14 689
79 14 497
80 14 234
14 81 448
82 14 309
83 14 391
14 84 917
212 315 503
208 240 79
87 14 312
88 14 153
89 14 345
90 14 875
14 91 96
92 14 995
93 14 420
14 94 758
95 14 919
96 14 308
97 14 272
14 98 691
99 14 584
14 100 936
14 101 355
14 102 10
14 103 194
14 104 536
14 105 192
106 14 332
14 107 186
108 14 968
109 14 371
110 14 432
14 111 575
112 14 905
113 14 127
114 14 946
115 14 597
14 116 56
117 14 472
118 14 566
14 119 211
120 14 101
14 121 857
14 122 321
123 14 933
124 14 86
14 125 776
14 126 705
127 14 394
14 128 9
14 129 773
130 14 168
131 14 15
14 132 981
14 133 407
14 134 261
135 14 826
136 14 610
14 137 174
14 138 218
14 139 775
140 14 412
14 141 362
14 142 31
143 14 551
144 14 500
145 14 811
14 146 974
147 14 564
148 14 967
14 149 214
150 14 21
14 151 319
152 14 317
153 14 903
14 154 759
14 155 698
14 156 211
157 14 889
158 14 731
14 159 502
14 160 210
161 14 152
14 162 859
163 14 55
164 14 245
14 165 159
14 166 551
14 167 379
168 14 143
169 14 114
170 14 80
171 14 182
172 14 11
14 173 790
174 14 565
175 14 176
176 14 786
14 177 28
178 14 681
14 179 573
14 180 401
14 181 18
14 182 418
183 14 652
184 14 952
185 14 529
14 186 324
187 14 809
14 188 36
14 189 664
190 14 293
14 191 92
14 192 173
193 14 783
14 194 550
14 195 56
196 14 617
14 197 13
198 14 528
14 199 948
200 14 655
201 14 955
14 202 948
203 14 77
204 14 341
14 205 231
206 14 50
14 207 994
14 208 531
209 14 674
210 14 931
211 14 855
212 14 694
213 14 162
214 14 815
14 215 267
14 216 926
14 217 665
14 218 592
14 219 258
14 220 407
221 14 212
222 14 141
14 223 635
224 14 116
14 225 28
14 226 120
14 227 226
14 228 967
14 229 896
14 230 233
231 14 992
232 14 763
14 233 866
234 14 280
14 235 62
14 236 331
237 14 462
14 238 190
14 239 558
240 14 47
241 14 758
14 242 349
243 14 786
14 244 342
14 245 960
246 14 508
247 14 931
14 248 791
14 249 686
14 250 364
251 14 275
252 14 279
14 253 133
14 254 717
255 14 795
256 14 982
257 14 823
258 14 98
259 14 230
14 260 161
261 14 833
262 14 392
263 14 372
264 14 338
265 14 789
14 266 539
14 267 880
268 14 835
14 269 233
14 270 34
14 271 795
272 14 727
14 273 463
14 274 886
275 14 110
14 276 82
277 14 763
14 278 839
14 279 332
14 280 179
281 14 680
282 14 583
283 14 766
14 284 737
14 285 299
14 286 356
14 287 796
14 288 579
289 14 254
290 14 90
291 14 563
14 292 327
14 293 511
14 294 183
295 14 410
296 14 916
297 14 654
298 14 14
14 299 508
14 300 959
301 14 658
14 302 53
303 14 664
14 304 130
14 305 789
14 306 342
14 307 732
14 308 232
14 309 771
310 14 138
311 14 726
312 14 827
14 313 264
14 314 761
315 14 778
14 316 807
14 317 63
318 14 339
319 14 503
320 14 268
14 321 403
14 322 634
323 14 465
324 14 87
325 14 2
14 326 54
14 327 425
328 14 209
329 14 628
330 14 312
331 14 736
332 14 599
333 14 721
334 14 71
335 14 264
14 336 224
14 337 224
338 14 894
339 14 275
14 340 762
341 14 897
14 342 91
14 343 273
212 418 14
14 345 468
346 14 242
347 14 551
14 348 991
14 349 904
14 350 937
14 351 67
352 14 191
14 353 341
14 354 609
14 355 561
356 14 387
14 357 570
358 14 851
14 359 17
360 14 778
361 14 976
14 362 185
363 14 654
364 14 593
14 365 372
366 14 896
14 367 584
368 14 514
369 14 401
370 14 261
14 371 403
14 372 736
14 373 476
374 14 741
375 14 998
405 120 84
377 14 838
14 378 243
379 14 477
14 380 316
14 381 806
382 14 726
14 383 984
14 384 231
385 14 764
14 386 656
14 387 746
388 14 186
389 14 847
14 390 976
391 14 650
14 392 390
393 14 120
394 14 145
395 14 469
14 396 719
397 14 325
14 398 737
399 14 618
14 400 726
401 14 847
14 402 619
403 14 260
404 14 536
405 14 412
14 406 341
407 14 436
408 14 350
409 14 669
14 410 626
355 289 837
412 14 179
413 14 41
14 414 898
415 14 998
14 416 809
14 417 409
418 14 781
419 14 948
14 420 388
14 421 98
14 422 588
14 423 589
14 424 821
14 425 414
426 14 816
14 427 685
428 14 776
14 429 51
430 14 569
431 14 269
14 432 158
14 433 954
14 434 168
435 14 831
14 436 828
437 14 977
438 14 701
14 439 348
440 14 722
441 14 554
14 442 178
443 14 518
444 14 86
14 445 986
446 14 261
14 447 198
14 448 750
14 449 275
450 14 378
14 451 727
14 452 57
453 14 114
454 14 679
14 455 537
456 14 695
14 457 521
14 458 183
14 459 815
460 14 972
461 14 86
462 14 96
14 463 641
464 14 17
465 14 779
14 466 188
14 467 235
468 14 59
14 469 636
14 470 740
14 471 924
14 472 986
14 473 36
14 474 776
14 475 344
14 476 723
477 14 800
14 478 192
14 479 183
480 14 591
481 14 562
14 482 358
14 483 307
484 14 762
14 485 375
486 14 842
487 14 758
14 488 917
14 489 18
14 490 805
491 14 386
14 492 500
179 2 495
14 494 358
495 14 767
239 141 344
497 14 632
498 14 904
499 14 792
14 500 334
16 15 36
15 17 626
15 18 462
15 19 486
15 20 827
15 21 981
15 22 788
23 15 765
15 24 603
25 15 818
26 15 577
27 15 731
15 28 14
29 15 722
30 15 817
31 15 798
15 32 642
33 15 307
34 15 364
15 35 869
36 15 223
37 15 906
38 15 502
15 39 830
40 15 548
41 15 764
15 42 357
15 43 209
15 44 843
15 45 83
46 15 718
15 47 291
48 15 769
49 15 703
50 15 881
51 15 324
15 52 855
53 15 242
54 15 368
55 15 185
15 56 883
57 15 123
58 15 788
15 59 938
15 60 552
61 15 164
15 62 760
63 15 765
15 64 505
15 65 948
66 15 316
67 15 498
68 15 514
15 69 166
70 15 819
15 71 636
15 72 383
15 73 536
74 15 981
75 15 686
15 76 515
77 15 421
15 78 182
15 79 252
15 80 331
81 15 596
82 15 973
15 83 526
15 84 360
15 85 598
86 15 878
15 87 729
88 15 241
443 334 436
90 15 961
91 15 925
92 15 574
15 93 462
94 15 528
15 95 992
15 96 366
15 97 461
98 15 485
99 15 553
15 100 450
15 101 626
15 102 82
103 15 662
15 104 680
105 15 92
106 15 558
107 15 870
15 108 905
15 109 199
15 110 223
111 15 512
15 112 419
113 15 176
114 15 403
15 115 179
15 116 431
117 15 394
118 15 429
119 15 643
15 120 740
121 15 11
122 15 863
123 15 11
124 15 802
125 15 335
397 45 114
127 15 453
128 15 24
129 15 12
15 130 567
131 15 3
132 15 407
133 15 253
15 134 137
135 15 682
136 15 845
137 15 664
138 15 601
15 139 682
140 15 755
15 141 344
15 142 457
15 143 839
15 144 903
15 145 107
15 146 41
15 147 939
148 15 139
15 149 788
15 150 246
151 15 314
15 152 300
153 15 418
154 15 982
15 155 876
15 156 756
349 475 824
158 15 357
15 159 966
160 15 280
15 161 11
162 15 698
15 163 161
15 164 42
15 165 959
15 166 242
15 167 202
168 15 664
169 15 890
170 15 77
171 15 785
172 15 331
173 15 400
174 15 636
15 175 322
15 176 978
15 177 549
15 178 953
15 179 942
15 180 932
15 181 630
15 182 959
183 15 675
184 15 593
15 185 552
186 15 822
15 187 88
188 15 146
189 15 535
15 190 329
191 15 850
15 192 693
15 193 569
15 194 639
15 195 962
15 196 722
15 197 473
198 15 221
199 15 213
200 15 896
201 15 188
202 15 42
203 15 642
15 204 864
15 205 551
206 15 257
15 207 960
15 208 873
15 209 95
210 15 683
15 211 125
15 212 43
15 213 711
214 15 354
15 215 552
216 15 284
15 217 294
218 15 304
15 219 232
220 15 462
15 221 790
222 15 22
223 15 202
224 15 702
225 15 934
226 15 645
15 227 479
15 228 327
229 15 305
230 15 192
231 15 603
15 232 117
233 15 453
15 234 680
284 432 272
236 15 667
15 237 285
15 238 327
15 239 161
15 240 269
241 15 608
242 15 685
243 15 503
15 244 559
15 245 407
15 246 399
247 15 639
248 15 492
15 249 755
250 15 98
251 15 194
15 252 271
253 15 708
254 15 564
15 255 564
256 15 406
257 15 195
258 15 84
15 259 582
260 15 57
39 66 785
15 262 629
15 263 365
15 264 952
265 15 902
266 15 919
267 15 120
268 15 667
269 15 179
270 15 470
15 271 885
15 272 471
273 15 176
274 15 745
275 15 660
276 15 864
15 277 495
15 278 956
17 225 595
15 280 401
15 281 359
15 282 798
283 15 632
182 212 453
15 285 378
15 286 812
287 15 626
15 288 882
289 15 175
290 15 556
15 291 833
15 292 177
15 293 952
294 15 395
15 295 209
15 296 328
297 15 277
298 15 272
299 15 788
15 300 375
301 15 488
15 302 678
303 15 77
15 304 438
15 305 743
15 306 598
307 15 269
15 308 14
309 15 86
310 15 59
15 311 273
15 312 699
15 313 186
15 314 812
15 315 98
316 15 97
15 317 110
15 318 365
15 319 28
15 320 412
15 321 890
15 322 950
323 15 759
15 324 166
325 15 855
15 326 483
15 327 945
15 328 821
329 15 140
330 15 242
15 331 467
15 332 114
333 15 180
15 334 184
15 335 847
336 15 51
15 337 294
96 204 372
15 339 905
418 66 817
15 341 844
342 15 147
343 15 155
344 15 403
15 345 380
15 346 882
347 15 478
15 348 122
349 15 962
15 350 295
351 15 968
15 352 843
15 353 564
354 15 33
15 355 889
15 356 320
357 15 548
358 15 163
15 359 437
15 360 15
361 15 362
15 362 189
15 363 701
15 364 305
15 365 608
15 366 587
367 15 717
368 15 44
15 369 332
15 370 36
15 371 328
372 15 314
373 15 761
374 15 348
375 15 752
15 376 336
15 377 758
378 15 298
379 15 406
15 380 640
381 15 645
382 15 475
15 383 16
384 15 919
385 15 749
386 15 973
387 15 13
15 388 967
15 389 145
15 390 901
15 391 979
15 392 318
15 393 655
394 15 394
395 15 250
15 396 134
15 397 834
398 15 255
399 15 271
400 15 243
401 15 217
15 402 349
403 15 578
15 404 448
15 405 510
15 406 422
407 15 656
15 408 378
15 409 847
410 15 907
15 411 913
412 15 683
413 15 184
414 15 920
415 15 243
416 15 256
15 417 334
418 15 555
15 419 541
15 420 988
421 15 382
422 15 272
15 423 941
15 424 579
425 15 556
15 426 55
15 427 939
428 15 48
429 15 196
15 430 172
15 431 611
15 432 7
433 15 901
15 434 503
15 435 471
15 436 923
15 437 577
15 438 978
15 439 411
440 15 817
441 15 535
15 442 446
15 443 951
15 444 340
15 445 169
446 15 446
79 369 145
15 448 215
15 449 366
450 15 833
451 15 920
452 15 606
453 15 329
123 195 788
15 455 610
15 456 501
15 457 824
15 458 942
15 459 767
15 460 399
15 461 814
15 462 563
15 463 619
15 464 168
465 15 521
15 466 58
467 15 136
15 468 28
15 469 772
470 15 719
15 471 138
472 15 646
473 15 807
474 15 401
15 475 649
15 476 657
15 477 210
478 15 301
15 479 986
480 15 483
481 15 686
482 15 321
15 483 47
484 15 405
15 485 188
15 486 178
15 487 18
488 15 884
15 489 475
490 15 535
491 15 158
492 15 691
493 15 422
15 494 563
15 495 574
496 15 375
497 15 36
15 498 343
15 499 804
500 15 729
16 17 311
16 18 389
16 19 292
20 16 168
21 16 997
16 22 614
23 16 958
24 16 276
25 16 194
26 16 253
27 16 767
28 16 28
29 16 276
16 30 818
31 16 448
32 16 361
16 33 630
34 16 465
35 16 710
36 16 633
37 16 405
38 16 272
16 39 520
16 40 205
16 41 870
16 42 500
43 16 685
44 16 963
45 16 654
16 46 876
47 16 979
48 16 580
16 49 48
16 50 116
51 16 1
52 16 111
16 53 795
54 16 500
55 16 958
16 56 813
16 57 177
58 16 287
16 59 863
16 60 339
90 128 410
62 16 109
63 16 301
16 64 371
65 16 287
16 66 513
16 67 204
16 68 67
69 16 535
70 16 987
71 16 950
16 72 300
73 16 637
16 74 766
75 16 830
76 16 484
77 16 367
78 16 395
16 79 342
80 16 397
81 16 337
82 16 597
16 83 649
16 84 724
16 85 832
16 86 868
16 87 353
16 88 746
16 89 536
90 16 914
16 91 306
92 16 838
93 16 503
16 94 960
16 95 397
16 96 866
16 97 839
98 16 730
99 16 118
100 16 610
101 16 544
16 102 839
16 103 735
16 104 384
16 105 331
106 16 658
16 107 971
16 108 242
109 16 176
110 16 588
111 16 299
112 16 978
16 113 737
114 16 151
16 115 253
116 16 317
117 16 773
118 16 772
119 16 672
120 16 53
121 16 894
122 16 118
123 16 329
16 124 79
16 125 691
126 16 453
16 127 432
128 16 294
16 129 631
16 130 493
16 131 724
132 16 790
16 133 728
16 134 932
135 16 419
16 136 553
137 16 633
138 16 687
139 16 907
16 140 918
141 16 312
142 16 461
143 16 460
144 16 725
145 16 448
146 16 610
16 147 708
148 16 724
149 16 929
16 150 366
151 16 209
152 16 29
16 153 811
16 154 876
155 16 786
156 16 830
157 16 983
158 16 243
16 159 351
16 160 639
161 16 590
162 16 256
16 163 172
16 164 599
16 165 335
166 16 434
16 167 378
16 168 744
169 16 69
170 16 765
171 16 222
16 172 807
16 173 591
174 16 360
16 175 505
16 176 965
16 177 631
16 178 103
16 179 830
180 16 392
181 16 956
490 33 737
16 183 582
16 184 146
185 16 775
16 186 475
16 187 935
188 16 1
189 16 1
190 16 467
191 16 745
192 16 126
16 193 732
16 194 253
195 16 904
196 16 982
197 16 894
16 198 530
199 16 573
200 16 396
201 16 969
16 202 644
1000
481 53
417 56
4 294
393 132
111 62
222 389
291 321
151 119
223 2
499 395
58 134
445 288
139 410
36 91
211 321
209 297
31 428
335 313
263 473
306 43
140 352
167 107
62 321
358 316
199 352
405 329
70 23
282 127
249 107
493 193
288 444
215 379
188 325
12 64
177 160
106 248
428 452
236 130
461 222
40 302
262 259
325 8
410 221
46 264
363 318
421 441
233 159
265 362
396 266
396 480
130 81
394 409
99 93
32 474
339 72
197 194
107 195
65 349
469 81
333 174
107 446
65 397
316 480
46 246
328 110
400 305
298 467
240 264
269 276
231 491
436 488
26 47
65 225
436 267
167 122
300 437
75 75
483 91
67 338
86 40
435 198
246 31
286 95
338 136
243 339
154 290
289 80
306 173
65 304
326 401
208 48
141 478
107 193
481 399
449 170
266 247
173 359
16 302
17 72
4 305
492 436
95 362
33 466
421 349
301 388
280 422
197 411
402 324
73 229
23 371
71 170
100 159
142 90
193 387
479 118
36 259
480 202
332 63
100 310
71 282
224 114
417 15
157 116
126 63
455 17
71 117
315 296
18 24
474 446
470 25
381 17
424 331
463 246
236 317
462 310
325 375
462 236
461 202
388 317
286 315
88 411
327 20
187 228
404 259
314 460
289 328
142 341
379 20
46 218
400 89
179 336
250 223
231 92
196 294
242 461
384 105
124 99
294 496
194 4
160 79
413 78
168 341
314 459
422 422
136 256
39 346
8 159
82 427
380 253
250 383
108 33
82 500
472 55
229 289
453 114
164 220
268 22
482 303
229 2
179 357
185 79
437 348
436 243
425 273
132 460
184 217
177 395
308 24
435 197
110 252
407 385
59 82
493 183
340 414
319 306
500 22
65 48
490 167
416 97
324 464
255 132
113 209
33 41
100 309
141 308
143 364
483 233
69 334
322 353
348 146
469 60
492 472
241 181
138 308
46 424
302 476
354 225
309 74
184 366
172 419
142 332
383 325
220 226
338 275
30 341
316 424
154 291
139 419
436 448
38 405
480 380
147 102
131 3
357 272
251 7
111 307
446 150
98 384
235 337
63 105
261 158
123 442
482 115
250 372
350 296
221 449
145 309
183 184
276 250
320 315
164 365
197 76
26 312
253 276
34 477
435 60
40 300
478 46
226 164
84 489
131 126
75 129
449 464
159 144
104 15
478 76
454 81
142 359
81 84
467 420
120 6
382 69
30 143
447 416
24 222
345 140
92 56
401 162
233 471
406 62
336 201
123 270
494 102
55 30
35 122
216 403
325 292
285 491
435 132
88 110
134 78
189 340
424 148
29 145
220 188
160 144
363 148
476 177
118 33
451 119
353 356
408 214
29 36
451 218
335 418
61 466
208 379
172 278
135 45
33 89
126 23
497 264
1 433
347 309
64 20
250 465
146 232
24 11
405 205
424 342
155 229
156 339
8 105
167 429
341 212
64 235
271 370
10 297
306 262
170 383
78 349
228 100
274 353
375 277
240 423
112 252
2 25
3 121
160 173
373 385
443 231
75 149
475 435
230 275
330 385
241 186
248 343
182 413
277 47
265 308
14 86
39 383
432 319
112 137
479 417
107 38
280 328
37 413
207 5
409 455
382 41
82 242
240 143
43 223
159 151
202 393
443 395
318 463
493 145
170 118
417 135
259 304
240 274
418 378
410 236
199 119
337 147
427 159
192 159
267 354
125 264
31 102
92 97
204 28
394 58
218 436
326 163
315 204
163 474
70 189
433 433
221 117
363 350
339 70
11 253
187 474
150 366
283 325
364 264
225 215
441 115
250 43
11 331
62 389
318 27
181 480
266 247
366 457
352 293
314 362
74 276
485 372
478 309
138 213
383 449
102 491
4 481
213 347
111 265
64 435
252 268
100 237
271 474
114 57
325 55
209 103
339 257
291 79
90 393
48 267
141 34
462 220
295 217
131 109
58 180
342 178
493 460
498 15
235 262
189 299
37 165
90 262
240 350
184 115
209 43
166 314
3 57
465 74
224 238
144 344
225 376
475 19
493 288
487 250
122 60
432 38
416 165
239 405
368 97
361 216
47 450
466 270
312 173
147 82
33 193
261 101
323 426
139 1
329 34
392 11
465 370
198 494
347 326
160 214
128 413
372 422
44 354
466 75
236 139
424 55
29 300
393 286
303 240
442 416
432 484
155 389
282 394
475 8
460 28
495 376
42 179
447 62
120 396
306 149
180 485
233 257
441 353
368 225
432 336
333 405
258 465
282 80
140 380
255 310
25 87
90 224
296 41
74 243
44 327
160 449
310 113
317 156
11 263
134 313
387 121
374 258
391 286
432 264
64 106
379 194
438 260
492 296
357 381
7 346
91 255
442 10
324 359
304 5
201 110
396 310
126 472
99 365
244 373
450 146
179 282
66 344
213 434
237 110
385 102
356 341
105 160
203 100
185 405
335 291
162 271
345 289
16 312
72 321
68 413
275 261
342 47
196 474
268 329
422 381
393 449
36 410
67 130
232 212
78 305
300 70
226 361
461 28
177 473
243 267
403 346
255 473
492 113
333 398
258 414
290 258
116 140
155 472
432 438
467 12
129 478
249 306
290 488
456 441
118 51
478 246
73 384
330 26
117 281
206 395
387 203
97 59
438 337
397 75
100 459
378 446
496 80
110 428
441 400
143 244
145 174
260 65
239 216
40 9
6 226
386 273
199 238
375 282
467 307
423 144
123 45
28 106
226 303
281 195
339 70
269 375
280 123
489 327
368 313
306 25
106 112
461 453
355 183
180 294
144 82
144 302
57 321
361 78
252 476
364 435
380 133
482 432
191 197
414 33
64 467
411 46
285 47
331 381
358 44
337 184
456 47
468 313
347 422
366 488
233 426
478 284
265 409
106 466
340 168
482 257
123 346
207 100
295 192
417 291
388 123
137 383
323 149
303 425
80 132
286 487
120 213
431 319
112 494
22 269
113 9
229 422
158 275
63 80
381 5
330 127
406 343
236 14
29 328
258 159
464 139
29 459
480 37
204 363
419 405
41 178
285 91
167 200
104 165
345 212
157 133
362 179
50 24
315 308
343 304
328 49
412 164
63 300
370 387
271 396
406 236
247 40
4 262
165 239
273 388
291 467
393 225
333 381
166 346
189 430
344 238
405 126
339 457
433 231
40 182
322 390
87 198
324 387
406 470
422 228
145 348
412 318
241 206
60 44
73 358
162 358
384 53
426 387
457 452
114 47
129 158
141 58
40 368
141 487
248 355
422 382
13 342
53 286
235 89
85 300
476 95
38 243
347 493
137 45
114 61
330 112
441 84
282 367
384 171
433 332
5 482
301 225
176 65
169 228
29 53
375 486
110 165
78 245
158 30
396 325
150 314
61 303
400 358
83 141
60 228
348 35
293 230
411 418
114 77
267 483
338 354
283 220
418 245
424 120
396 245
290 382
6 357
496 54
131 330
499 240
130 470
290 419
365 483
213 363
143 310
94 472
422 201
311 472
399 353
418 333
257 433
464 469
489 429
282 323
89 115
286 41
384 126
128 405
459 382
330 426
120 25
3 265
230 277
425 222
314 115
80 287
53 430
309 236
367 294
55 410
342 326
345 287
273 74
405 439
61 429
207 474
360 149
172 24
373 374
268 252
329 235
464 186
365 400
216 121
73 81
115 77
178 229
198 426
69 128
157 435
187 250
278 376
95 166
148 136
423 100
205 444
335 135
204 214
500 204
188 471
430 464
191 498
118 162
243 426
181 379
121 356
407 409
353 311
133 424
423 410
192 204
214 473
432 129
419 156
330 141
338 450
414 61
37 240
85 128
192 60
312 83
151 370
371 248
495 166
159 188
205 340
417 481
289 291
356 8
373 499
91 123
404 67
365 124
183 259
387 332
311 167
250 425
117 134
78 329
132 252
284 465
247 448
404 111
212 75
288 324
483 227
44 334
141 105
283 439
153 231
104 49
358 475
115 436
78 170
72 259
477 106
44 19
76 53
303 270
295 459
59 185
200 268
147 307
489 196
229 76
481 121
1 454
488 152
216 164
67 21
38 218
9 258
415 370
60 83
474 262
348 113
393 284
348 259
47 53
484 16
266 50
181 108
133 38
73 431
296 5
174 48
282 478
88 343
498 339
232 131
191 380
93 233
195 416
115 207
441 472
479 394
427 209
488 344
292 78
413 339
399 228
201 16
322 336
150 33
224 77
331 380
360 335
369 477
431 49
381 96
90 452
257 52
166 230
123 366
179 96
13 272
145 344
311 26
241 363
60 64
137 80
124 262
428 140
189 107
307 316
183 354
291 230
134 484
349 399
244 409
492 79
184 454
486 201
57 1
88 239
236 381
29 304
106 357
111 69
239 150
386 235
288 458
27 209
442 46
151 346
461 52
61 235
418 390
431 187
485 209
394 309
156 23
481 150
238 118
226 112
5 42
481 84
444 195
127 301
438 68
428 115
189 142
281 96
364 243
191 7
297 99
343 396
448 346
28 493
126 292
36 420
406 300
