100 100 84
56 61 36 44 22 39 7 35 87 17 67 76 47 86 69 34 21 14 8 63 23 5 75 27 46 11 53 84 97 59 79 90 40 49 18 70 94 51 6 93 52 91 54 45 3 78 60 95 74 10 43 55 33 73 92 42 88 62 81 64 100 9 16 48 37 99 80 1 72 50 58 65 26 68 2 24 98 19 89 41 85 30 29 25
5130734 462891497 719086634 485243623 235175916 991367196 883305817 679429233 971662800 892356344 438574105 127960125 210032606 729128674 942782553 209580394 678650958 557862740 291548988 726271851 442453966 609081692 362725783 863952521 626474495 57546268 784581239 876426846 626946036 367714632 384000409 951560794 353588406 992040875 808849905 175234113 559320002 647648674 677443620 133497002 817102216 16758175 544405773 697494402 953613294 973543591 707838524 396884615 595877580 500549845 543206002 254468046 276642414 812453845 451161638 724706878 562860053 373659497 859480579 489415187 322434678 922974184 992836968 665026907 150404665 745476794 762210022 354017916 379215483 477418205 477944006 618660524 766707020 642403 515322241 492656248 618694706 177938418 248130117 672781374 456973477 740121410 451244919 17476274
77 3 258092331
69 23 927755124
98 29 664811979
21 41 22054038
55 26 445713483
61 55 203185421
67 20 947889244
57 67 382608991
25 61 10676662
45 29 382675421
27 4 163242359
74 12 500625701
68 52 604405944
45 48 345707991
50 39 441091185
19 39 709920407
63 39 160080015
64 70 423927107
37 47 886194260
98 79 427879542
4 13 419016175
54 24 584746558
24 14 952218460
42 90 488626714
4 7 93349501
36 42 596328502
78 46 807428218
43 10 529075548
59 46 142839296
26 76 607858638
37 39 32735387
54 70 865470604
27 72 442825648
23 32 918517226
24 16 917051484
81 71 680974486
46 13 693463862
36 46 552740534
97 5 367310489
6 95 216417858
52 77 920746004
13 41 124905124
55 36 802814766
34 28 394980238
88 50 286054239
30 86 408020251
35 58 432208203
87 48 86341929
27 84 903917378
21 71 482237942
75 35 895827189
27 69 117330426
29 85 897467001
31 74 951278852
25 96 715723906
38 16 371999384
85 33 221050328
49 66 590519176
87 2 944081438
86 91 584748241
35 41 555865028
2 63 424009144
94 50 14884170
86 81 207430437
15 81 314119095
93 84 632185920
50 85 462325338
30 11 441581130
46 56 365181887
66 86 812925374
42 64 264372212
91 55 488205481
86 53 933524990
86 40 344990278
10 67 949443734
97 43 28349917
88 46 601518633
45 31 859314398
19 56 839732239
24 37 372945977
91 42 904302858
98 78 907345664
51 75 538768642
92 38 106527297
16 97 113939968
52 14 749602333
40 57 365810281
43 5 433331245
94 41 510252668
76 17 230023446
3 19 624016142
6 23 528385899
70 85 371127172
16 92 860920260
80 75 86996241
12 83 589064732
39 44 819862834
4 31 888918639
31 84 178011495
48 86 363325076
