200000 1009 1
1
973387741
67385 48071 414756027
76112 163550 482916790
143139 161915 896182003
137413 155946 75094276
174489 187097 108819719
124470 54969 435299073
101811 31037 261218878
123435 175466 262066093
64854 108589 406521454
24828 54772 442658557
58755 107908 456290769
198777 183348 759202370
69095 75297 521499917
192282 90869 7931352
15966 194064 980402046
130086 72639 970299152
37705 139384 976567238
172583 28514 312618079
126034 159303 486413976
154125 124996 250852295
132349 179419 369807809
15841 33705 338425734
117681 137651 447445368
2093 22851 704094462
178439 184277 893381607
197418 160187 510729701
42962 118912 765390586
139818 133950 429309870
8751 61140 956073575
61255 26634 364837175
127695 82368 493879806
62412 51898 236521653
87618 139885 372358707
121569 112401 25476060
119366 175017 470215401
94780 87236 74632786
174544 93847 882849922
4487 62922 953349718
199833 26964 791420196
187916 114856 604058029
87725 106796 624459853
149800 12919 323189966
158768 14718 320237211
25454 190393 810393167
33714 78829 670357461
117019 157724 942091918
193076 41545 587155773
68346 175118 457527715
63739 38653 698788377
93272 67906 3782022
24277 145530 219526784
45163 31425 482255486
39209 146851 281869922
93438 125108 785370570
3843 65594 12827867
155360 97328 85958290
99743 23370 88825274
18894 165891 124347664
127798 12503 853053260
122269 36670 515003899
127239 86915 937697902
13676 3331 385553972
104488 114498 196247250
169930 192657 882998453
192013 48640 802805649
168163 41485 805483190
127767 11408 617611251
152753 85523 326052385
173664 85464 481020538
65312 103741 258839608
22214 162491 393783349
68481 189043 764598917
188150 47688 156832323
142324 17972 596292099
118971 31521 820986278
72144 176612 956586123
105479 109294 70607179
170772 33622 656782465
58113 114114 282218582
173650 14747 519720640
35087 184717 673025715
195034 139147 519310018
49765 156740 154880474
78245 69395 821510932
154702 132238 487779298
15300 117760 601180154
119099 101297 87167177
197896 45451 65558622
6026 134844 378613251
48114 141029 123980031
9112 149301 233493569
84829 167044 891495895
138634 118790 572951427
21674 119982 203257293
136983 170083 542902113
145836 29573 808078493
14362 112062 729558934
110805 43796 141532420
70167 64495 593145550
70753 101337 849166640
150667 84574 592482737
151810 198483 458222438
139961 77875 191815216
71755 141389 750360822
114482 145279 255721743
7648 180524 855654748
130980 125164 840282036
123549 116725 745742264
47463 192547 126843951
154118 71842 430266480
181507 45756 698935178
95791 174055 910176036
13765 111274 935123026
128876 132927 253630163
129284 132583 587001702
151868 38972 909549643
73007 96798 683014400
176305 181263 94741718
9433 153113 800926722
137315 191828 923112739
145543 3882 163847042
168982 103585 655351922
183224 176477 444468888
48168 111952 365204996
89270 168733 768576103
640 46475 588052675
63005 54117 166093418
9267 159128 691549485
54825 137641 644591361
187896 67045 600468870
32837 108934 739845179
199374 172501 118656063
24784 17000 952500454
71851 136779 482698401
99634 103738 223760854
97897 126326 320669118
27360 1364 755767154
160044 156957 400002458
44012 122783 713990020
3159 168493 941676181
112400 121164 106236226
2480 186048 689492252
83644 26933 617108376
107088 128176 510948752
188830 112659 352996280
158671 72349 691611255
26417 172451 205452261
108463 111867 265651426
109193 66515 266360444
75591 142175 583578911
116701 15984 530364740
192563 135179 930003359
82454 51860 783050999
86523 97720 675090986
73751 107020 781972753
119872 106531 340052290
160333 101832 45434328
19374 78618 339845588
6265 56774 776406701
51678 181385 592242470
36667 185665 197918866
157834 22272 128670973
57249 89557 22789371
76791 105799 192509454
816 46582 392683226
142109 81445 642574503
178034 16978 230426085
1499 78572 794206111
77888 78084 814709290
141657 32777 135485819
2258 5243 398695895
193085 35723 863797730
108740 57449 493450051
172370 9201 942334276
79403 185583 536993600
139573 134905 464714437
196569 65545 43659173
136834 132453 536698480
169708 144374 195217430
191614 90385 793566106
66653 103723 336668439
85702 72819 89051539
80328 157496 388130129
117879 5553 240588436
180791 70267 409239331
35999 130729 142813926
38836 131971 279566957
97380 82172 614097487
111886 129031 156902040
181876 25308 8328130
117483 102217 632957674
112365 72024 786300743
40591 148484 399358729
43469 156198 730203688
84203 167965 880473037
58908 51312 963713885
185833 154057 443496011
25176 170785 292472378
182519 63419 497846047
14881 166129 852702040
30099 60752 817235961
69734 198063 878481345
160726 65406 992017259
114831 155151 848864352
71426 8315 859573490
107372 93684 280806311
42256 124522 161677123
39838 44671 818859394
177270 58826 296717527
114308 138776 794747261
114870 69730 583240889
100905 126460 717282097
13804 91624 870989711
139564 112456 74350836
15448 59569 125429992
114480 44293 108217025
128939 198621 204292805
50116 192820 141797734
118479 135555 601854314
82517 171099 270804461
28089 154139 387306343
86674 102544 301429068
146867 38443 292871138
28704 96389 133005904
184485 156724 629255463
114368 51797 117239239
62884 34781 278633842
3965 156174 427895021
62781 84256 749368315
156378 31231 891270169
34947 91507 280231491
61627 80772 217477545
27159 20345 324016542
75411 118031 162466603
118520 21674 957948162
57166 198457 94179022
182091 113472 637650191
133375 98825 460033288
23596 42788 627282527
170444 176323 568472712
40501 74584 369827856
44696 90741 366451294
6286 173030 89034895
180977 131902 866608233
119669 67017 321813670
53627 177376 509094402
70864 110489 223104201
132700 174407 816821991
3120 192508 330504861
44969 156953 582053994
81960 59659 294677194
37457 143872 690811099
76431 25667 873844995
152585 169846 200302898
89490 143853 831696467
23096 139281 773847809
27581 2512 655231914
26851 8143 608749722
79371 84693 956617896
153819 11811 279682429
68332 50043 861617321
145829 143488 882443525
139349 120828 328088081
194538 171109 617940819
92558 115710 426282970
50464 74922 362457210
52728 19838 828546395
127096 1226 770148332
125022 138362 391125083
192714 64304 135116836
97981 191647 59776854
44989 10566 9368725
110998 106546 323319823
162939 84476 367397843
71284 1538 672791638
180628 161814 379733505
19320 160846 365554972
28146 188217 136384891
184173 169778 863701940
100221 11831 946643908
48841 1175 204993388
194191 68441 690395315
24960 168220 599643469
148122 17836 869210585
2191 146495 812520494
124056 64463 173734965
163911 161232 847183615
115700 90555 731559451
23640 20248 302758740
14455 114579 867406178
153888 38086 351045681
45109 179247 236702157
186420 20250 553521941
113272 68643 317715900
127022 97621 565459786
21933 96661 948104468
138551 55200 649675115
46862 99007 315987564
119703 92475 627841847
143631 157312 719762554
32571 130665 604440981
130573 22890 745174973
116997 17050 709660903
184051 128775 406277739
91418 107865 660773780
105071 84909 334531229
35624 100279 924094672
981 185988 542592186
86966 98551 109307823
34705 18902 513304097
14512 166523 627553898
85522 159510 576690202
176051 57647 645926897
113077 145651 182320895
107606 128244 933014961
153583 35358 471623079
69241 4816 123847591
4032 168281 846913812
42898 68691 289215142
86868 41347 649857117
86261 90829 781935845
149243 110626 70643934
189091 30894 451694284
53579 37360 459972766
13335 188157 798253056
191956 34089 203817216
129421 20670 582784173
84612 45715 600846254
144019 169885 438982931
7196 79886 407764931
29460 44256 904642388
17043 107229 313844024
136866 39627 376612733
144584 182838 945139858
164036 20053 459067347
9902 72711 202150601
165760 153163 802398559
47091 47177 236177787
180970 43076 820644541
81841 131977 775846738
194542 157701 494657825
84824 88500 373487795
133146 180404 180425642
98843 4003 129849513
28783 170179 47989484
130523 99943 749070352
30570 76565 420329144
148305 33430 25834758
79565 35892 567790126
74495 22102 170647183
89267 106167 255093254
183576 179050 363855495
65236 81133 52550427
171119 161019 414352846
104981 120079 901132601
128414 119080 798063791
101844 74085 138174505
148023 79568 321066384
95729 4855 596165370
36528 126367 763624929
188129 100791 577498513
46346 32023 560045374
4719 112365 180543092
57986 196897 301776615
33107 46178 962045651
132924 24468 285827427
114680 195025 257443544
16172 128964 454646896
197576 68426 321568817
104391 31887 953894701
3003 42473 542098651
183273 28196 475759243
20960 48567 908476465
104712 190613 431398385
165354 32222 378148916
46809 143134 970353199
97406 83923 282460445
100353 190517 633549478
82236 118910 270733601
191230 143189 14020789
1292 19437 586325124
187095 169222 967504742
160747 26426 198792161
13697 120494 562367322
73013 94266 165921464
36371 76766 683463922
32501 140712 520372281
59884 121174 901980352
182315 103249 143635024
91875 159258 533978669
159069 180097 452723441
89519 185785 327612523
101089 91501 169808294
73880 5018 113317790
39145 168354 633537878
86558 115658 881887302
94479 124333 833504856
150056 107780 845186288
117667 190924 247204024
29935 174400 551021086
198323 135125 843331273
133675 68223 747749492
56922 152486 564434412
62590 152597 285597476
86988 149389 242944927
78112 4792 315252380
68641 62712 165776585
37643 90247 584527214
69663 57183 537929028
14695 1950 876643711
147981 123759 266418604
81848 119705 993588084
88693 168315 762167656
68487 93031 147729498
21945 194462 95640310
17358 63505 264927637
93273 106676 76174459
100968 13515 770702603
18115 84090 842669195
159543 187962 860692369
118108 161153 257724725
52887 29894 650518422
194958 124955 775761747
153795 167137 834215950
98835 100607 318454800
151047 169624 111028130
172544 99839 31409339
198630 107290 926977046
151445 67053 678188235
169100 30023 52085242
152900 93640 294929458
149686 85114 19412117
91456 20973 380977127
171616 156441 287433231
135495 195067 437637807
53167 154332 524934621
144563 74567 931477035
71008 149085 727131506
31997 19778 316450344
160305 164895 612419876
64915 191399 461114402
152270 21025 385168733
161051 83753 147495706
35711 198500 354648067
25416 160988 441682842
2127 18363 307213866
7133 83170 747088901
25599 72019 824249847
166655 103193 206256932
70124 119554 527079640
132223 187843 285461231
190526 26708 950255586
139624 167030 988719513
56403 79956 3572874
186502 143749 146085599
122860 150680 843982729
157495 10862 310698897
177558 135120 894952969
29174 47429 973642593
175130 65936 9513237
47397 36384 471239916
66408 70427 429647680
1371 199493 242661383
22337 124275 269955732
35311 78609 178196043
10789 191966 572794558
61123 153321 895129572
80125 119290 123911543
171475 135142 762596502
140745 85700 494908213
173888 158012 755684113
144395 187557 393430036
165080 112044 136779382
145589 119870 245967615
128937 133419 245148201
107473 135093 241408291
76165 141650 883580378
27312 186049 574015894
5655 37127 55354319
100053 180274 427350851
50087 69227 903374708
123681 62084 650039577
33386 192389 417822245
172802 132069 83446388
107726 14575 265825339
66072 56645 718763980
6020 173759 865723989
11624 104541 117218716
187726 2233 15277288
13125 66051 161233814
106250 108787 61036554
57211 73900 56807941
134656 160712 465798011
186301 114051 857724290
28009 106305 352622838
31697 121129 349721819
103744 110720 277351094
112698 53389 235819329
15437 14127 337992779
109350 7598 820833969
147759 15977 431366559
62553 194990 357555365
115113 146983 965481540
150554 188377 624020731
144240 88685 93870336
139484 194486 389821221
67700 190645 752917915
163888 176333 538335123
73517 113820 717020392
133736 22585 380179294
6120 149835 389057811
78286 20720 283014198
62161 20457 245747754
143047 18000 66027662
103299 184063 288168174
24898 150892 655286278
187982 163436 265859035
87397 105943 456209433
131528 163210 765334133
66553 161264 128737032
81431 67744 349069014
55252 156975 734113542
66237 68873 952610677
95879 99567 822427045
9637 117284 977566009
179786 37244 711229825
159084 132222 529893310
117541 57822 113474091
162995 138941 496312807
47711 10406 425013336
75493 40077 797668517
160428 99384 825568331
56132 87376 518073350
123218 173466 177358976
1464 31746 793112705
89629 108027 567709851
142746 116906 745204353
34436 170503 671449232
22205 178119 794021936
90842 150699 772850707
160767 106746 729950597
118457 5155 788224066
64463 37424 921132689
161388 108108 108739474
91710 57107 799038982
33116 85350 911141880
13770 181362 882124297
192318 180905 426842968
197544 3117 599667513
73658 69260 799457843
47762 95973 632285696
66270 141650 733856396
105874 102691 453313561
192452 88214 687360795
10702 175560 574999139
185472 57560 915282613
87572 35061 659283685
77711 147655 924051963
119974 62267 897290530
139837 197265 175664963
50121 141061 290195102
74517 57129 187216068
115851 43780 870919089
73550 176408 799612165
40339 172891 540718220
194804 15432 330225544
181230 28749 835649673
36244 26380 352426419
193366 184227 489125304
42732 193011 301718015
113605 76770 877646502
144530 145615 915601252
48251 88940 132279920
19299 99072 342800643
170764 45685 500045577
196270 100742 832824854
36653 9962 861795272
43618 2183 299664405
10176 84380 234210870
91638 195869 551243051
3101 135475 539217174
110871 68004 906252504
141219 145424 823133109
58647 70146 562026728
157503 109059 961713523
13332 116983 884797588
23741 47086 79322514
41190 195239 936291830
28685 136889 684819775
34700 8549 70148530
164823 146424 896922079
1817 155842 209231075
24641 35546 195494300
15899 143511 148013380
197824 147027 231788079
9676 73807 552628640
84317 37067 367867375
64893 25656 573219452
14538 98888 508446491
18175 167627 421241603
177509 23193 143165797
87828 116153 228634162
87627 11589 776737727
95445 132985 903833668
199777 63027 884442218
129572 81103 804233312
121567 162779 284177212
127637 120030 36127362
115870 22380 731976753
88664 66417 705122216
128611 35839 891735605
139946 135 682531389
8108 42492 817161265
186365 54365 852277451
52090 195852 502173780
58661 39424 244142300
21535 197887 170627491
102980 66322 814287921
18890 127357 950546884
94263 123868 423116327
95824 5170 384887560
15618 100629 808901989
68285 1910 409812663
48570 92274 373043659
162971 180282 775290783
3697 193839 873969304
83522 126650 388200672
18471 73308 952607963
184801 79007 885179633
139311 110379 938326556
143372 65075 200097527
27167 189560 968923979
128582 101003 406947912
123388 27482 255003113
912 115952 3877434
168677 178729 581750133
142130 197326 890660913
1150 110096 832355610
43657 196320 676308456
138207 135445 289269142
37841 196379 912614912
83710 191270 178666862
155637 111258 640514759
99803 41831 700691280
162005 180042 176010058
135275 51769 437689545
156375 80151 657960605
198790 24908 99628328
179761 10007 847399274
164820 129704 253907634
183413 56436 884521400
85493 62072 460151304
48798 147423 805051646
26736 33048 191274965
77402 134195 34312297
59934 27296 211182780
94616 158120 373418345
52760 66993 91139969
172307 41465 312921730
134046 84223 917988214
42143 43287 704729682
152265 42784 976918313
167348 110351 180630238
57395 188756 873532236
60729 123193 925562657
145572 46292 977724900
56914 5219 758982871
19584 153504 862640054
81837 21565 462192775
6704 89156 16527343
83337 81286 27910095
156558 184554 579334675
78407 136759 593475061
94485 184934 484875816
93749 166830 658735274
101192 93181 91370276
58328 174109 306897185
91617 6519 229872020
78971 126835 578081617
177468 165351 159784077
55477 193739 975422342
173829 14328 107439320
26239 192660 387236911
164831 180730 620252249
158582 66368 877151203
168470 44076 979522497
55597 94193 204217269
128199 82316 360291957
179511 8801 540527546
34190 114909 47924413
108851 60625 69107671
33137 139960 698099249
197080 80755 901444816
130379 149591 907812449
150531 197979 656428430
23931 49117 732561861
139006 36196 366506161
180237 86121 86828260
94227 130975 710693975
71337 20573 935582152
190418 119617 140310059
97146 54697 864981409
183391 125580 900228529
96865 79261 896855224
65151 55486 422548176
158748 104815 515064471
116452 18553 94439073
2481 45641 536220279
160630 37875 683172983
95007 160087 401598954
63012 50783 329964847
109958 88783 45282762
52972 1755 402181817
162518 194434 73554786
65831 141852 456931303
189557 166754 978764251
39960 39766 536496246
15412 156243 543901161
33526 120559 122503003
78901 173878 53850038
96696 159015 828037968
177365 80180 240047374
166944 142656 503023006
121696 191944 154225613
29579 33972 921879341
12213 120656 655641734
46455 22040 843231177
59127 100501 498951542
171158 14858 48892855
161654 192089 870600104
187410 138083 809393017
148893 47392 71737961
164321 85016 965499357
23133 123585 128301807
40523 4851 177134668
8985 192815 143367749
58873 106290 615305554
105043 108931 48286074
32320 197757 962075497
30422 128524 577046539
82542 56910 99649546
192870 32986 332091022
12756 181404 400464119
195941 80326 52779423
48468 157512 770213314
182983 196998 632559376
46829 3148 87831970
92984 25904 630120268
116869 172832 449199480
164811 53836 266734349
85302 197358 805017116
22118 85663 938598719
33627 171832 418171629
134188 100533 947254068
110044 183752 743949976
88812 172398 610403081
89848 175641 745779752
4808 68620 585836632
36946 130436 817086031
25320 50299 168035615
188672 108589 560618227
32479 142242 492025073
179280 43183 216828669
41054 34217 746700891
177947 78084 849708126
186904 84940 730024601
182798 110585 481977954
130421 19871 412887931
19381 144530 508663865
125434 31969 979636626
16203 107065 956207043
19832 137861 930762399
183360 93101 421841053
146676 142526 275854909
95306 164648 862114665
37464 55500 494309581
113071 84881 479694178
69720 17924 294964898
190418 176932 923641375
197990 131364 302349166
19579 118430 209206695
6106 140247 809403885
57515 116845 307673271
83996 153798 259746257
66273 129943 368640848
198996 18656 177945069
40166 123753 407005572
178260 19946 336058021
107679 112098 634571905
19203 183818 527043733
176916 196769 175776222
169933 77136 248744321
34300 62988 471925030
127113 147398 80836989
96011 8707 855800739
147370 138617 671848030
156351 192325 240545900
88299 34504 144342880
188775 56352 570339506
134580 25197 598476568
150708 172254 23952967
162578 171209 676327325
178244 69614 948540528
92438 187252 309306611
157485 11920 244206829
115724 139333 859185081
196103 79365 702688582
9439 138911 248189459
71869 59383 954152535
154314 32957 688269017
89300 71268 234609695
1729 138367 307840257
16316 107664 89729477
133025 81909 161814858
79191 136108 262169068
76630 75819 483350058
15240 90689 478903097
26956 194869 366158331
196734 31009 2053922
133272 36412 943943009
59457 70032 153727224
179622 180362 95423999
71867 35310 75668280
17446 55762 799750491
102922 45672 22475023
37171 174852 404960782
43013 146976 144852011
91332 120079 585570608
63885 37145 978911433
10326 185847 452349955
79062 54183 181052412
26329 147481 965667294
138293 184215 791233596
115801 74940 905884253
146220 15514 539804207
83248 135706 949731272
144819 113464 559557563
2219 13679 597753792
178569 169651 600966989
96186 148993 972772401
186684 164216 173411171
115483 4336 846198388
111093 69645 811760736
5705 150272 509170883
175368 140279 771464337
737 196517 784632291
64250 26539 751860347
14932 184718 719248141
59602 165048 572506472
18899 124981 326748189
44325 144370 548095026
61944 13669 835118590
122972 128993 210191950
136370 158156 398003029
170377 114155 283622684
138611 109059 705737581
165867 143232 925912430
165980 43420 611244387
51709 54020 726315862
80041 15659 670590355
15749 155010 182846005
54297 183448 739326274
38363 152655 964662529
20577 61987 642428557
165368 86523 647529174
61586 17912 967162513
132993 11519 523640257
8519 66550 82799580
153940 76260 983132104
35922 53818 949908757
141970 53552 147222590
115369 76209 513631207
147822 8470 83901765
40590 121502 579911219
124981 126366 889737636
89212 119080 803453302
157469 59218 233224396
13272 115815 657239672
142738 140010 917388069
35223 31344 434438967
26047 18682 749309086
92204 77471 822206227
120922 153243 6278004
72628 85796 790933819
12211 73431 80778562
107493 49297 717326679
24893 194713 357559370
121141 30562 274861175
43613 77524 351283971
71687 142350 803509820
84403 108337 907547107
109915 13198 865215558
134248 137343 855382382
68981 168427 686690269
147767 43606 700212352
109390 139980 23266275
78974 166220 470076119
109434 141055 573356794
131781 121501 872648164
44761 51272 609804273
157519 86356 890814931
75266 13480 537789557
63010 137534 663293657
187309 93807 410775542
39698 73232 286489790
6560 7429 311985878
36946 62359 874097322
155420 79285 29416409
98237 3681 790188852
175496 187131 890912201
17825 27050 779212969
6494 9040 532224873
80077 170314 994424218
183828 55091 67104669
23133 187100 113941929
141709 127481 417389016
119939 22833 319433876
84737 59352 863491782
68056 12791 259683203
132778 181552 552674618
174243 58660 212095630
24113 145499 132479322
28968 70183 783971986
16280 142966 530435593
128821 162000 787980086
95657 83440 967778965
7273 28670 302648633
158623 32275 949155490
65605 137994 350968574
108818 126289 443676246
143799 108594 772629850
159208 101328 325018823
175461 122952 914079389
189626 39864 801104034
25783 134556 67228127
105733 40828 396831516
92008 163750 8103564
135251 158311 902877982
131086 175225 966176307
153256 4649 120634028
142631 151844 695592587
38832 190690 732473495
7910 174186 230713287
194473 193966 888735332
193342 16485 557588252
123405 118321 155718268
109934 151798 469322128
124162 155428 964299925
171725 4656 719353093
138246 99105 834700896
141272 76229 446052229
168661 75115 386895477
171322 108784 653314256
189148 195970 243665275
94171 91748 469704740
30371 50405 746113948
56940 135734 404595788
95861 93096 910595113
37745 90374 998936044
41300 53176 306575241
62863 133683 355093515
80219 76204 575951207
136024 152896 38280418
69427 31118 847700252
79316 49985 362628324
66043 107946 793116250
111699 6602 395377678
82033 88727 94672411
160816 9689 438239601
3621 152259 170359754
47080 119426 49785085
86944 27011 263272112
128027 199132 262441360
199249 62427 546864033
49633 172714 797454656
79032 138058 557712615
139089 47437 268644836
75670 110810 965988975
96077 141863 458094569
156564 34406 7388211
95250 2898 607099731
34738 122924 714038503
132735 8643 870286610
1779 112085 644927720
107171 161081 625734792
168519 59139 997013858
160396 169898 444768600
166265 195418 112762816
100685 90927 433416048
11098 39442 800196953
104847 161583 197153114
167981 172604 487344472
34459 94857 638423231
30100 93522 627693804
678 87493 461982524
100347 72835 119925682
100318 84669 285171050
144131 164095 669616736
125557 82120 101208105
184882 42432 834666419
62763 33448 950369836
96473 46745 470717850
177760 71284 584815050
23621 144195 854384804
80217 75720 10834180
182633 184742 580057511
80723 196779 885472210
179403 106277 458284467
165638 11264 98288307
