100 100 68
12 26 29 38 94 11 96 34 72 4 45 33 57 62 24 90 97 69 76 41 54 56 58 64 79 25 71 98 18 35 63 81 55 65 88 21 73 22 2 27 16 91 42 31 95 17 32 20 68 8 23 15 53 50 1 5 37 80 7 61 67 78 85 39 46 43 66 75
196668439 202434639 226004817 245281060 782148312 342148049 743177116 121768343 235556602 876885764 131251793 754651052 560380373 272136472 801190051 346556669 381259284 446577328 59626069 113012697 108156983 880863846 93096515 610400707 876811537 701990215 223965913 328653297 754532426 540716883 16112794 504608717 198212829 380787710 453964954 581603704 443398555 749108402 972856581 447950914 889388455 672056139 969478550 36830003 787532537 705066649 613512736 870096262 671178459 560302818 67728649 789074728 722058351 425322077 329811402 119081277 621573414 991161783 327380336 953616540 221699914 878519954 8853278 216555086 991207541 542777857 659471497 272436755
36 66 250987130
8 18 165984565
24 58 252754086
42 59 571507790
20 86 310777858
23 28 502763630
38 51 911746685
67 85 717234302
15 29 76497184
42 26 720807832
49 85 715899790
21 85 566139558
81 30 724341951
20 84 521311038
84 21 67895038
62 77 682679741
70 47 428767008
48 25 360271522
99 92 981986566
6 19 854447917
69 21 833167702
86 53 742545720
26 43 855284342
30 31 18695253
3 53 295594185
96 29 912579113
44 82 998849582
35 39 929400329
90 36 320742070
92 54 590674899
43 47 518260388
78 20 326200335
45 2 997460907
43 72 442963782
97 78 764899684
64 84 709365922
13 56 295112461
30 43 917651399
43 81 624083081
53 82 823470065
83 31 699692692
20 1 147087950
8 83 924523079
11 86 431656862
35 57 764556236
65 25 526680330
76 87 271310946
58 24 628192833
61 49 573858708
83 89 506356441
15 32 64875446
31 75 443285221
23 14 981112737
74 25 685242579
82 17 503183791
11 20 884744328
93 63 111731705
99 61 758770110
47 12 715588048
59 47 941391262
6 85 344151162
18 62 312269209
63 45 316281647
100 87 437680012
93 94 88027219
86 5 987755284
54 34 969705973
11 76 50549295
61 19 898965896
6 57 405721876
35 75 19696864
76 78 174564180
22 3 934675056
92 51 11519026
42 10 868700355
81 74 773281344
60 81 561257784
36 26 941465146
36 94 961702402
30 34 768644903
67 37 111095648
72 96 348871086
51 29 852207641
72 11 413992631
25 27 289006395
99 81 15781187
49 40 287536916
65 84 388316045
73 29 258841457
92 17 439543649
85 72 176103702
24 6 990683580
33 72 180723326
78 32 699521445
26 89 617872852
43 68 505790539
73 80 710631986
79 5 857735776
9 93 515831833
15 79 145161397
