100 100 31
31 10 54 27 56 75 42 86 82 40 62 66 88 19 22 26 85 64 48 28 50 78 70 18 17 68 49 94 41 71 21
93560259 653156855 963551044 446581110 960208328 102481071 892315115 81008631 93877817 737842608 428952049 912327850 444475404 414673094 10872444 990336988 222671288 503677662 888816248 640904509 685724093 639617675 652124436 93897825 682897178 214085762 680300610 574918464 450676181 564412446 124332858
98 35 241581020
75 84 765840781
88 76 304488525
52 35 690080897
90 78 754101875
96 87 872556743
58 36 299346515
60 27 727123489
96 23 220153472
46 53 108730477
58 53 102344390
39 44 354952947
15 82 962683672
86 9 43715564
92 13 367332540
28 42 966613075
79 73 95788469
88 56 121804272
18 82 565406321
13 8 298013090
32 42 969871796
73 96 431468012
2 63 413510341
48 34 588460995
24 91 639971287
29 40 651385751
72 62 254525627
80 50 409044128
99 75 923929539
32 61 857324651
34 2 423383801
15 41 423367332
92 77 251924354
47 33 518166822
38 73 59724621
31 85 46658113
83 2 732461312
18 56 456689995
57 96 932100644
39 7 790237546
71 81 951542159
70 5 819720352
76 20 82994194
82 100 964175640
99 36 119871333
71 44 426892975
57 13 643385680
69 70 861238982
24 90 601105690
49 51 989468232
8 75 617676599
74 87 850055547
25 89 183128941
79 35 115148221
12 44 259812766
58 13 865293685
28 47 124167418
47 80 224377634
75 45 65636846
78 94 975784101
64 36 988247350
53 42 315208107
60 91 423773935
61 33 94657118
61 87 28969433
31 97 302689357
96 65 932641004
51 79 323895192
56 61 396787999
78 93 103396960
99 49 100176245
31 57 186528366
80 67 650497353
22 81 168080163
10 55 264389339
80 67 347821472
28 6 529640474
42 57 782823734
29 68 558049204
18 12 590844944
45 96 603370588
75 74 818532895
80 81 80801883
68 34 112628294
27 59 194426715
71 73 786888
40 31 165889135
90 5 659211246
91 23 416554598
30 60 638785021
53 37 649503314
51 30 384925015
95 50 692739155
10 7 523598832
8 25 799881385
37 80 227920629
31 37 129713402
68 11 236298679
97 57 791103968
46 52 334206686
