100 100 18
58 78 63 18 52 69 57 67 16 27 31 6 21 82 22 23 99 86
844906476 392699997 470469226 351842740 212213428 453261924 752186414 523347740 208028516 282180541 121629738 688761880 354631683 517489404 869279942 687121775 775536510 247168058
30 50 646394405
37 67 840346011
16 5 119685284
7 71 882638889
54 26 295524255
60 33 396092475
35 8 143220633
37 83 598014491
74 99 560361320
29 12 268616149
30 27 904515487
5 97 276584767
45 7 847408189
54 3 287724106
10 40 442006164
64 16 912355208
14 54 618247035
25 10 678781693
69 54 881654200
62 8 792971563
5 7 324077224
41 39 490518104
19 38 250739505
4 75 722078755
68 5 343873770
100 12 522435399
83 7 647297929
73 75 900467630
14 62 382156428
61 21 347003577
13 53 796266284
90 89 639707087
81 36 540747391
17 28 510725413
4 44 334309356
41 56 276724202
78 57 417472452
18 4 2091212
19 83 226266399
3 4 680360319
97 41 86302667
13 57 613151419
70 79 215338401
96 60 645120478
19 49 42248246
88 90 88671568
70 5 378531440
64 81 270536744
63 88 627349635
76 3 72791775
64 61 111703027
57 32 387086001
56 11 245414660
66 84 852398171
31 37 109795291
34 92 817110993
29 48 58181236
46 25 297057495
48 21 640938918
61 46 184683249
15 52 566244021
47 12 892469274
24 83 956393898
93 91 977055981
20 28 692982305
93 56 844904725
96 50 225699406
57 4 203138039
1 87 506443856
97 8 448664989
8 74 461242299
61 41 423608806
39 78 981626208
21 45 589870061
64 66 842110816
48 95 626071991
42 70 939198320
62 91 940697632
76 37 665991023
89 93 77446407
66 8 710741030
29 83 621961145
70 75 605123166
44 48 173506460
45 98 546818600
89 60 636998941
61 59 749805161
92 17 489068764
16 41 695896740
90 80 834109718
54 24 428229389
1 44 703131987
95 3 817647307
98 90 859385936
41 18 436697740
78 13 828652591
56 93 607509839
77 31 402576606
22 76 107546478
93 37 124612805
