100 100 10
29 67 2 14 83 89 55 37 97 53
608689985 188406421 443807951 487641075 812856868 632876206 113316983 684954930 132561161 193808030
10 78 446664891
11 92 489573685
19 57 601251972
79 11 708450382
84 26 633761434
70 55 107040859
26 28 546943677
35 56 158170871
22 50 814652564
42 39 448132719
98 96 548111064
91 38 907344276
36 61 499284673
74 57 428051393
62 5 850325937
6 70 64850728
90 73 178786080
61 19 852371809
10 32 58858696
42 14 412796981
6 29 625756945
10 100 385096359
99 66 243011007
30 38 823202372
47 22 343068379
97 33 168399533
28 82 176949215
32 16 539364706
23 32 482002726
14 40 920391633
22 80 43329426
94 31 300704160
86 88 166848127
3 84 355433783
13 6 921233896
4 54 333186704
98 45 365435609
16 90 610094659
7 40 135373333
90 8 586042061
62 81 766002952
24 9 520848928
30 49 398234351
9 60 709521428
86 65 651492068
34 59 388809820
74 89 78997919
2 64 284686174
84 42 951343761
26 12 460141519
30 13 650239248
52 62 11156015
24 48 399675014
6 29 229082235
25 29 368425945
71 77 43582528
79 8 574089500
45 64 187918561
64 97 583575415
28 72 775832101
38 14 80509268
62 67 604412164
77 89 996045516
63 7 676009139
35 53 956347985
90 47 790182382
77 99 506141085
5 9 787707014
92 16 555457754
53 49 186522411
1 49 856254483
57 73 930534266
88 17 455796443
60 83 671985738
42 1 82010172
24 35 563588148
79 69 453197538
37 29 366157921
60 43 443768713
87 43 482262936
45 13 132923300
92 94 331208072
68 27 305660496
46 71 635713619
11 70 851674488
7 83 798045275
24 54 997659465
33 19 135940688
20 78 601493465
4 37 620071290
46 61 749801235
92 54 450776644
55 68 869266150
40 13 75842315
13 50 100470190
37 60 229414181
100 42 467776738
4 21 794078772
65 60 961215488
27 92 818827181
