100 100 92
19 75 39 85 65 62 12 26 56 49 82 59 3 99 95 68 71 43 23 29 100 90 78 52 1 34 47 48 44 40 32 70 77 66 25 60 11 76 92 42 96 14 58 22 86 73 83 89 31 54 97 6 79 72 30 16 94 53 37 28 7 55 35 18 2 84 81 5 93 27 69 91 67 57 17 45 24 15 36 80 98 63 61 87 8 9 74 88 10 21 33 13
268463171 637650381 84933624 417344455 934854196 474172151 980385333 876270439 436784381 81766791 457818217 264257380 31595394 238422810 511635474 528450183 740353402 956681281 391981762 196492745 511203313 283168512 224119967 404061913 923694536 154532687 993142498 483962521 539294256 534127516 783718488 406049185 308708659 933152072 783666660 546256571 256857643 755941157 41748219 791513957 552985161 164841470 107831334 246580306 112988431 557651216 179962756 864686057 892776150 625582217 14856517 604902597 957273929 114447376 608789552 401782323 521255912 685190460 484642334 81522359 869460103 878702619 126531196 490905735 162485708 446513581 286275789 379447822 73231796 361663079 884645158 536680555 247334926 764981425 706919088 478462447 533649662 93385064 781038122 576178851 670438268 733819997 47379557 197227711 957403603 581963475 854490310 887536948 375659042 149088261 398245831 580206115
58 70 994240885
20 34 750459967
28 77 695328782
96 15 502680503
41 11 556173128
88 62 697582436
62 3 198726315
59 22 559811321
25 30 880647073
81 17 462232296
25 43 754107511
95 84 147514232
14 63 443117207
74 49 928633637
96 48 54466564
44 61 558515767
84 83 543842327
19 20 356735909
79 89 873059444
69 16 244123106
23 33 382640619
9 72 770224360
28 50 19298531
56 43 637112373
60 75 529898535
85 77 275452319
22 27 59970886
38 74 680628644
83 40 580480811
50 61 288397607
43 99 574346753
21 69 613832300
84 69 20534343
84 2 418397526
7 59 510900015
80 30 33265376
65 79 372809788
15 83 633791961
25 27 484293147
84 47 375840996
26 94 952486082
42 67 146214832
3 29 609085639
79 65 483066228
28 98 826209795
86 77 22006957
100 63 316307304
48 53 385001500
40 98 420933151
95 67 97049850
14 92 971383269
54 55 751070335
83 99 120095912
95 26 947070099
62 72 672187741
82 22 131690962
98 4 496006693
100 46 415474374
62 2 746579360
12 88 340934752
22 82 87568785
76 60 568646072
28 8 277616819
100 76 389540102
99 75 974133211
54 46 70985696
92 19 734596175
16 41 458903222
87 53 327490918
34 4 468435852
12 38 181358432
86 90 116447222
90 98 228746120
43 98 550973529
47 66 772822920
45 99 442086497
54 75 693476877
98 27 443219134
45 97 241676444
89 15 763101730
40 79 823566582
2 32 991583355
58 88 312409138
59 62 93149469
49 46 700202440
29 21 777434386
1 9 331714500
89 34 199653978
44 64 614558606
64 3 402321283
73 60 625135266
38 22 660676231
15 3 691817102
97 63 985829094
76 62 764282925
48 10 319988484
69 4 860625442
83 34 765901509
71 8 605514904
50 68 694929255
