100 100 34
65 32 8 34 5 64 71 40 12 83 68 76 79 97 49 59 22 30 67 51 2 21 78 94 26 69 20 7 53 57 55 28 90 17
975452013 623622163 302736758 514480278 260530048 619676116 940459792 734424322 628756236 693656353 409707937 776030595 917879911 50603150 587243715 671467199 160968845 104859121 933607666 875716319 616974746 815787751 640987148 553788432 385677137 971875150 616963543 262350084 833295256 103032265 19582075 915052398 55588090 5502528
28 14 773335844
97 77 791695762
12 39 981431144
86 33 169994251
60 49 720882364
82 21 243879261
37 100 129304087
51 68 613655213
87 84 266737757
26 37 981498266
84 56 830887180
9 73 373406094
33 87 858054954
70 65 676493636
72 88 433705070
95 82 542281371
50 19 36266158
45 4 250823834
93 75 144417161
53 59 845133252
36 14 27266133
53 22 624336029
14 63 864152651
44 90 38379133
68 47 320963314
93 63 875640469
94 12 704236745
89 9 96933183
71 81 421036601
86 17 759267211
52 37 925303994
98 44 56304902
71 69 620218436
41 80 354499533
49 40 612887289
63 86 765364435
70 71 656947472
65 51 566157423
75 29 64339205
76 35 3242282
27 96 658894847
11 62 190208199
74 76 822533762
30 73 734033811
38 7 632593238
39 32 499254254
72 61 927808183
90 85 182556698
63 10 977141182
79 69 967378500
87 61 541695504
2 36 985829585
48 11 415103429
61 91 796482795
52 77 742838171
56 61 879686475
50 58 666124124
7 78 371703624
31 68 429691533
13 16 906992673
99 4 545280345
41 75 547067527
28 19 299219901
96 87 129849967
34 88 539485941
15 27 830838038
55 27 798493478
18 91 120984406
24 3 67110220
26 38 300496936
73 35 720917863
36 42 292975993
80 26 654641378
26 44 282645810
11 1 928087364
33 68 953942146
56 41 513571098
23 100 55085934
8 24 78394148
47 48 798105244
97 79 268859839
50 89 504815452
72 33 245338771
68 10 939912697
61 63 698834046
87 8 988585022
86 9 647339456
55 40 526189644
36 67 408469607
91 54 571857818
57 71 524564222
39 40 973504589
42 29 924356978
10 20 985380027
60 44 980917828
37 90 488772922
50 24 966804982
40 6 906355758
20 72 453369519
60 17 982173266
