100 100 31
7 24 34 39 90 71 30 100 67 11 26 69 43 59 53 49 12 57 79 40 10 52 29 60 99 13 68 1 61 2 55
521314455 891960868 347387398 216044405 756794180 713839130 391055846 66773255 578463166 515777243 455085257 106580582 557565771 390853484 156728888 324861352 898941398 604613651 712534687 963568229 78860395 674157787 665092046 215532091 967865790 492694037 686550905 237697354 253215909 805399250 380531128
13 53 367326058
31 3 934415418
71 27 934976346
64 78 237485883
16 94 653840182
96 28 546173675
72 30 94630810
28 21 651668953
100 3 605941876
28 42 277396835
12 13 605116431
14 87 590794339
65 53 800033373
3 50 513623576
98 100 738386565
20 76 255026003
69 18 947739822
35 78 804837859
83 74 832275978
22 16 531010626
82 28 413739302
1 66 953586049
5 14 756514416
31 84 90305905
26 30 142745354
51 67 903122195
2 83 456390094
68 55 975178563
16 42 39412149
68 96 265454788
14 34 62480362
68 74 327219057
10 31 735738666
23 76 138478018
53 82 894277771
90 76 576386037
77 21 892373302
67 60 983829962
72 13 648869331
68 62 72688266
11 96 746158132
98 3 951460699
82 92 57064257
13 41 373574083
82 29 287663908
42 82 553479802
3 16 309905333
79 39 671686773
67 52 439686952
98 65 794752047
46 25 936130805
24 13 169262395
63 42 970955529
76 54 5645831
26 46 898145067
68 48 409750003
79 62 144662193
6 51 142113170
71 66 336799331
19 14 779702080
89 42 729748144
8 94 964724197
95 39 121584144
13 17 207388168
94 46 243330489
30 14 764463895
31 56 662106758
55 76 619547893
40 38 794025508
68 62 475877317
91 82 873667199
2 40 330080247
60 98 973369708
8 72 985861776
64 56 945443480
69 3 239574462
23 87 5581745
37 40 859587996
99 37 589617363
57 72 188045635
59 45 725938485
16 55 137857041
26 22 537056789
31 90 639059774
44 21 795792644
40 84 798953286
75 39 75583758
80 42 160569591
42 35 256137328
100 37 250995134
77 27 374284004
86 70 696089694
81 91 836383985
32 64 650469381
43 22 504674360
80 1 371346487
52 60 190554107
69 38 932106490
36 89 845422575
33 36 474765635
