100 100 67
62 51 30 13 31 24 65 5 20 69 94 92 50 10 59 3 82 67 96 17 77 34 9 33 97 22 98 18 21 100 71 57 27 60 40 66 19 7 80 83 12 35 23 87 45 42 99 29 25 68 79 90 11 74 49 16 55 72 91 32 63 44 1 2 15 28 37
815227756 703173767 199343542 86112099 382791752 226795036 104307685 283375533 865121952 788513254 943020466 41865054 212222093 838963879 513741104 854041283 257854397 794164439 3984712 27346718 970658289 677914400 660756532 530181922 987404159 918082784 806843396 263325049 784611792 617956522 951835420 445888830 142748131 203598021 654074548 984782979 163421384 677747627 654312791 277141197 827687974 670856844 402435940 938658195 614006455 272010184 254679952 344558786 927638214 455462265 124427618 678140220 211052216 971078119 724107190 59897684 409814400 73132561 372024123 34243411 247266088 967063083 596240629 560278519 552461135 730638874 761083067
43 18 927531514
34 44 643715698
21 28 100354659
77 45 789369266
24 33 467535313
70 41 238353788
77 78 30723481
38 98 533651435
25 58 26862427
99 74 611491569
39 64 22270949
41 68 405483598
90 79 246724429
17 38 906930898
89 84 324780617
62 82 406058196
13 37 966780626
83 81 583579634
34 33 294669306
41 94 104500746
33 20 198914826
50 63 435072889
21 52 668428768
73 48 969895571
13 67 355753096
4 50 620829795
13 50 677432344
48 59 42418853
32 94 958603985
88 70 43122433
73 30 398771571
68 33 153228169
100 22 130273761
34 85 487644789
55 51 723728119
74 42 683669277
50 2 134150567
70 47 489185848
27 68 288168795
100 23 816387412
70 14 640573830
20 81 537475989
35 73 954758284
29 57 335712690
5 1 595458005
95 80 846208813
67 83 754801453
2 37 906538707
41 65 52240734
85 88 449202292
97 53 113103889
52 36 12008419
61 72 809815265
27 84 657229616
88 36 536253377
11 54 613617701
88 58 20685456
71 39 263699711
30 17 66598394
19 73 916695151
6 28 767847826
23 34 337623248
28 31 601957165
4 54 373384874
47 70 428198274
78 75 442282087
71 4 570750976
85 16 753592148
4 66 279796207
16 90 470567387
95 58 634940618
42 10 136362239
28 93 651520475
81 100 649998617
22 66 679527193
44 11 822896082
49 63 468766527
53 11 208950624
3 34 521846061
94 58 452546821
46 56 574800516
42 21 33051333
53 80 550879612
95 90 433007719
55 43 445759497
91 14 826730927
12 67 205491246
25 26 848523226
77 97 808949665
57 1 763577947
89 15 439579809
86 76 121433300
44 2 96789012
7 92 353679447
76 67 241302756
11 63 560251358
63 44 141233308
25 87 972919304
92 69 130213182
27 87 626779158
