100 100 80
73 100 5 51 67 49 74 21 52 27 92 61 12 48 7 82 31 86 71 55 40 15 94 50 33 79 63 68 25 96 8 91 90 66 83 28 44 30 53 39 99 22 70 88 98 29 77 6 3 14 93 4 16 95 54 85 84 38 18 41 89 17 78 9 72 97 62 56 87 24 76 20 59 45 36 11 32 43 2 57
609743980 377193522 591851807 177381892 481826592 824953004 989999736 468352652 845902376 921072019 445463201 185915603 941751673 636206416 224818780 370459162 147994432 405204381 14834652 433490486 471873626 409726474 954490698 445477395 319255770 944200827 287302980 786445868 371913351 2097063 975639385 813872917 298557275 321898907 984071310 807401970 585646597 857400886 632128476 105967869 920238696 965363627 383161007 585915907 946907674 289174273 790669672 337897704 117820134 275269782 244411868 994285086 552432970 432348312 927630804 650932530 285001978 302692747 657574795 690947904 63692635 689024198 142547507 337401209 563097096 94071541 623728752 297866660 101722449 285298840 657688283 350779035 200697527 635356291 391404672 613062857 167709042 300821596 563443552 34713779
15 81 466721008
60 50 182062495
28 31 112770505
99 10 21790088
90 81 923595928
27 5 38596480
89 100 559532612
92 33 72080038
78 84 877853012
17 25 130058913
83 71 908859023
4 59 695966046
29 8 835863768
28 75 297060366
72 78 840510537
10 57 502962010
89 65 139914382
42 39 104823017
11 30 694677124
71 60 293672981
15 30 840177426
77 55 675154410
2 29 570390855
84 23 752666740
9 13 193639097
55 68 925403397
43 5 675695403
98 4 486040609
24 39 498991876
13 99 386424070
3 77 748541669
83 56 732219318
56 51 887019571
92 32 217274570
75 61 263767062
65 14 814874772
36 80 797587888
7 10 34340217
24 2 518590879
28 99 907434893
33 4 160178358
73 61 755755376
4 64 325780472
84 34 610146409
13 68 718053333
85 4 320651201
8 45 822422184
7 51 29511009
38 40 166003313
86 28 518187951
47 33 710459343
26 6 78421158
14 81 730074177
34 48 927311412
25 17 492913054
41 84 585411545
59 24 523238610
72 54 488979325
87 74 203384283
1 43 517463441
58 34 489366788
64 95 881206378
68 65 61818208
40 84 491440859
71 91 736267914
88 17 878451729
8 83 744589211
50 3 551050931
65 6 983382892
79 26 845178170
22 4 907343374
11 43 686162318
56 50 72772999
71 76 653092835
16 47 954968014
30 84 767795922
1 49 640343049
17 97 552190139
44 61 831650565
66 11 237050970
42 46 961723639
98 23 132368040
34 68 237901938
21 75 79011317
13 5 414129833
10 35 315402820
51 4 682609894
11 99 363149542
60 28 774352715
27 75 35736410
7 85 415046343
22 25 989535587
12 17 731393116
4 78 726802027
96 78 23440783
86 51 988385816
48 73 43659824
21 85 780221485
75 78 839719244
44 26 558453156
