100 100 84
85 70 6 40 16 49 7 45 60 65 59 39 25 4 68 41 72 77 94 3 20 48 58 88 57 87 64 78 79 24 95 54 82 21 14 26 29 63 11 22 33 18 38 99 74 100 81 10 42 13 52 98 89 90 50 71 19 15 73 36 31 43 9 32 27 8 37 55 35 67 23 96 86 97 5 76 34 56 69 1 93 17 28 75
887022488 433356805 913048157 258175494 535497636 508562241 341515901 627812220 656284322 848170089 124362697 696695574 828661306 660026026 224186528 35934798 911915811 599235688 191116213 110826766 78737323 375186361 646555792 28875832 329254454 665592552 576019981 418634274 9565111 761110259 719441115 642296594 253243960 755962382 983776253 949435847 417071960 539356190 18171725 620704240 786251976 723450687 540788724 293632690 644495053 389435967 970873076 74307366 444203201 375517472 366522782 344224984 151300498 660203418 853342236 487822921 309496898 916904342 674510312 457116526 40250469 967245748 418951251 689404976 283547814 634374598 92920063 328588010 95264578 888140627 71242853 110705902 876013707 236303381 323725393 801817344 703739750 407715963 420254816 209575385 243508686 746422824 445044873 837724837
63 30 101885841
82 99 856165092
73 39 854422201
68 8 472708553
77 37 713739939
29 43 521274119
28 43 839175210
98 90 206270276
87 63 139954600
35 79 484028341
94 92 730527105
48 25 344213330
8 59 738809154
85 91 599464111
45 61 228986180
63 55 849096885
42 18 502079373
84 66 329772701
19 40 674041321
46 61 409335086
17 22 749129034
63 68 854676279
20 10 697487964
51 8 239307600
42 47 916505453
26 86 320742605
13 54 279468924
3 77 29743107
50 77 293675167
21 59 819652031
3 33 464443290
56 29 703400451
98 32 497560254
31 12 579022339
74 27 912989183
96 91 640415584
87 100 428809817
5 69 827709092
73 43 190464613
38 2 887921406
25 81 358072887
91 27 328096064
59 88 637255803
75 79 593502741
22 61 38449359
31 44 903830919
5 76 415732579
84 9 486760369
86 15 335261648
84 47 506472129
5 70 379265333
68 90 132258353
91 24 214561688
63 83 414457158
3 65 334063228
68 24 942168777
48 75 263620286
29 91 677369861
56 54 518999478
67 86 673985282
24 16 928551307
14 65 526932480
97 48 968687318
94 81 964964407
71 83 107916667
82 49 472610253
23 68 359103172
88 15 947922711
45 24 162525375
8 5 75740437
55 17 107090137
17 100 288317736
60 54 173983675
29 65 649802774
29 16 100666469
97 66 194032192
77 58 239167626
21 42 558641954
35 19 125695532
76 92 670529548
56 51 140682359
46 5 174545440
21 35 19468258
41 97 834198411
34 58 796105092
42 35 891828232
20 44 198279605
37 68 311684242
60 62 538038246
47 21 573042793
17 13 898635201
79 83 296989000
72 55 489676164
71 28 391672549
25 27 218348955
12 71 336569257
81 16 508672381
24 11 308521649
21 69 625969097
10 72 160992005
