100 100 18
52 44 25 82 21 13 72 22 12 84 75 20 45 36 92 46 51 77
726798231 363165305 809654941 124774612 512535148 970456969 655106899 881796135 742906935 237994285 807418330 962530033 123003487 153419459 300427021 808443474 8801362 993573709
59 65 577645058
9 80 300236618
75 90 911124025
31 51 716226004
60 26 340404002
67 78 170294209
1 25 778916034
74 39 449931195
17 95 546210375
1 68 946038899
52 47 727832268
51 77 269558532
39 50 889012329
91 48 550392741
93 5 868120447
41 65 66094228
55 48 629263426
59 54 465794367
55 32 985024648
59 55 582557620
12 15 405579729
55 93 455990859
1 65 94533015
16 56 795712914
44 14 533483991
55 67 973089913
4 67 915324384
57 48 632404159
70 78 373576028
6 47 288468381
72 78 323817884
40 7 219472049
83 18 397770024
61 67 31749933
58 64 705057671
45 74 266113344
63 80 463010636
8 38 509380549
26 22 63658594
12 8 313716267
83 69 695977625
90 68 208506532
9 65 572279921
59 32 677122706
19 83 225678373
76 7 883732783
89 3 923185916
9 20 883111547
4 83 774890700
74 2 612639851
61 62 135224783
31 30 798108752
25 63 921684651
68 75 163099270
24 42 140631740
36 45 428761182
51 46 200343204
29 64 417006669
44 69 188783382
7 94 622675541
19 21 517752287
39 79 268610228
95 85 71892278
11 69 653192396
37 91 36565829
64 69 667732563
92 78 627569144
24 48 486015164
25 70 457084165
81 76 793360613
45 66 157263420
86 32 641485571
56 71 900293137
83 3 492702922
52 7 726566503
50 98 751618016
50 73 34920352
69 8 783342724
55 46 831777762
34 18 71211643
75 54 264165547
6 89 968194620
70 84 309429913
40 83 349067869
80 51 12970867
85 10 988863292
58 19 44374651
32 48 184938225
21 87 839530743
54 96 925853044
71 72 926559486
53 75 972131596
63 45 49284736
12 34 450918648
53 64 958548633
22 74 482967648
69 32 967546136
96 93 65684862
56 21 56275018
19 56 56466185
