100 100 27
32 97 70 78 41 99 45 76 49 44 30 72 14 46 61 100 47 10 37 31 25 48 6 66 24 40 13
403206210 717201985 981540408 578910868 57115900 936066879 293976330 720188946 673150097 471590988 140873849 970283327 176194471 26783540 733100159 5991563 837238954 645986598 757326104 53155848 10111048 145295160 803697863 675422699 525421557 395707617 477989646
87 88 49051773
37 25 395868700
65 80 767114933
72 88 802492528
91 24 746097787
30 3 719736457
57 56 31384887
96 100 230941811
55 12 428835194
47 56 805804048
17 70 174798574
26 76 575700393
96 67 318424699
76 60 607230644
3 59 596801724
78 80 928026856
62 64 268226721
10 84 537542015
39 85 670269541
33 19 552170187
87 95 88636083
1 91 4520445
49 56 366748180
70 56 379271473
93 5 168531101
65 46 390736829
7 82 960828374
50 27 268714684
44 82 764974829
72 41 683724757
81 88 284668188
46 44 403752529
39 100 872220760
36 63 316790877
91 90 804283964
98 17 366656668
86 89 501808949
44 17 364299761
44 54 688687086
42 57 969145227
92 66 403491582
9 72 959230769
18 89 671760593
3 38 571902928
97 49 464210388
55 13 143810627
15 71 550766309
40 93 166132834
86 32 816544762
32 35 28202061
56 58 402132753
15 14 713907706
26 21 350637911
21 41 579102974
41 32 404388508
52 80 405331608
5 40 804426487
3 78 851614212
91 24 863877814
3 43 713046270
41 5 114371209
54 87 772321941
83 92 278040558
89 23 357207602
64 41 525192159
89 38 803967720
22 86 809461691
58 50 445099262
30 16 430742131
71 11 241891771
94 37 910740982
93 79 863239026
77 34 227570911
38 17 362447821
24 47 240278108
65 32 639552094
10 65 700961890
96 28 890727267
26 88 43222031
94 70 258652303
67 64 996283808
45 62 397547793
90 12 211412528
97 36 650446689
78 92 537560864
47 81 277155282
83 48 886404121
80 58 404004762
77 43 430699642
45 66 436743269
69 51 749799115
35 51 1933374
24 82 806797794
47 13 914642794
8 6 928155442
89 33 957168301
67 40 641035321
46 33 355795321
71 36 40403903
99 33 459250742
