100 100 35
59 90 88 13 4 23 56 48 1 33 27 9 36 37 52 57 75 85 96 14 10 61 100 30 69 83 92 70 95 91 98 5 21 11 71
211668505 977658843 329398033 378681943 364919312 880253321 579329223 277849836 999190886 782028863 743163457 48625105 825846704 483775742 874692662 869015289 284373732 757272011 989249023 961382298 49440736 873513006 513518619 634007217 980117219 311072181 888861868 32711035 508248594 25792626 83859449 973772285 256276980 182692217 16354026
42 23 776666468
71 80 612431593
23 50 619521002
15 7 443900640
32 9 63066031
55 69 189570268
62 95 283340344
87 27 597189904
17 90 623193602
82 21 229057282
32 6 219249221
91 38 256166134
39 77 87844618
60 43 76172184
89 64 199351664
68 55 676700142
89 90 462409787
69 4 702535036
44 14 855316126
17 49 775724217
81 91 591565642
7 65 995867571
5 47 469806008
92 34 479417598
37 92 40692147
62 68 630760674
92 22 140843305
42 100 972065989
41 93 493837874
83 96 972329174
45 71 323257186
97 93 292003323
89 8 894978636
54 8 854865917
26 45 421026903
18 93 196679155
25 18 902836165
45 69 449471212
1 3 163806465
35 33 362666209
10 53 720989737
75 90 832060890
16 13 416923869
92 51 148947807
69 17 565017670
83 13 731146274
83 82 965389161
95 87 342492651
97 73 555956142
35 98 338432963
91 74 412410796
2 90 40679525
51 29 254358072
26 85 848937697
35 63 937463213
90 23 759312787
44 37 449569662
67 62 727554372
92 54 28382201
16 96 525335710
7 38 845755486
41 71 755040726
14 65 740747552
43 16 665267348
74 58 922341498
69 87 420331046
83 93 530345270
21 16 98209767
64 62 804931002
64 54 550444009
30 51 100772692
19 52 933287914
14 83 245442503
68 93 65571958
52 77 597492502
88 70 81387097
48 17 127528336
57 1 71152200
15 76 350682141
51 48 958040784
83 5 169934536
74 10 189191294
100 14 99000717
43 20 91651152
67 92 557032292
72 35 646596189
82 43 965292942
49 98 427847872
88 9 545901343
52 51 729965258
38 34 200908492
47 10 449576552
79 28 682167543
92 36 9802706
26 27 682006009
80 44 558258550
9 35 580511407
88 55 839564324
7 85 159526216
97 30 459874170
