100 100 64
69 54 5 25 37 94 15 53 60 50 44 32 67 72 38 58 83 42 52 13 12 18 76 49 26 3 7 92 84 96 74 75 16 31 95 19 21 61 80 30 1 20 55 46 87 22 62 14 51 39 29 56 88 47 9 70 73 35 34 2 97 48 71 65
933336001 172899947 860157827 313180228 82470032 859343095 351130305 629959842 770435021 832699509 112007682 178162309 738817585 908066527 232337129 467878368 319556840 192982980 959193294 497567612 39407636 501744323 376926523 70291314 579591496 310036499 310371951 721117621 842184205 79336702 911362011 50120326 97868384 144709218 479148199 210581246 450893618 786040111 608551982 789933959 858538215 523972843 111085693 487744099 628157400 856117809 581579992 107327524 79312593 580494637 891045430 733607474 41426835 978104354 26959296 736973129 368210259 679630820 702218582 66542072 234483001 922791518 580191754 240933154
90 66 990181538
49 31 516809092
78 47 829376308
76 54 42831834
87 59 668110313
29 100 9610516
86 14 263656254
60 30 300657458
60 12 291195233
80 39 952795360
48 91 633827508
61 63 691564343
38 74 230382580
83 82 170252331
35 63 560042084
63 44 709493824
82 23 264226004
91 47 771237673
83 86 224716218
1 7 206205702
84 31 146551440
82 26 979460323
75 18 601972337
59 55 147045485
95 33 436799983
72 41 542245623
18 17 457802295
65 17 116246445
98 26 19114344
58 31 405611287
37 38 981719089
59 80 389563858
43 69 117120682
79 67 560865418
30 73 355516020
52 79 875329851
77 88 625701907
56 68 647986088
1 69 643998603
86 89 341890332
95 19 581339195
35 4 810206049
95 91 668048886
30 60 336839934
44 34 718797160
81 68 269943477
69 94 409568680
66 24 599760443
63 41 434198809
94 48 812778042
96 75 736236934
56 47 783245189
43 87 977594750
93 26 444869531
69 37 230352109
95 49 626235487
7 58 441855228
7 38 162293013
84 68 790638890
7 76 16960160
53 32 403108267
99 89 361270522
55 69 91270401
3 31 868601333
84 77 745677529
34 1 414339377
46 82 965695529
9 77 549707613
12 2 315593863
67 100 620357298
18 43 988170444
46 57 614855341
7 54 516816106
41 18 33230092
32 22 880334602
5 97 700180492
32 44 228724713
98 22 634282977
77 25 261483637
79 46 607316342
25 27 45583011
72 39 556693095
67 76 9330068
23 16 434522683
63 47 135541480
12 43 486593254
48 51 642965858
41 64 662595199
59 7 530639037
41 9 398540351
36 75 680829646
84 88 604546746
1 60 352928219
88 12 57843041
41 11 338572347
79 32 696019255
7 53 941353263
36 56 873989331
3 90 797829887
85 76 866549655
