10 100
2 9
3 9
7 8
9 10
1 6
5 8
4 7
6 9
10 4
1 6 852622669
1 7 703561340
2 7
2 5
2 1
2 3
2 9
2 3
1 1 130193281
1 5 255790340
2 3
1 9 677092568
2 1
1 5 3685169
1 3 253632053
2 2
1 2 875787677
1 1 567521482
1 4 900837381
2 7
2 6
2 4
2 10
1 8 299871049
2 9
2 2
1 2 911491052
1 9 297386377
2 3
2 1
1 7 692139050
1 7 473441503
2 2
2 2
1 9 468207023
2 6
1 6 936369127
1 9 414598759
1 5 56393545
2 10
1 5 662425497
2 3
2 10
2 2
2 6
1 9 822440648
1 7 149623397
1 8 94685166
2 8
1 5 257255191
1 5 44079222
1 6 824300490
2 4
2 4
1 1 40003257
1 7 745670638
1 8 911525593
2 3
2 2
1 1 15628816
2 9
2 1
1 8 217909183
1 1 983210923
2 8
2 1
1 9 676942897
2 9
2 10
2 5
2 7
1 7 665663243
2 1
2 4
1 5 682251285
2 10
2 7
2 3
1 10 379051790
2 2
1 7 434616569
2 6
1 4 626069687
2 3
2 7
2 2
2 4
1 5 803314041
1 7 84741752
1 7 120350205
2 5
2 2
1 1 598337297
1 9 316075937
1 6 734358316
2 8
1 2 236081678
2 5
2 1
2 9
