10 100
10 1
10 8
3 4
6 9
7 2
5 8
7 3
7 8
6 3
1 1 532727260
1 1 213958525
1 6 68118605
1 9 621125270
2 10
1 3 658813371
2 10
1 8 625949349
1 9 998294926
1 3 249404267
2 1
2 4
2 5
2 9
2 6
2 2
2 10
2 8
1 7 214543320
2 2
1 5 148299460
1 2 920712276
1 4 722720772
1 6 191398221
1 8 665147437
1 5 97421458
2 6
1 1 116271036
2 5
1 3 442612858
1 4 785279070
1 1 310776096
2 9
2 1
1 3 948961706
1 10 28525999
1 1 252408876
2 4
1 3 700978586
2 10
2 2
2 10
1 2 120384697
1 8 721478521
1 2 374690591
2 6
2 3
2 10
2 3
2 9
1 5 620867484
1 8 221302558
2 9
2 7
2 4
1 3 765001981
1 8 615187014
1 1 989733475
1 6 859905901
1 5 110596321
1 4 947438364
1 8 216905229
1 7 166206764
2 10
2 2
2 10
1 1 152525702
2 10
1 8 465153724
2 3
2 5
1 9 411368502
2 9
1 3 726799932
2 9
2 5
2 4
2 6
2 4
2 5
2 9
1 7 999959839
1 6 219201345
1 3 551411004
1 2 943528596
2 10
1 3 783734784
2 5
1 10 851240227
1 10 514672853
2 8
1 10 453163285
1 1 658207971
2 1
1 9 724459490
1 1 273457983
2 1
1 9 147167058
2 3
1 8 259005466
