3000 3000
56 1639
2756 1140
2553 1523
1285 1120
2824 378
685 394
1977 2994
287 2445
632 836
941 1935
185 2624
323 2712
2445 2560
2429 1432
2619 994
378 1347
950 378
1793 2761
526 2633
378 1518
340 1287
1221 1287
2485 997
1518 1445
2279 1373
1591 526
2538 2445
1825 2220
2264 2425
56 378
1904 2709
1643 1287
1500 2655
2097 997
1977 778
1526 1464
533 1275
997 1548
1186 2211
661 1831
534 2396
1353 1518
1831 2982
378 106
1518 1634
2220 605
1280 685
2768 2619
1287 465
677 145
119 997
846 1977
631 1831
378 1541
2850 1793
378 768
31 1120
2789 2655
346 2583
2870 1437
923 1831
2577 1839
2445 2288
2385 1831
2855 2796
145 739
2280 378
1222 694
1526 1153
2094 1287
2115 996
1373 390
2887 1831
2079 378
2445 2232
997 220
1518 1405
1163 2360
1831 1633
2155 275
1365 1518
1538 1770
941 1719
1518 588
2712 2797
2529 1518
1855 2655
566 178
1422 1373
1287 311
2351 680
1432 673
1586 997
1404 378
2769 2619
529 997
1290 997
1120 2354
1432 1699
145 1441
938 1839
1373 1661
1919 685
2553 378
1081 1518
685 454
395 1831
2655 2331
1184 1612
1095 1287
2619 1245
400 2874
378 1960
2583 1991
1265 526
1432 327
1214 16
2883 1432
145 1773
469 2686
2045 2583
1647 2360
436 1526
2622 997
2632 2220
2220 19
378 2685
1831 21
622 526
769 2425
353 1373
1354 2583
1674 1612
1839 1457
694 601
378 1882
1287 596
2231 763
1343 1977
378 2603
2653 1373
271 2432
1904 1287
1831 1878
2016 1432
378 2146
1526 2283
1029 2655
635 447
878 378
2638 526
1831 2899
997 1037
13 1518
1518 1387
1287 61
1120 2702
2712 2174
2545 2216
2401 1287
458 1612
2080 664
1194 378
1538 775
1254 2199
183 1373
1534 997
1438 2712
324 2619
2795 1373
2378 378
1518 245
2712 359
2199 1682
2842 2619
378 2974
2822 444
378 2712
2080 689
252 378
1983 2216
537 997
94 1831
1715 1294
1831 489
1373 2048
2425 1955
1373 5
1448 997
694 2963
997 48
2308 566
526 1478
1831 2311
548 1432
1839 2093
2712 1270
1432 2397
2220 1973
1373 133
2412 1432
2199 967
76 1287
2742 370
1373 793
1453 2664
1518 1046
1120 2928
2756 2337
1240 1214
2379 1518
1838 2686
378 2196
2583 2555
1186 1287
2958 685
997 2376
2859 2351
1047 1287
1048 1831
378 1550
2199 1544
1831 838
1268 2619
2619 1417
941 2677
429 1921
1831 1490
1769 1831
2190 1437
824 1120
2297 378
1518 2977
1904 902
1076 2089
337 1120
1839 665
1831 2516
169 1904
1987 2822
1831 408
526 237
2682 378
381 2360
561 1373
1335 1214
1688 1618
2445 2729
574 378
1746 1977
413 1432
2988 1738
1831 2829
2712 927
1831 2694
2732 1831
1294 118
1287 2086
1120 520
812 378
1839 1587
1432 460
1793 735
2655 1925
1432 330
378 10
704 1432
771 904
1518 509
1831 839
2445 2605
1287 825
1287 652
2639 2712
863 1688
1262 997
1749 2360
1325 2445
1174 997
455 997
946 2445
1518 2935
1868 1717
1689 1432
1115 2686
1432 2731
378 272
1630 1977
2464 1518
526 333
2445 168
2686 2808
1432 1317
378 28
694 2138
782 1977
1155 145
1760 1977
378 2131
558 378
1432 2593
2896 526
2712 1227
2979 1977
1792 84
2822 2242
542 2583
2425 2646
2239 2234
378 1588
526 1651
2445 1475
539 1287
831 2655
1518 641
2309 997
2712 1127
1006 1089
166 1977
378 974
243 378
1978 1546
1977 2636
1782 2360
2619 161
1349 1024
2388 1287
2445 378
694 626
925 2360
2360 170
2927 1831
1002 2712
1502 1337
210 997
1161 378
308 2619
2416 2686
1949 378
1178 1287
1620 378
836 398
470 1287
2562 997
1831 82
241 2445
526 909
941 2047
1518 737
859 179
1535 2655
2971 606
987 378
1013 1831
209 1006
685 2684
2445 1685
2360 1860
1432 1779
1831 1711
997 1321
1373 743
174 941
1287 2012
1287 2018
1322 1977
1612 1242
1644 1518
1432 66
1287 2692
378 2643
2782 771
2619 231
2655 898
1062 2686
1214 2349
1432 2891
2686 527
1075 1350
1011 1978
1162 997
378 1063
2840 1287
1793 1330
1432 2482
1939 2583
685 1185
1432 1969
2080 2249
2818 378
2678 771
2664 2957
703 1977
378 450
1452 2079
1214 1726
699 378
145 298
1831 2453
2672 997
2553 236
2445 2923
2439 2655
1211 2103
1876 1373
2465 2619
1831 2689
378 447
1839 1663
1120 1238
378 1388
563 2619
1518 779
2365 1518
1486 1526
316 1518
1158 1287
2155 248
1371 2619
157 2220
1348 1287
1728 2445
1130 2220
795 1831
1373 559
1609 1287
2756 2230
2216 979
997 2136
2192 378
685 223
1518 1284
1287 2875
1831 1101
2035 1831
73 145
2317 1793
797 1793
1226 2714
1120 2007
2220 1426
1057 378
2619 1027
2664 2124
705 1831
1287 2121
1977 2620
2424 1518
1361 2619
1225 1275
1831 2313
1911 2809
2849 2583
2655 1340
1275 1897
727 1432
2800 378
1807 1432
378 2325
32 2619
378 1915
1191 997
1941 2445
1579 836
1518 1913
181 1287
2655 244
2873 1839
1287 46
2155 182
694 1890
2811 1977
1458 1214
1214 1079
1065 1287
997 1059
378 2733
997 303
1287 861
566 550
1263 2325
1170 1432
2400 378
1394 366
2619 373
1373 1114
630 1518
378 836
1831 2567
1518 2367
378 1045
250 2714
2712 607
378 2310
2425 1205
2655 1613
1835 1287
1944 1738
145 1891
378 2448
1432 1635
2583 2955
1131 2686
1230 2360
1287 964
2445 1512
911 1186
177 2231
378 941
378 264
566 1671
1831 627
2289 2220
1432 780
514 1518
1432 375
2792 1432
767 539
378 1344
1831 2386
2655 1369
2661 2655
1668 2080
1394 843
378 2651
2263 1518
2056 1793
1824 378
2720 2664
1145 1518
2355 2712
2079 1292
2314 1432
674 1831
942 1839
378 1992
2219 378
2953 526
1120 1311
1373 1551
378 785
387 1287
940 1432
992 378
526 2175
1831 453
1831 47
771 1319
1427 997
370 197
2878 526
378 1549
526 289
2335 1373
1120 2892
1090 1373
997 93
2696 2756
1977 2868
2655 943
2142 1287
2445 543
833 1373
2351 1052
526 961
1432 720
1526 435
526 2917
1733 2080
1287 1525
526 2334
1120 945
2619 1122
1120 2747
1793 2340
582 2686
1400 378
1120 918
200 2080
1738 977
2445 1143
1518 2038
165 1518
378 463
1432 1710
1729 1120
430 378
1287 2611
1518 1766
2939 1717
2991 2425
1831 2168
1424 110
955 1432
1169 2874
278 2714
1839 1272
1518 1761
997 746
378 1669
1432 1077
1942 1526
378 1332
338 112
1518 1986
1277 1831
2969 56
2949 771
1518 1745
2360 2433
997 286
1287 2909
2501 1120
2686 1974
378 2004
526 1256
1120 549
2499 1538
1260 2619
2619 2781
2449 1432
2315 1432
1612 2472
1384 1394
1518 1503
1418 1006
2383 1977
2357 2619
1518 693
1120 2785
1314 1839
378 269
1518 2475
2144 1831
1747 997
1831 1336
2111 539
2391 1518
997 1300
1831 1984
1730 2445
14 1287
1641 2655
1287 2888
1160 2619
1287 2051
1437 1910
2687 566
1831 1670
155 1120
1977 1461
1831 922
658 1612
1576 2619
788 1839
2231 2101
2556 378
1518 2645
2469 1287
1664 2445
1518 341
997 2036
2519 2394
1928 2619
160 378
1320 1977
2066 378
2270 145
1594 1287
841 1287
526 1896
1542 2231
2583 679
526 74
1521 1518
2445 1375
60 1287
1279 2080
2096 2425
639 2712
259 2619
997 2950
2451 694
134 378
1373 1124
81 2714
997 850
1055 1839
1218 378
2557 378
378 694
120 1831
2040 378
1738 495
2173 2080
1934 378
378 1774
1108 1432
877 685
1717 40
268 378
791 1831
771 1714
376 378
2026 526
1904 368
2712 358
378 402
1437 726
2395 836
685 1111
770 996
2293 2220
526 937
1793 1804
69 2220
685 634
51 378
2535 1120
1518 698
1373 2324
2523 2619
997 222
1432 2993
2112 1839
2251 2756
1518 263
526 378
685 2736
2476 1977
597 1186
1120 256
2162 526
1658 1831
1839 686
228 378
752 1287
856 2714
1424 2074
378 1667
526 92
2080 378
2619 2642
867 2619
2425 692
145 1511
576 1120
997 1244
2561 1120
2686 1712
1159 378
1831 2002
378 2855
425 378
2085 2445
2158 694
1287 2073
1425 1287
836 1803
2240 378
2030 1977
1287 2281
1759 378
2634 2686
941 1223
1831 914
2360 491
685 2330
1784 2231
1060 2686
954 1831
378 2664
1951 145
1787 2425
2656 1287
467 997
2459 566
344 378
2114 2583
1755 2378
1214 114
2500 2686
1795 997
1781 2220
2619 441
2874 893
2619 83
1831 1999
528 1831
1831 2590
1120 2660
2619 907
1334 2619
2351 378
2751 1580
2276 2445
1518 951
1831 386
1518 426
2140 378
526 926
1844 506
1894 526
1306 1839
1287 2972
1547 2445
1583 2822
2228 526
1653 997
421 1977
1120 34
1421 2231
526 1659
2425 818
2216 2791
1518 2210
836 1416
2067 2686
1460 2583
505 1287
671 1074
490 2080
378 17
2082 1717
976 1287
2746 771
1389 1831
2425 1484
1120 2198
378 621
378 78
2916 2822
1518 2389
806 526
2967 2619
526 960
2914 2445
2456 836
1828 1373
2126 2712
2739 997
1764 1287
145 1758
345 694
378 2303
565 1977
566 1589
1612 1482
1717 1476
1792 1080
2975 1287
526 2894
2619 1359
2813 2619
2822 2932
429 1287
1297 1287
378 1628
2141 1120
2714 1956
1794 1518
636 771
1518 1577
315 997
2028 1287
685 1997
1518 2346
685 472
378 2001
2216 966
539 1853
2491 378
1518 2195
378 906
1123 997
997 362
2880 1518
299 1518
378 840
1214 2507
2445 2457
694 52
617 1287
1526 2961
1526 2
1871 2686
1287 2474
1287 996
1533 1024
274 2445
1831 374
1504 145
1454 378
378 2044
526 2613
1403 1526
1287 1216
1972 771
50 1831
2325 2937
997 291
1831 2153
2080 103
2172 1373
1977 643
521 1120
1287 214
2775 1294
857 1120
1120 109
1526 451
2084 2220
1990 2822
2080 1582
771 2197
2445 599
2022 1831
974 2139
2767 378
820 1287
985 836
152 2080
2360 1686
685 2489
1287 2765
1419 2445
378 1922
2199 2698
1234 974
1463 1024
378 1995
1432 713
511 1120
1483 2619
1287 2674
499 378
732 2080
1428 1373
882 145
2215 685
2890 2686
1531 1518
145 1863
339 1839
2903 2519
2830 2655
1211 1356
378 2936
348 378
1626 2519
1518 351
2619 2169
771 928
554 1831
2360 2541
2655 1247
2727 378
500 1904
1754 2686
1638 685
1793 2060
2445 1810
2750 145
620 145
149 145
2445 163
1977 899
378 963
2712 866
4 526
145 1629
1518 459
941 2517
836 1429
1298 685
307 378
145 378
1373 1627
1514 1831
2109 1839
2216 2261
2396 1606
2254 1612
2231 2995
1717 2059
1526 2566
145 2213
1884 1287
479 1432
293 1287
728 1977
159 566
294 1373
2024 1831
1831 2844
1494 1831
836 2479
2619 215
2447 2686
378 628
1798 2583
378 2744
2714 2221
1977 378
1120 2853
678 997
2425 501
26 1831
378 1430
1507 836
2919 2425
2176 2216
1526 27
1432 2143
145 113
997 1829
43 1831
685 716
2595 2220
685 1981
1139 2583
1305 378
2494 2231
896 1432
1831 1777
1793 1472
185 378
2904 1287
526 1303
1814 1287
1024 2641
2364 1287
2446 1977
984 1287
1373 156
989 1518
2825 378
187 1287
575 1432
651 1373
378 2598
2080 1171
1977 723
2619 1879
1287 2978
1831 1039
185 2828
2658 685
1543 1977
1518 1440
145 2477
2970 378
1432 2006
2548 1287
1432 2663
145 572
2628 2080
1831 371
1237 1526
378 1364
2659 271
2508 1020
1612 2122
1831 2246
944 1526
1024 59
1246 1831
2409 1831
378 2377
741 2220
2259 1287
2519 2652
249 1432
148 1977
105 1373
997 1785
378 1215
869 1518
1120 2962
1373 758
378 2723
1831 443
2497 1498
2754 1287
378 1289
1287 1908
1024 1806
2266 526
1373 1903
2220 884
694 2458
265 1612
378 482
378 2352
524 1977
2712 364
526 970
2822 1564
1831 218
1372 1518
1518 1873
1571 1287
526 2810
378 124
750 1977
1708 1437
1016 1518
1432 192
1017 2445
378 184
2418 1717
2425 2854
2290 1287
137 1831
383 1287
2809 1518
2619 690
1831 2322
145 1916
1688 2908
2714 1836
2722 1287
1812 132
526 1936
2445 1645
1211 1684
2700 1432
403 771
1943 1839
2686 25
2445 2608
2575 1831
378 309
2120 2619
2442 2714
475 771
997 829
2831 526
2657 2445
164 1437
2495 1211
1900 1977
378 1716
2712 2697
685 2081
2839 1287
708 1432
2217 1839
2216 1126
2619 1132
2199 378
1287 1378
1977 216
1207 836
1398 378
883 2686
2688 1287
771 1266
1203 1831
1287 229
488 2080
1563 1688
126 378
1041 378
145 2820
637 997
1287 2745
526 1924
997 2504
2874 277
1287 2075
997 697
526 91
2216 1575
2445 870
997 1093
2323 145
1861 2400
1977 2344
2318 685
474 1373
1120 580
1977 2931
1211 1473
1831 881
378 1189
281 1373
1592 694
1217 378
2585 1518
2231 312
1424 378
539 2307
760 2080
1977 2554
2445 1442
145 1640
2583 2461
1287 695
1624 378
2583 2506
2990 1518
2055 2619
2671 1287
941 2601
1149 1831
1146 1518
1120 2576
1518 2543
1211 525
671 378
2178 694
1977 1008
787 1612
1581 1839
378 2070
2065 378
577 1287
2838 1688
997 378
2223 2619
1432 614
2738 2664
2080 2930
1717 1308
1831 325
1287 2441
2655 136
606 2212
1831 1929
1468 1977
1287 1502
2359 378
1287 2106
378 2184
2519 2867
1373 1866
1864 685
2145 1518
702 145
1717 738
2361 378
2235 1432
378 1792
378 805
2462 1538
1858 1275
2712 1213
1831 2841
1518 2285
997 1148
38 1287
2149 2220
2508 1287
2239 799
1552 378
1831 2341
1287 7
997 2336
378 2835
996 410
1432 2029
1518 2159
1831 388
235 1120
1518 2329
1273 997
1412 771
722 2822
1665 2028
2419 1831
1315 685
1697 1287
1676 1432
1513 145
1831 1274
427 1899
2951 378
378 1120
3000 1287
742 370
1211 913
2531 2712
1373 2600
2686 2207
2199 2637
538 2822
468 2220
1432 2148
2902 2655
378 2238
1373 2269
2316 526
1287 1147
1978 721
185 939
2083 1373
456 1299
2445 211
1978 378
566 1435
378 566
740 2425
1287 1805
1799 1287
378 1211
439 685
1852 1831
2400 808
2445 2188
1968 1294
1977 1098
1373 2833
2445 1195
1518 2573
1432 675
719 526
712 1120
2286 378
997 2530
1518 1431
407 1831
1014 1006
566 2480
1069 997
1492 2655
2268 1432
771 1727
2686 87
997 2117
1839 1248
941 8
566 2088
2578 1540
1287 1302
2583 672
995 1287
1831 153
519 1831
2779 2655
1831 2179
2708 526
297 378
1977 2546
1725 1287
378 1721
1656 1831
2655 1892
1287 725
378 1436
997 1901
566 1600
15 2199
762 1287
1717 191
2559 378
1179 1977
1373 1467
2445 796
452 997
1432 12
369 378
2360 1415
1771 2220
378 2874
815 2583
968 997
526 811
2080 523
1439 1977
2155 2536
431 566
2445 1258
623 2619
2368 1432
384 1518
1748 2619
2940 378
1432 2466
1867 526
378 1687
1120 2676
2521 145
477 378
378 832
2712 656
1518 1720
1652 2445
1831 355
2510 1287
2992 1432
2895 1287
1003 771
2686 1393
2445 2278
648 1831
1826 112
2725 1831
2712 584
2003 378
566 2236
724 1287
2710 566
2728 2712
2445 2271
526 2760
2900 2445
526 255
1815 1518
1831 1022
1977 2532
2758 378
1432 2827
1031 1373
2512 145
2619 1840
894 2756
378 2655
1889 2445
1831 747
764 2325
2275 526
2445 2298
378 1958
1882 2515
2414 2080
2454 1518
1846 526
567 566
997 2411
378 1839
2102 2686
2381 2445
1287 1363
1839 1918
378 1692
393 671
1831 2843
1790 1518
2220 219
1287 2091
2586 1432
2654 997
2017 694
2445 936
2396 2724
1940 1287
378 1437
378 2621
1851 526
1401 145
1831 258
2360 1515
666 997
416 2655
2050 2583
1281 1373
2423 1717
1287 1092
116 2216
1585 2220
1839 2866
2257 1717
1252 1831
2225 2686
1980 378
2431 1831
1839 2039
2945 526
1373 1962
125 378
510 566
1432 1562
2220 676
1287 1250
1700 1432
715 1518
378 313
80 2445
1831 2422
414 2619
1977 930
1120 1649
1196 1738
1287 75
1518 1880
363 1831
2008 1831
855 1977
748 526
2686 1750
404 378
997 1887
1518 1406
526 1744
997 2964
2167 685
63 378
378 2125
1518 2165
996 319
2231 2372
1518 1128
2619 990
2277 378
2216 1776
2384 2220
2216 378
1831 2170
1518 1094
1767 2619
526 2527
2135 1120
526 2041
378 260
1842 1211
765 1373
2686 983
1373 751
1432 202
2553 328
2231 844
972 671
2583 2380
1214 1000
1287 2614
1831 551
526 1423
429 691
958 685
1517 1831
123 2351
2583 188
2699 1287
2619 854
1120 1845
378 2425
1432 2013
1616 1120
2220 2417
496 2619
1831 2204
2410 997
2591 2619
2068 1432
694 1690
997 2607
2155 2819
526 949
2253 2445
2080 318
2199 399
1904 1881
1989 2080
1075 378
487 2360
1709 2822
257 685
378 1208
1287 418
526 518
1977 1979
941 730
645 145
2005 997
2648 2619
1287 1772
890 1287
1793 2783
1345 145
378 1823
2260 1518
2445 1662
2231 625
378 1830
1820 997
2299 2714
2901 1432
1100 1287
1831 733
2392 378
2655 2415
1214 959
777 1287
1446 1432
2445 1953
1560 378
2511 1373
1120 314
412 378
158 1432
2128 2231
1831 982
736 1120
2589 1738
1214 2404
1481 1518
1977 2799
447 2244
378 370
2846 2578
1287 1854
2522 1977
771 382
836 1532
145 1885
781 2231
526 2291
2944 1287
2897 2220
941 401
367 1717
1688 280
1211 2703
130 1373
1526 1703
2714 1154
2615 1612
1374 1287
378 2686
1276 378
266 2655
2231 757
1307 1518
1518 981
173 2619
1150 1977
1717 42
1977 667
975 1432
378 2996
2906 1977
2597 1518
1558 271
522 2655
2664 2160
1623 378
2885 1977
2116 2686
378 2443
2616 1432
1286 1373
378 2910
321 2664
1518 834
2206 1831
378 2396
836 2180
2328 1831
2031 378
1432 2164
1278 1373
1831 2882
2655 186
1839 2058
1007 1287
2425 2393
2421 1432
2445 288
526 2147
1287 1797
167 1287
2662 2094
145 2027
526 1197
2407 2553
2712 1816
1688 1443
1399 941
1501 1214
480 879
1120 380
2822 1524
766 1518
2258 1287
1994 2686
1373 2420
2425 2320
1050 1839
2719 1120
2533 1201
1793 1605
1352 1373
2712 2274
2360 128
1373 2860
1518 1034
2445 2010
2332 1287
2542 1518
378 1862
378 826
2619 2713
1717 428
2609 997
246 1120
378 786
1120 2370
72 1688
262 997
145 415
1135 2655
997 653
2300 1717
1977 1028
593 1432
1718 1839
1631 1977
2998 996
112 95
1004 1432
1907 145
378 2239
1487 1793
2714 1367
2373 566
2822 1756
598 2655
1732 2583
2445 1259
1236 145
1677 1518
1373 1660
685 1067
2807 1432
1432 389
1839 2025
2539 1831
1071 1214
2655 2929
615 1831
771 1232
633 2231
1526 1471
1076 988
1287 2034
1518 1251
2009 378
526 1530
1706 1432
1818 378
2959 378
378 1597
2425 49
1214 816
2220 2802
706 2583
1287 2186
1206 378
2804 2445
2519 437
1462 1287
2836 566
1593 1518
2912 378
1874 378
2757 1186
1157 2619
2445 2057
2635 145
2686 1557
2580 526
2425 2966
2062 378
2250 1373
2655 2946
650 997
2080 2233
2231 378
234 145
2265 2425
997 64
1518 419
771 406
1444 1287
602 2553
2216 905
1839 2856
2360 1087
2171 997
1282 271
1287 2405
773 378
731 941
1977 58
2187 2220
1086 771
378 1717
526 2625
872 378
2503 2445
2413 1831
1788 526
378 2778
1831 1064
526 560
1049 447
378 2358
1373 1672
526 2821
1105 2519
606 424
1432 1188
2753 1373
2569 694
1961 145
931 1977
2655 1121
2986 1120
1287 1536
2686 2705
2326 2822
2712 65
783 1508
1506 1518
1201 1287
1607 2080
55 1518
1518 668
997 53
20 378
1 1831
889 1518
1287 68
2078 941
2619 2987
1831 895
1172 997
1373 2763
233 1373
2205 1287
2445 485
2619 2108
1604 997
208 2445
1068 2080
2712 1912
526 405
1906 1977
1518 2858
1181 1120
771 2741
2619 1945
1053 1831
1480 771
1287 1566
67 1287
526 1229
1291 1831
1120 1012
89 1831
39 1518
1899 440
2583 96
790 997
1519 378
240 997
2519 2730
2686 948
322 1120
1831 879
2619 347
1850 1518
1538 378
1539 2519
771 2312
1376 1287
852 606
875 1793
2680 1831
1076 85
1287 409
921 1373
1287 2339
378 1526
1993 1831
526 342
1120 1565
2686 1449
1905 1518
2445 570
571 1518
539 1036
694 670
1287 1166
23 997
1091 1839
1287 1646
1287 2905
1632 1518
1831 707
2734 941
2520 378
1408 1432
1287 422
378 1073
1792 54
1831 2581
888 2655
526 1288
2712 420
2199 2592
2711 378
1526 556
378 2665
2714 1261
1518 2588
372 771
1120 517
378 1373
1120 2021
753 1275
526 513
660 378
1287 2460
1831 1765
1120 2267
1287 647
1977 874
378 2220
145 70
2871 1211
1717 2087
2943 2239
1432 2156
1839 2390
2445 2348
2619 1909
669 2874
2032 1738
729 1076
2445 2463
1117 1201
1287 1168
332 526
1287 2490
1518 1136
2743 1518
1432 1848
2913 2553
1318 2583
1287 1275
1287 2092
2655 22
378 1133
1287 171
1831 1212
971 2445
1831 2540
176 1526
378 1021
146 1287
145 711
2445 2582
2177 145
378 2497
1739 378
2907 1977
2450 370
526 2110
1287 932
694 710
604 2445
1360 2619
2764 1287
1831 578
2231 1724
997 1743
2218 2445
2445 1382
378 2049
62 2220
858 2619
273 1518
2874 100
694 696
2664 478
2486 1287
685 2161
624 2519
526 784
1518 1078
1738 378
997 579
1432 1134
1076 446
2155 1198
1289 2893
531 2553
997 360
1518 1578
1187 526
1680 378
378 175
2428 1518
1977 2077
129 1831
1977 2292
755 1373
2445 2505
102 145
1678 1831
2028 1926
2790 2445
1888 526
1831 1617
997 1183
2549 1793
1432 2787
654 1287
2798 2756
1831 203
756 2519
969 2619
2551 2396
2360 2925
800 2553
2989 1526
640 1518
526 1125
1287 900
2445 2801
2208 997
566 2629
2231 802
1827 1287
1917 2712
378 271
526 535
378 2718
378 112
1831 638
813 378
378 919
845 2712
688 1839
1977 1952
1831 2438
2863 1518
279 2360
1831 2877
1287 2690
1287 2667
1326 1214
2403 1287
685 2826
2563 378
1518 1018
1775 2578
1106 526
1904 2345
1526 2185
2583 1231
2976 378
1358 1831
2822 378
1518 86
1518 924
1844 378
2166 1373
2155 378
1432 2594
771 1696
1819 997
2941 2396
1831 2956
526 1701
2061 1839
1573 1831
2296 1432
1432 1209
190 685
378 871
685 2806
998 2080
2793 378
997 2681
1287 1559
1287 2973
1762 1831
1120 2749
2823 1899
1287 226
1642 1882
1800 2445
772 685
1839 1269
1287 2046
2686 1723
1831 929
1287 891
492 2080
618 2220
2514 685
145 1704
2216 88
154 1977
2182 2619
1509 378
2408 771
1717 131
145 2915
2655 2869
541 1977
320 1518
356 2686
566 2968
2832 606
1971 771
378 194
2199 2524
1717 562
378 2052
1357 145
2942 1831
144 1432
2772 2231
1275 1370
1518 2295
1831 1044
1792 848
2922 1373
2673 1287
1076 378
1496 1839
378 2777
2382 2714
2655 317
2794 1831
547 836
1791 2216
1839 865
2716 1214
1831 953
2584 2199
2118 2686
378 1324
1137 2231
135 378
2528 2155
1839 305
1977 1527
1287 122
145 104
1493 1287
2435 378
1495 694
1590 1831
486 606
2583 1210
1518 1752
1518 2468
2400 2889
2619 2191
2805 997
836 224
849 771
1299 378
449 1831
1518 11
1831 2107
2360 378
2134 1287
1831 90
1432 986
1831 2626
378 2374
2604 378
2216 759
6 1120
2000 997
1831 378
1518 860
2686 1965
2619 101
2237 378
980 1831
2090 1612
997 227
2670 378
589 1373
2857 1526
370 329
267 378
2924 378
2079 1199
1518 532
378 1088
282 836
1287 2717
2425 232
2553 683
629 1432
2369 771
2343 2425
876 378
361 2583
837 2231
44 1977
2360 1116
2627 1793
2445 142
2455 2079
1621 997
1103 566
1470 1977
2837 2686
2445 2154
2712 432
251 2445
2712 1923
1554 2220
1120 2452
1763 2425
1518 717
145 600
378 2817
1432 143
140 526
603 1181
378 1568
1224 1287
745 1518
1214 498
1287 1333
526 411
493 1518
1757 2664
1287 483
1831 1537
526 1572
1456 2714
1432 1033
378 1877
1255 2583
1717 1390
1019 574
685 2752
1214 1553
1518 952
886 1120
1977 2933
649 2686
2619 378
2445 2069
819 1978
1167 526
1331 1526
1526 2194
2619 847
2999 378
997 270
1070 1432
378 205
3 1688
2583 1497
1518 1847
544 378
2294 1287
193 1373
1832 2360
35 1120
335 1432
1518 1611
1817 2655
2214 2583
1698 1831
2387 378
827 378
1346 1373
2445 776
2360 530
2619 2023
1996 771
1287 481
1751 1904
512 997
2848 2080
1287 754
378 2304
1998 2519
569 997
1636 694
2578 378
378 734
997 2876
1176 2400
1831 2596
526 590
1394 1142
997 817
457 1432
1373 2862
941 646
1574 2216
1409 2655
145 2202
2072 1518
2686 1051
1177 2519
1301 2360
1287 1054
1831 2898
2481 685
230 378
1834 2445
526 1561
2519 1228
1518 789
2054 1977
774 2619
2583 397
1977 642
1202 1287
2686 2704
198 1287
1432 616
1219 2445
1040 526
2229 2583
709 1831
2255 2583
2496 1287
2814 997
445 2686
2571 2080
2926 2231
2440 1432
2583 2498
1102 1688
2519 1778
2612 832
1802 2664
145 2436
378 1432
306 2216
2997 2216
2400 1833
682 1738
378 1253
997 2284
1432 933
283 2425
33 996
941 2911
1204 1287
2751 378
1518 199
997 1681
145 973
612 1287
2019 1793
1831 2305
2534 1287
526 1097
1432 1035
378 2666
2675 378
2360 1555
2199 2623
2151 1518
1351 1287
526 1705
1518 1129
1666 1024
566 552
2583 1859
1287 2845
1717 2526
1599 1793
2544 1437
1383 378
685 1241
526 1808
2655 828
1831 2918
1264 145
1296 2583
823 694
1096 526
2445 36
2619 2502
172 2686
997 2921
1821 378
1373 1379
1107 1432
290 1287
997 2574
835 378
378 1118
546 378
2152 997
1601 2497
2080 2427
2445 1545
1831 2137
1518 557
1970 2874
213 941
1837 378
1275 587
37 1287
803 997
2552 2686
378 2748
885 378
694 1072
912 1518
1740 2220
2756 378
1001 2583
141 1831
694 573
378 2287
1675 1373
2583 378
1220 2970
268 296
1977 310
1615 2094
1976 2712
2327 2400
1451 2583
2864 2619
685 2076
2920 2822
536 2619
999 2619
962 2519
526 1190
1023 2619
1966 2231
1432 1556
1396 1831
2220 1650
2983 694
1432 2119
934 526
1373 684
1831 1691
433 1977
1693 378
2726 378
873 1518
2712 2132
1822 1373
2080 2245
2619 396
108 1432
1977 2550
1287 1988
2655 1355
2020 1977
2712 253
997 1489
1373 809
97 1518
2227 378
2822 2333
997 2693
2400 285
1032 1831
1434 1518
145 947
997 1119
2631 941
107 1977
2445 515
1043 1518
903 566
378 2834
326 997
2655 993
2788 1518
2735 1738
1120 591
1964 2686
2553 718
1287 201
2721 1839
1831 2579
1432 2488
1287 2064
1522 526
1287 1141
1831 2473
2216 1380
2712 79
147 526
1287 1386
564 685
1843 997
2220 1084
2650 2400
1695 1977
1432 2861
997 1610
553 1287
378 2847
2224 1831
1432 1603
526 304
1287 77
997 2015
378 2243
1526 461
1151 378
471 1120
1780 378
1287 2599
1595 1518
997 2773
1870 1287
1612 238
1373 2033
1516 2712
1342 1432
1679 1432
2319 2445
2583 2784
2686 2306
1977 2099
378 2558
1796 2874
1165 1398
1432 2518
207 1287
1614 2686
2445 2252
1694 1526
378 2519
2984 1287
378 1731
1432 2683
1831 438
1010 1432
378 2630
139 694
997 1175
586 1518
1164 2712
566 1038
1287 1061
1753 271
378 1967
1200 1831
1518 1584
189 1287
145 1469
714 2425
771 2363
378 892
1432 2606
2080 2786
2640 1518
592 1373
1683 2080
997 1883
391 2619
798 526
1831 1304
1432 1026
1518 2568
1432 1341
613 1211
1287 1249
378 606
1432 2770
859 2619
1783 1287
1831 2644
2350 2822
1518 792
2619 864
1518 442
1485 1839
378 2402
1211 1465
997 2954
594 1214
2679 941
18 997
2759 145
1377 2686
1518 357
916 2216
2220 659
701 2655
2686 1602
868 1287
1327 1526
292 2686
1839 1932
1287 2104
1120 2707
2445 2618
2231 2737
1432 1309
1058 2445
2583 1673
609 1831
1432 1233
1528 1688
917 2155
583 2619
2467 1518
1373 2272
1518 1893
2080 2222
539 957
378 434
2360 807
794 378
2043 1275
1491 2712
685 127
526 2766
365 1373
378 2714
2360 2803
897 1831
685 1813
1518 204
1455 997
276 2445
595 1287
1373 2226
2686 1152
2980 378
555 145
1287 540
2519 2426
349 145
2356 2400
744 378
145 331
1688 378
2301 1201
2668 1793
98 2712
1518 2183
1977 822
2619 2133
1432 1959
1287 2815
195 2619
378 662
2220 1625
2948 2664
1432 150
2200 1831
2816 1373
880 2712
1518 1505
2701 1518
300 2220
1510 1612
771 378
1831 1144
1287 2493
1947 378
378 1025
619 1373
1831 354
2706 378
1839 2347
662 1104
497 2231
1520 997
1287 378
956 1688
1977 2150
526 830
836 2865
2712 1180
566 239
1518 2362
1447 2712
2686 2342
261 2425
1529 1518
417 1120
2037 1831
1831 1895
1977 462
180 378
2947 526
685 378
378 1009
392 2360
57 2400
2129 1977
1518 2241
2619 1474
1316 1518
1518 1948
1287 99
2163 378
1831 2851
378 1414
378 508
1920 1424
2100 2686
1287 111
2583 644
2360 991
1526 2985
378 1024
484 2756
378 379
901 1526
378 352
2525 526
2484 1432
1902 378
284 997
2714 2780
887 2619
1831 1637
254 1432
2686 1914
1831 2587
378 1869
941 1569
1950 526
1518 2886
526 1975
1287 247
2938 1394
448 1120
378 1366
2872 1612
2952 996
2080 1420
1120 1570
1024 935
1328 2619
1526 30
145 502
378 681
978 566
1042 606
1287 350
1977 1849
2282 1518
1402 378
1518 464
302 2583
2774 1831
378 2063
2406 378
1287 1267
2756 2193
1831 1735
685 2478
2430 2686
1931 2619
1789 2360
1287 2053
1156 997
2664 385
663 1518
1397 997
1518 2302
1933 378
1937 378
1313 378
378 242
685 2201
997 2189
336 1287
954 29
1287 2547
1526 295
1015 1214
1526 1257
378 334
2444 2360
965 1793
1339 1214
2655 761
2321 378
378 2248
2220 1702
1954 1977
526 1085
1518 804
1598 2686
1083 378
1413 2714
2583 821
1839 2647
1287 2691
2231 2366
301 2009
1287 1927
997 2981
1930 1432
1112 1831
1768 785
1831 687
2686 507
225 1398
1811 1287
1518 1362
1239 685
2712 1736
1831 423
1407 145
1977 1182
2487 941
526 1433
1120 862
1173 1831
2203 1977
1373 1450
378 1612
1287 196
608 1120
378 1985
1518 1655
2852 1287
2113 694
581 1120
343 1831
2095 378
1110 526
2762 1831
2155 2740
694 2572
2619 1385
2483 526
997 2879
1831 2565
1295 378
1381 1120
1214 1657
1886 2619
378 1786
1648 145
1373 516
2965 1518
1373 1898
2434 1831
1287 2471
1518 749
2519 910
1466 526
145 71
1831 476
2256 1120
1287 655
1741 1287
2127 1287
611 145
185 1713
1082 2809
2273 1432
2712 2812
1508 378
1734 2220
1857 566
2712 2617
1977 801
997 700
2686 915
378 1596
1518 2934
1622 2583
2470 1793
151 1287
1831 2960
1312 1688
853 378
785 494
378 1235
378 1113
378 1477
378 1793
1066 997
2209 1432
1526 1410
2712 221
1841 1717
9 1518
526 2247
908 526
1977 2130
1120 2371
1283 1977
1875 145
2537 2583
378 1394
1518 121
206 1831
1120 2353
1831 1619
2011 2445
217 1792
1368 1831
1831 1392
545 1287
1831 2564
1488 2080
115 1831
2400 1957
2338 526
997 1310
2492 1831
24 1831
1872 836
1738 568
45 2619
1192 2619
1193 526
2445 2570
1006 378
941 2437
378 2771
1856 1120
2619 1722
662 2776
2655 2509
378 1294
1432 2071
1432 504
2445 2884
1707 378
2155 2157
997 1801
997 1293
378 2881
2399 1831
212 1518
1479 694
2375 526
526 610
2755 526
138 526
997 657
1329 2655
377 2712
1812 1287
1120 466
1742 1287
1120 1243
1099 2080
1899 378
1411 1839
1963 378
1831 2014
2445 1499
2042 694
810 2619
1809 2360
2583 2398
1831 1459
2649 1831
1977 1737
1831 1391
1688 41
378 1214
2181 1717
585 1518
1982 378
1056 378
1338 1120
1518 2123
1138 685
99 473
1432 2610
2105 997
566 851
1654 378
1005 771
1567 1432
1109 2655
2513 1977
2098 2619
1946 378
2400 162
1608 836
1395 2686
1518 2669
2686 2715
2602 378
1831 117
1518 1271
1323 1688
920 1518
694 842
1287 503
1518 814
2262 447
2080 1865
771 1030
997 1938
2583 2695
1 2811 377186089
2 855
2 1920
2 1298
2 2512
2 2738
1 1760 525390504
1 1358 293438082
1 1617 221716769
2 714
2 151
1 464 952351917
2 442
1 430 109694942
1 2987 650131348
2 1351
2 1562
1 2044 789111426
1 1847 485889525
2 1853
2 1894
2 1724
1 271 958959096
2 18
2 2573
2 92
2 533
1 2168 393998484
2 1171
2 11
1 2777 407690028
2 2734
1 696 429710268
2 2801
2 2026
1 2791 325070270
2 2360
2 1595
1 2240 726776775
1 641 398420195
1 2250 617180420
1 185 243512915
1 2380 835772717
2 2841
1 1363 470636565
2 1682
1 2773 123855775
1 2788 493152723
1 803 104121697
2 2669
2 147
2 1214
2 2757
1 463 248833829
1 821 45252557
1 293 33666450
2 1977
1 2298 556709820
1 2148 102161374
1 2493 75376068
2 868
2 1618
2 296
1 227 205578686
2 1964
2 312
1 1728 18846290
1 860 655741766
2 94
1 233 405067521
2 1764
1 2222 604121398
1 2170 107934528
2 2086
1 741 735637004
2 1051
2 1268
1 1099 270306175
2 145
2 451
1 2139 955752058
1 266 885737556
2 986
2 968
2 2532
1 1824 703468209
1 46 699359583
1 2458 597089224
1 1133 312017996
1 1917 635110043
1 727 936345200
1 2739 118921023
1 1180 731776410
1 1558 470084712
2 274
1 683 610321630
1 2704 840386654
1 2572 947079236
2 833
1 691 240535818
2 741
2 2508
2 2507
1 1531 333419837
1 746 315822998
2 2559
2 2025
2 270
2 2348
2 2898
1 1353 943244383
2 1811
2 802
2 1645
1 1469 683774419
2 612
1 625 577308404
1 1334 313724277
2 1827
1 264 94290832
2 1984
1 101 669973672
2 212
2 1563
2 2364
2 1015
1 1151 283347683
2 843
2 1947
1 1285 860169012
2 1341
2 851
2 2938
2 2573
2 2221
1 1074 454588088
2 1169
1 2486 988432909
2 128
2 787
1 75 575728878
2 2702
1 1180 667367570
1 2468 639933265
2 2169
2 2957
2 539
2 1353
2 2726
1 2097 471533359
2 1794
2 2160
1 723 294376730
1 2834 526313893
1 1053 538906227
2 1364
2 2050
1 1558 378837533
1 2776 349197605
1 2205 284174696
1 1989 738517668
1 612 54741506
1 1301 652261344
2 980
1 1959 534234822
2 962
2 947
1 1378 959949669
2 431
1 1882 617816553
1 1746 817595049
2 304
1 2874 501854937
1 1335 270157159
2 1218
1 1126 425094593
2 167
1 1626 146091593
2 452
2 1471
2 1507
2 2033
1 613 153711110
2 1464
2 1356
1 269 31150929
1 241 673727844
2 1910
1 696 182136057
2 617
1 2851 92181461
1 1704 901819474
1 2671 141068870
2 576
1 1808 609397765
2 47
1 362 717270612
2 1701
2 2067
1 1275 773190406
2 36
1 2827 316341845
2 2808
1 1919 33846691
1 2327 299657941
2 1925
2 404
1 2458 689584916
2 1428
1 2573 392989423
1 648 872211937
1 198 208763119
2 2534
1 991 348491914
2 436
2 2778
2 2181
1 956 789212525
1 1352 100595530
1 1146 909615901
1 1782 987995046
2 2066
2 691
2 844
1 2287 169422480
2 2081
1 2726 250929807
2 2875
1 253 134259011
1 1038 202742487
2 2391
2 230
2 2793
1 2081 580575504
2 961
2 2887
2 476
2 241
2 1160
2 2062
2 2144
1 301 329420500
1 2248 226038470
1 1614 426906022
1 713 826480011
2 498
2 765
2 1005
2 2453
1 1226 860322743
1 1786 593505254
1 1255 322138704
2 2626
2 1832
2 1901
1 145 467531312
1 2391 81036612
1 7 218857770
2 591
2 2656
2 2976
1 955 340499579
2 1734
2 2905
2 1940
2 1173
1 365 601235460
2 425
2 1608
1 1418 367692048
1 1216 317075557
2 1533
2 1860
2 2258
2 459
1 136 568732471
2 2827
1 1810 223418561
1 2410 917549396
2 2922
2 2149
1 1860 43913713
1 1504 359727351
2 1021
1 94 733177043
2 2644
2 1075
1 2704 712481955
1 1846 570557984
2 2507
2 628
1 2422 578383999
2 73
2 1326
2 1537
2 414
2 671
1 2302 357269108
1 2748 12865912
1 931 35245638
1 2300 777490097
1 2760 674247895
1 1476 645297115
1 1276 473437666
2 143
2 884
1 769 880268127
1 699 372308837
1 1028 775065054
2 559
1 138 869284371
1 1735 390541143
2 2923
2 1131
2 2841
1 2300 933142745
1 2689 121911507
2 1917
2 1227
2 1816
2 197
1 596 255755104
1 2179 464878092
2 718
1 2906 600637400
1 22 102153480
1 1542 971109054
1 1933 985637897
2 1946
2 852
1 1055 785214977
1 527 836259582
2 1934
2 2771
2 858
2 2644
2 1985
1 923 577000317
1 2994 364758163
1 2799 392195565
1 1204 277897065
1 442 935402454
1 2085 827383951
2 2902
1 2041 875360994
2 992
2 2221
1 2277 44625326
2 2835
1 2419 772759787
2 2152
2 1673
1 2858 588912982
2 1418
2 2502
1 1607 255358847
2 2282
1 1819 28168050
1 1343 41228097
1 2948 583210154
2 2763
1 1736 265629716
2 405
2 2364
2 2608
1 2028 757306298
1 220 77114222
2 1486
1 2442 701142137
2 896
2 1887
1 2317 163760273
2 364
2 1554
2 1228
1 1534 51253385
2 1943
2 1026
2 965
2 838
1 565 587889768
2 1014
2 2287
1 2420 387264273
1 2575 129392943
1 2229 957945620
2 893
2 2897
2 162
2 1014
1 980 952219681
2 2725
1 884 446897098
1 648 341915292
2 366
1 1083 708890287
1 2201 538730024
1 1161 461256279
1 1241 759111948
1 1081 921241005
1 611 100410286
2 2074
1 2743 892389259
1 1083 869440783
2 2707
1 799 671219144
2 326
2 2992
1 11 792902468
2 2978
1 2935 405519568
2 617
1 1398 527761276
1 374 889745172
2 2442
2 2815
1 2388 302710833
2 2638
1 2054 670195224
2 116
1 976 96854488
1 102 807832907
2 2091
1 1791 47598085
1 1884 316974428
1 2006 817759218
2 2674
1 178 698788648
1 1530 808771485
2 2357
2 2865
1 1158 555630647
1 274 480439021
1 2849 772104801
1 594 222723791
1 1787 368378154
2 89
1 1202 830073075
1 427 341789172
1 2602 342589704
2 1871
2 2654
1 717 312517739
2 1374
2 1150
2 2860
2 2207
2 268
2 1903
1 756 87162436
1 115 834133607
2 785
1 2214 729775471
1 1187 422381114
2 702
2 362
1 1147 118649415
1 1026 222642648
2 530
2 11
1 1682 773599011
1 1325 806368934
2 2493
1 915 523849125
2 1962
2 598
2 944
2 2788
1 863 601935268
1 2041 356977302
2 1987
2 534
2 1153
2 616
2 711
2 2451
2 2485
2 2031
1 1513 865850356
1 1786 776434397
1 1098 278924976
1 2287 148110860
1 1491 571372827
2 199
1 2027 452518504
1 2813 93541760
1 1972 651239025
1 1855 738645294
1 18 21416012
1 1378 210304525
2 148
2 997
2 568
1 251 659785176
2 1451
1 530 116902326
2 136
1 984 322317023
2 2394
2 2359
1 1708 708050677
1 310 144482416
2 319
1 563 269737172
2 2852
2 1055
1 2147 562720834
2 698
1 1164 925023457
2 2335
1 2701 55468328
2 802
2 28
2 2800
2 1686
2 1702
1 2280 234625667
2 301
1 2941 504588358
2 1220
1 2783 666266922
2 2792
1 2058 185592820
2 1945
2 983
2 653
1 429 371655303
2 1666
1 565 672063072
2 1167
1 239 61107386
2 1859
1 616 655150664
1 1024 81397826
1 2030 991424512
2 2074
2 741
2 196
1 1523 878178301
2 1146
2 2009
2 485
2 2469
1 907 947808181
2 973
1 2973 575282872
2 2173
1 2726 198772240
1 43 799037822
1 1433 475805715
1 961 136142649
1 2123 191787043
2 564
1 883 213535332
2 1396
1 1214 432823486
2 964
2 1246
1 387 251554663
1 1667 254294721
2 1018
2 1659
2 559
2 632
1 1051 740484445
2 1528
2 472
2 1697
2 2142
1 109 525005768
2 2198
2 1699
2 2686
2 1160
1 2423 644048984
2 1228
1 317 564261349
1 2672 522956061
1 94 431508246
2 1344
1 2070 334695195
2 2508
2 369
2 1588
1 1513 799213170
1 1051 691497479
2 872
1 11 934390223
2 2769
2 251
2 955
2 1806
1 182 366172912
2 2828
2 2267
1 590 487346949
1 1109 472234994
2 1845
1 2621 402754320
2 842
1 2453 303591880
1 796 267787162
2 860
2 102
1 1851 395680832
2 72
1 109 968739283
1 2080 550453914
1 1653 237401246
2 552
2 1251
1 1810 318110404
1 2920 319717145
2 1147
1 916 676890998
2 1717
1 1540 684458076
1 2064 921841913
1 936 654191181
1 651 919142156
2 61
2 421
1 2431 237231566
1 1330 923049817
2 1434
1 1419 895447507
1 1433 848512405
2 325
1 2343 586877897
2 878
2 85
2 500
2 1629
1 72 314778268
1 2749 475361133
1 2178 804224295
2 686
2 2773
2 2255
2 940
1 2476 862187713
2 1654
2 2636
2 1199
1 26 993262392
1 1255 141263934
2 1714
1 376 357131668
2 2791
2 275
1 1019 824450027
1 2555 434768436
1 1296 207821234
2 133
2 2934
2 479
1 1020 670675366
1 2567 766391598
2 1067
2 2806
1 720 310293153
1 1238 71279152
2 1561
1 240 459488930
1 2219 733866430
1 1961 299890317
2 1826
2 2439
2 1321
2 2127
1 1555 830935890
1 1938 736493964
2 2866
2 2344
1 959 323628960
2 2028
2 946
1 2289 133678160
1 907 594618664
2 156
2 897
1 2955 52878283
2 1122
1 1901 609293575
2 1818
2 506
1 1240 459914090
1 1221 561420158
2 1174
2 385
2 592
2 520
1 2512 184710714
1 410 728802838
2 384
1 2228 366557189
2 313
1 2840 274743597
2 2418
1 2141 359813821
1 2339 439547611
2 463
1 1355 639364310
1 2817 880737961
2 1600
2 928
1 830 132838425
2 1442
1 2338 788652251
1 2488 782682873
1 472 461343724
2 209
1 2906 524137520
2 1208
1 419 123533285
1 8 624291142
1 972 435197889
2 1061
2 765
2 885
1 2503 707226240
2 1927
1 1081 370498719
1 1483 414318879
2 2048
2 2068
2 1403
2 2378
2 21
2 1172
2 1317
2 932
1 2388 319990428
1 1620 25801493
1 1054 783421575
2 353
1 1436 876739360
1 85 462985130
1 80 201028855
2 2258
2 1369
2 1653
2 1544
1 1496 831956946
2 419
1 1819 622125786
1 376 348166594
1 2412 715210928
2 1941
2 1604
1 910 724778044
1 333 515454256
1 1463 757209691
2 1643
1 36 570504152
1 1544 343936393
2 6
1 155 855828743
2 2096
1 657 682577669
1 2458 915213212
1 2117 147486587
2 2204
2 509
1 2069 486692110
2 1078
2 1013
2 2066
2 952
2 2232
2 2725
2 355
1 2151 621938690
2 646
1 1163 86933518
1 2927 254558669
2 314
1 1994 521335448
2 1160
1 2545 890295557
2 2821
1 1625 185454308
2 658
1 312 788375998
2 559
1 1172 784861586
2 523
1 333 78444239
1 460 533146893
1 1239 283956114
1 1425 385347580
1 2362 838562338
2 725
1 1651 472592041
2 2613
1 631 252762676
1 1997 829258737
1 694 484745964
1 1734 604542832
2 733
2 1251
2 1359
2 270
1 2774 397296752
1 581 431790856
2 2445
2 1930
2 792
1 2849 888766440
1 1999 728035877
2 1436
2 584
2 1796
1 1139 212225311
2 2089
1 2715 813595247
1 2078 745354157
1 650 195946281
1 1365 46533912
2 2772
2 2258
2 2408
2 2461
2 1635
2 488
2 2239
1 2442 310578924
2 2283
1 2460 924357381
1 2586 283288819
2 635
1 1345 88089153
1 1974 211920691
2 2948
1 1970 894999920
2 1721
2 2042
1 969 426824327
1 1339 882859172
1 2811 937099805
2 2688
1 2241 609444162
2 1858
2 608
2 1659
1 1731 735940065
2 1900
1 1319 843077380
1 1372 803165348
2 558
1 323 568093856
2 1949
2 2342
2 95
1 476 772881632
2 878
1 2129 937282301
2 360
1 1827 37834620
2 855
1 2002 743730699
2 1892
2 827
1 1766 356303023
2 2552
1 2926 797787495
2 1961
1 1670 591743705
1 1094 782344887
1 2330 259373669
2 1960
1 2646 506850290
2 1901
1 265 701430190
1 860 637392524
1 1913 471649031
2 2697
2 2447
2 1770
1 389 916559676
2 2905
1 2070 508577686
2 619
1 534 653256516
1 2754 317836715
2 2939
2 1511
2 562
1 171 190103654
1 46 970090830
1 1374 618490817
1 1733 716887183
1 808 470665410
2 2828
1 887 473533665
1 2061 201700001
1 1497 678928035
2 2198
2 2699
2 932
1 2305 899944672
2 2425
1 1816 598893487
1 1427 586325306
1 1314 838436035
2 46
1 1193 877897683
2 1107
1 1462 656315276
2 769
2 1867
2 2532
2 1286
1 156 745101291
1 2543 635478081
1 1953 693205367
2 589
1 1236 987262569
1 1109 583662008
1 2352 796244181
1 483 684774023
2 825
2 1909
1 172 273824751
1 2996 437584106
2 600
2 1677
2 1652
2 657
1 490 847494401
1 608 533060728
2 628
2 1012
2 2253
2 1948
1 2065 26509237
1 446 667657706
1 1184 895162228
1 1961 124948336
2 1727
2 1442
1 2688 967174355
1 903 37020654
1 565 47225749
2 810
2 2920
1 726 591292889
1 2597 667452229
1 1015 714179120
1 866 618975496
2 470
1 2662 955754450
2 571
2 1930
2 2935
1 612 351622874
2 232
1 1378 600665237
1 2631 537816654
2 669
2 488
2 124
1 1281 75595035
2 2364
2 1302
2 750
2 906
1 1720 424793892
2 1649
2 23
1 1493 993854754
1 1524 148511823
1 1062 434204847
1 1021 621044018
2 2182
2 2942
2 1477
1 856 621842323
2 2073
2 1330
2 976
2 2382
1 2490 684831878
1 278 568213411
2 1794
1 639 869742684
1 1116 234602063
1 1334 882597648
2 740
1 2905 203565600
2 1788
1 1799 986863368
2 1351
2 475
1 2013 318895138
2 2446
2 1919
1 860 36041796
1 1276 328922491
2 2713
1 2756 336809986
1 1891 534031222
1 2764 436844201
2 970
2 217
1 2718 195940056
1 233 101300627
1 2241 859171707
2 1335
2 2622
2 1614
2 24
1 2729 783843514
1 2311 20543854
1 1362 23469512
1 2247 947559942
1 1440 272217284
2 2098
2 1332
2 1497
2 1494
2 1293
2 1157
1 2099 957807751
2 2413
1 1672 950852083
2 869
2 1625
1 2975 25201106
1 2455 36430101
2 642
2 2338
1 709 150502516
1 1957 427996335
2 1190
1 2513 524803266
2 787
2 1245
2 679
1 269 90960419
2 1321
1 345 800224312
1 2703 693899968
2 2328
2 921
2 1653
2 2652
1 1770 376664765
2 2493
2 123
2 1992
1 1253 168013406
2 2088
1 2159 850940012
2 944
1 2807 72652872
2 226
2 2729
2 2335
1 1629 768962977
1 1047 819493601
1 1872 944681406
2 226
2 1069
2 518
1 2772 213995446
1 2091 288864311
2 1002
2 973
2 1745
2 1608
1 1074 643315438
2 473
1 1185 119379145
2 756
1 2505 637819278
1 808 855274826
1 849 600118192
2 1114
2 1765
2 1026
1 1392 724373780
1 1519 71267644
1 2418 104249590
2 153
1 549 190261420
1 1183 248361801
2 413
2 678
2 392
1 869 933396250
2 1131
2 2406
1 2606 920705535
1 110 393551247
1 2962 212807519
1 2759 973417187
1 936 545124941
1 2276 347476414
2 2796
2 2221
2 1835
1 717 645834863
1 881 797374365
2 889
1 2631 517769689
2 1467
1 2475 855329189
1 615 180279283
2 665
2 308
1 866 217716260
1 926 814743683
1 2163 916938714
1 1521 102659189
1 2552 213745625
2 1097
2 2137
1 945 15212440
2 301
2 2194
1 1836 689185981
2 1678
1 2914 618636734
1 1364 641090212
1 306 579536278
1 2765 226814928
1 55 717983694
2 2486
1 386 627950131
2 816
2 1903
2 2805
1 57 302228282
2 637
1 2841 440275950
1 1417 730635121
1 705 877738281
1 2870 305101975
2 1023
2 109
1 359 774525391
1 2192 668191415
2 2048
1 585 882230965
2 3
2 2871
2 2800
2 2257
2 1434
2 407
2 773
2 2053
1 726 265889173
2 122
2 1930
2 185
2 2930
1 1775 712992366
2 1238
1 1869 889453496
2 1144
2 1359
1 403 307614639
1 2764 221098422
1 2429 412404101
2 2008
2 746
1 495 122720900
1 345 209289848
2 2979
2 340
2 114
2 138
1 2968 556738732
1 2608 361362393
1 2723 846099361
1 2641 313399988
1 263 394655176
1 2185 327813505
2 312
2 1553
2 1247
2 1127
1 1631 85006005
1 2996 42447435
1 1242 124330144
2 2731
2 2950
1 2584 530371019
1 1628 659569962
2 1126
2 75
1 1308 223721708
1 977 718452818
1 833 406502198
2 1539
2 2014
1 2158 222784962
2 1180
1 1109 977986465
1 1991 820944774
2 1453
2 1017
2 2902
2 2171
2 2843
1 88 771768432
2 533
1 1347 36038728
1 1171 408585057
2 819
1 1638 848648189
1 1053 430527287
2 843
2 1170
1 609 85729662
1 2144 976730785
1 428 517767021
2 1854
2 1418
1 1147 29566953
1 405 813254083
2 423
1 1216 851429106
2 2181
2 71
2 1616
1 1432 752789997
2 1333
1 1551 628270712
2 2816
2 1322
1 2745 806028308
1 2457 424858269
1 873 407811727
1 2305 797994661
2 2816
1 2201 669384526
1 2442 740727258
2 174
2 267
1 563 157339120
1 1247 395951958
1 1315 910585042
1 1758 81650427
1 1930 976384412
2 2830
2 1889
1 2777 346036310
1 1594 325365918
2 146
1 1965 130009017
2 1915
1 209 331182585
1 1306 277995914
2 2125
1 524 125396963
2 1415
2 2320
2 2869
2 1176
1 2868 718219323
1 1348 526584470
2 1414
1 1041 656727521
1 1353 733658153
1 2193 923927213
1 4 193072405
2 955
1 1827 472513915
1 525 647283159
1 366 171912763
1 1608 884272766
1 2701 950840628
1 2684 587818482
1 1136 703235672
2 228
1 229 353645070
2 491
1 1225 787740877
1 120 909037355
2 2148
2 2599
2 1279
2 921
1 2400 471169420
2 1645
2 1032
1 2232 888225941
1 228 917405094
2 106
1 522 237327209
1 801 653069304
2 2764
1 866 282124632
1 1146 953761454
2 910
2 2444
1 1003 335714727
1 934 566953350
2 652
2 1736
1 1458 577807400
2 1109
1 1554 59270304
1 3 610271981
2 1650
2 27
1 2463 160421307
1 906 346485805
2 2690
1 65 983055569
1 1644 948734687
2 296
1 2045 843490722
2 1841
1 2020 801005388
1 2290 658875964
1 1530 424028700
1 1387 672099686
1 1689 26919703
1 1611 380314049
1 892 894361860
2 701
2 1863
2 2847
2 1562
2 2109
2 1832
1 922 461052946
2 1350
1 1527 71535032
1 2905 929838938
2 720
1 207 651075724
2 2164
2 90
2 2572
1 2841 523037514
2 1838
1 1208 381826101
1 2259 34914745
1 2082 743450793
2 1871
1 2532 612768561
1 2528 859694099
2 2237
2 90
2 740
2 1528
2 153
2 1710
1 1631 189319464
1 605 138200818
1 2448 875835172
1 1704 406387754
1 2754 696973789
1 1902 759212373
1 1922 659671813
1 167 430717690
1 2040 655127107
1 947 91116014
2 2834
1 2696 949397867
1 2916 967690888
2 2779
1 2870 316851395
1 690 158026841
2 255
2 1976
1 1082 889641352
1 2881 92615313
2 2798
1 1791 570796147
1 2907 421643595
2 1941
2 2443
2 1523
1 2054 166330227
2 1746
2 1417
2 609
2 408
1 2127 686637020
1 162 977233544
2 1387
2 461
2 850
2 1907
2 352
1 2500 994657137
1 168 193594638
2 1389
2 128
1 656 330759480
2 1807
1 2068 62611181
1 1570 606210066
1 926 935259790
1 775 394509653
1 457 46903329
2 1271
2 675
1 914 144222812
2 1041
1 503 153957402
2 1390
2 2466
2 1198
2 2273
2 2024
2 1129
1 1723 131685633
2 2541
1 81 215192822
2 2680
2 571
2 1356
1 1004 914327460
2 1995
2 2073
2 589
2 2167
1 2729 81820523
2 1983
1 1456 483625014
1 2158 326882079
1 614 816611926
2 2785
1 2292 428635888
2 2296
1 363 816570123
2 2632
1 98 853330789
2 1526
1 2891 876634008
2 90
1 1369 980563566
1 121 738760921
1 430 700078466
2 1935
1 587 854225432
2 107
1 2784 661772094
2 435
1 829 907829539
2 2291
2 1536
1 457 905102389
2 1665
1 531 838015878
2 1811
1 1996 12982827
1 1701 3835109
2 180
2 1793
1 2222 543792862
1 2995 648697378
1 1750 290356897
1 293 454902029
2 1435
2 601
2 1482
2 1487
2 2021
1 448 964177833
2 515
2 1211
1 1352 72363944
1 79 596151088
1 2990 275557701
1 1057 733883029
1 948 48121782
1 2432 750629134
2 16
1 349 510685437
1 2712 758926360
1 2327 837812646
2 2582
2 1743
2 12
2 2304
2 236
2 2915
2 1396
1 2648 456786693
2 2249
1 1360 142475778
1 2202 699877989
2 681
2 2319
2 2914
1 1779 428077800
1 457 851700582
1 1606 852557537
2 2458
1 191 325153292
2 761
1 552 196927597
2 1434
1 75 238908838
2 192
2 380
1 4 197243473
1 2560 831344997
1 480 265854570
2 998
1 43 595269150
2 715
2 1021
1 195 701283486
1 382 375113975
1 436 593160224
2 2163
1 2302 413882186
2 50
1 1738 877850392
1 2047 432437299
1 968 350075008
1 494 506483131
1 860 648667948
2 2291
2 1474
2 943
2 2560
1 2460 122557565
2 1723
1 2684 220803075
2 270
1 2014 463662799
1 1239 438039138
2 641
1 51 876132044
2 1117
1 1292 703204390
1 302 425048183
2 1128
2 2835
2 317
2 2623
2 922
2 2502
1 792 384165992
1 2140 545331965
1 2906 79016012
1 1337 334250198
2 1282
1 1784 962838027
2 2357
1 121 491174445
1 2640 156707164
1 2308 328673981
2 235
1 560 224207878
2 2486
1 2123 332865850
2 1234
2 59
2 794
2 2357
2 1162
1 509 729133362
2 1767
1 2535 513268726
1 2272 335237850
1 1612 277696900
1 1772 475091996
1 1191 785281734
1 478 637983201
2 497
1 1125 265183347
2 610
2 2823
2 1339
2 2879
2 353
1 2485 668530248
2 355
1 2190 964279483
2 1845
1 1325 702696995
2 1078
2 1913
1 1232 341850313
2 2831
2 480
1 1243 704977338
2 670
1 841 37909717
1 333 572367138
1 2017 265407585
2 2654
2 812
2 2600
1 176 227376751
1 2540 350799016
1 2403 92643214
2 1327
2 654
2 368
1 1545 42271790
1 1635 178161245
2 2847
1 1085 632244553
1 2265 883534942
1 2171 37183829
1 104 115726420
2 629
1 1637 579093458
2 263
2 1300
1 2626 879796192
2 618
1 2823 581613450
1 1908 732742462
1 20 206042525
2 2409
2 2523
1 497 887062917
2 2592
1 14 868803261
2 2571
1 890 135440435
1 1374 32146559
1 730 288656217
2 2231
2 707
2 848
2 555
2 837
2 42
1 2231 221135071
2 2145
2 1848
1 2473 976243192
2 1999
1 512 205553513
2 301
1 1001 875086326
2 1120
1 67 956813996
1 375 810179879
1 2492 913960922
1 22 471471140
1 261 762454346
2 1938
1 1008 69103044
2 1808
2 2504
1 2250 50586841
2 576
1 2146 171076915
1 1000 5312988
1 379 769431740
1 2396 709160343
1 1957 162731077
2 2366
1 1416 398378651
1 2423 178956712
2 467
1 1112 983870445
1 1535 715334319
1 2454 101125392
2 262
2 790
2 1432
2 1109
2 897
2 1533
1 932 762743260
1 756 586342669
1 2123 167072914
2 2605
1 1698 116267884
2 460
2 1089
1 1269 669816841
1 1521 661521692
2 1165
2 2850
2 2156
2 1588
2 289
2 963
2 1327
1 207 61648517
2 2264
1 1331 554003652
1 2680 572010524
2 821
2 1604
2 1014
2 875
2 123
2 1844
1 692 547002526
1 2921 175318096
1 508 770221792
2 2115
1 1593 660665311
2 2991
2 2797
1 2720 798167382
1 1165 497534230
1 2269 742070606
2 456
2 926
2 2475
2 1842
2 2076
2 1211
2 1796
1 1061 850773509
2 641
2 771
1 771 997715444
2 1876
1 2950 128048459
2 676
1 409 72937405
1 782 947900580
2 2093
1 706 799809551
1 344 76952159
1 1426 274888169
1 571 799655064
2 2643
1 666 93182459
2 2633
1 371 923648
2 2105
1 473 608561577
2 830
2 210
1 181 332361875
1 862 335714035
2 347
1 1858 989189815
1 2713 291701324
2 773
1 2140 108218012
1 2121 86992099
2 1011
1 1613 961142221
2 2691
1 2201 269890523
1 574 781004095
2 547
1 997 712082949
1 856 646788302
1 138 449762488
2 1038
2 282
2 1896
2 1713
2 1266
1 2423 615542817
2 1622
1 2299 283103585
1 423 267472897
2 2270
1 2533 411690374
2 2425
1 48 304150228
1 370 932206080
1 1778 854626019
2 2132
2 95
1 165 476025389
1 1663 805094716
1 413 252951325
1 1102 641474146
1 1068 83805169
2 674
1 1371 141929275
1 1622 111630032
2 703
1 2917 590600635
2 1835
2 1466
2 332
1 1134 134529743
2 305
1 1650 269383195
1 2795 627201218
2 1678
2 2218
1 1586 501251810
1 1810 197212033
1 2237 158544183
2 52
2 1762
2 1840
2 1226
2 1330
1 111 8860960
1 2948 504565248
2 2717
2 1059
2 1583
1 629 989443027
2 303
1 1850 332834011
1 2286 296087805
2 65
1 350 209814751
1 973 403590705
2 2853
2 944
2 2364
1 800 387150783
2 576
1 2400 558359797
2 479
2 2162
2 389
2 122
2 1992
2 1684
2 2066
1 185 610585033
2 22
1 2263 271987005
1 2134 651680522
2 408
2 2403
1 189 877899796
2 2444
1 1202 99942871
1 355 620698831
2 2564
1 878 876349475
1 1354 823534920
2 802
2 1889
2 6
2 1843
1 1125 196440273
2 977
2 2436
1 2359 759655559
1 1926 635145292
2 2271
1 1717 388100997
1 2306 497526815
1 571 864492360
1 2995 737934599
1 1704 546696541
1 1797 881181341
1 2581 747855882
2 2240
2 1145
1 318 974455479
1 1723 194906251
2 643
1 1360 362553740
2 2661
1 382 538528247
2 488
1 481 372347421
1 2006 326003013
2 613
2 2855
1 572 709137126
1 2052 294237261
2 2761
2 1169
1 2116 731500006
1 1146 285677849
1 2408 428967184
1 2821 379715655
2 970
2 1450
1 67 221831292
2 2592
1 1169 437100876
1 2656 485735105
2 1882
2 54
2 602
2 2142
1 1445 730479425
2 2188
1 2639 511683159
2 96
1 1523 695319064
1 752 518346534
1 1090 235531192
1 2311 16856480
2 2125
1 1149 989350221
1 1917 955716173
1 848 516586507
1 2466 791436335
1 338 595723843
1 2585 931881921
1 2427 696888993
1 475 691755173
2 2698
1 362 863890868
2 1607
1 1981 949573468
2 19
1 415 228057401
1 2603 210856643
2 2316
1 1793 825860716
2 2277
2 300
1 2685 684534454
1 1354 529764208
1 419 721453957
1 1964 457382453
1 2305 535895598
1 98 499958353
2 781
1 519 241089930
2 7
2 359
1 835 862858572
1 2454 405761638
2 1784
2 2563
1 1537 367339678
2 2902
2 1818
2 2407
2 1214
2 760
1 936 774145684
2 68
2 1831
2 2185
1 1278 807319414
2 226
2 1820
1 2225 188497152
1 808 181187436
2 2876
2 64
1 2813 373899115
2 2002
2 2672
2 115
2 1135
2 1391
1 305 654900504
1 1314 275212166
2 2012
2 941
1 518 667375388
2 643
1 1731 492281098
1 2869 525649655
1 1819 701046899
2 1555
1 522 656359580
1 1438 159301381
2 2229
2 2890
2 210
1 1280 901571289
2 520
2 1220
2 1880
2 899
2 259
1 2312 798925604
2 716
1 1135 224505260
1 104 881336637
2 258
1 1004 749090547
1 419 324814105
2 2230
1 2971 633962641
2 1656
2 1161
1 1777 118607211
2 2886
1 2045 558227450
2 527
1 1647 44752828
2 1626
2 853
1 2854 571565634
2 1187
1 2549 430711972
1 1059 423088103
1 1548 291563868
2 1932
2 1989
2 1337
1 908 339510067
1 677 679901333
2 743
2 2172
1 386 250272785
1 604 705147929
2 179
2 141
2 514
2 909
1 964 30903415
1 1000 583059186
2 2344
2 2134
1 1194 873560717
1 1262 985934075
1 2775 709599412
2 1675
1 2601 784213883
2 2804
1 1876 465637140
2 1881
1 2577 499291138
2 300
1 626 730436082
1 1661 546890629
2 1374
2 2073
2 1126
1 1717 744360247
2 1016
1 1726 799688202
1 2074 528220514
2 2931
1 1442 589298202
2 534
2 1285
2 1927
2 469
2 250
2 2999
1 2243 350553979
1 156 955694596
1 2552 608555816
1 1839 20917873
2 1647
1 592 946340994
2 1801
2 831
2 2765
2 2795
1 2993 92703238
1 2804 825246404
2 1773
2 2399
1 1616 461253556
2 729
2 1768
1 990 150502960
2 1597
1 2539 302623393
1 1934 336341044
2 1386
1 295 800607530
2 1237
2 642
1 172 679970879
1 5 969988142
1 1195 506923233
2 1003
1 1359 292300
1 229 575378669
1 2000 74374796
2 731
2 740
1 2959 448634197
1 1138 297329049
2 2610
1 653 255450673
1 2129 271149100
1 2443 499010989
1 1594 303897384
1 2493 499984436
2 1490
1 2952 612930593
2 17
2 1244
2 2314
2 2596
2 1700
1 2270 422899559
1 2790 668395733
1 2876 646656272
1 1049 474923876
2 563
2 2742
1 2154 847814720
2 2659
2 2326
1 433 152795787
1 412 467471932
2 2152
2 2632
1 2462 254863206
2 2228
1 924 467191078
1 1020 934892260
2 1194
1 2600 441215166
1 2445 900955772
1 730 883978585
2 719
1 130 547806105
2 2903
1 2534 382364154
1 1617 31316912
2 511
1 1799 26761052
1 2057 63834218
1 177 102595990
1 74 636572385
2 138
2 1061
2 2884
2 295
2 2102
2 2419
1 1819 995986072
1 922 229951087
1 765 471234504
1 1871 305480764
1 2546 59256687
2 1057
2 2287
2 2520
2 891
2 1876
1 222 679206052
1 298 675595701
1 1011 152256662
1 2129 571089312
2 1930
2 1390
1 2690 812139545
1 2484 598297979
1 1253 266830195
2 2823
1 525 428008768
2 2673
1 151 658117964
1 2940 600423136
2 2061
2 2131
2 737
1 2243 752503162
2 583
2 342
2 2091
2 2722
1 2732 328647782
1 1726 734932851
2 448
1 2246 43562388
1 2801 272519323
1 3000 115270556
2 751
1 1735 82262982
1 382 438988694
1 422 744866906
2 618
2 912
2 1913
2 1846
2 680
1 41 238205716
2 2722
2 2105
1 2117 95724489
1 558 200446235
1 14 541325559
1 598 703671752
1 1303 891597503
1 887 34944190
1 1198 841103094
2 2255
2 1449
1 712 395631061
1 2872 524138003
2 553
1 402 839079849
1 1825 804653739
2 2227
2 1149
1 532 975432805
2 438
1 1893 228141005
1 1203 874802975
1 3000 748233974
1 997 811521025
1 2806 884082893
2 652
1 2070 972326835
1 1877 106046172
1 2220 609963188
2 542
2 512
2 1523
1 591 248708292
1 730 202981406
1 2822 639209963
2 437
1 1284 779980437
1 1231 4126554
2 2601
2 801
2 805
1 174 884657247
1 1018 121854540
2 2653
2 829
2 2358
2 338
1 2839 788158659
2 1503
1 512 283844860
1 1562 332268372
2 348
1 438 701406407
2 874
2 514
2 347
2 1363
2 2221
2 2188
2 1593
1 2436 588999413
1 2737 35426871
1 2920 710238468
1 1221 723295157
1 2490 555208768
1 2630 192346719
2 2416
1 1899 79409665
2 2488
1 1931 198916954
2 596
2 139
1 2233 8182739
1 393 436096468
2 381
2 2129
1 2760 867699591
2 2119
1 2795 766310295
1 1316 835507253
2 1304
2 829
2 897
2 2866
1 1932 398581064
2 1931
1 2582 381596250
1 1680 13659732
1 2214 484881465
1 314 312533080
1 1876 258832174
1 868 507314951
2 2722
2 2063
2 810
1 2086 697185915
2 529
1 253 430412693
1 1956 535861392
2 1208
2 1017
2 522
1 736 484408749
2 180
1 2498 188030320
1 463 684930478
1 785 387736338
2 388
2 2145
2 651
2 1950
1 1089 771687615
1 78 876765622
2 790
2 729
1 2127 856937506
1 1520 663882001
2 1128
2 1258
1 2477 518058987
2 1525
1 353 64633485
2 428
2 439
1 1021 9195678
2 2481
1 1469 458200892
1 1862 133393722
1 2039 955386438
1 1208 733791105
1 897 946969747
1 2637 571945643
1 151 213912156
2 476
1 2469 182950573
2 1212
2 784
2 2152
2 622
1 1462 584242063
2 1862
2 770
1 2865 915296338
1 1405 423398435
1 1466 985050193
1 2466 134006343
2 2931
1 2251 341599697
2 560
1 496 349275698
2 256
1 2368 711975627
1 1331 65082530
2 1020
1 470 456215831
1 577 610259512
1 1213 860795782
1 918 562505589
1 2474 673540085
1 1101 767565235
2 465
1 1078 186875874
1 175 609817954
2 473
2 1179
2 2594
1 2692 821751281
2 1611
1 2476 619792840
2 485
2 36
1 248 462187729
2 225
2 1636
2 926
1 856 344796193
2 859
1 922 888192267
1 2477 891617986
2 798
2 2639
1 2387 913918200
2 1664
1 2931 485078196
1 1933 994199573
1 1226 503753157
2 265
2 346
2 258
1 2702 463490948
2 823
1 756 400037797
1 232 781757449
2 2774
1 830 150363324
2 1284
2 1564
2 2691
2 2700
1 2057 919359385
1 2421 236452867
1 853 428631835
2 580
2 2025
1 1713 824856197
1 2394 900512215
1 1349 919091674
1 2914 835197047
1 1425 858173619
1 924 723061476
1 2457 531958345
1 1321 623877858
2 1666
2 1530
2 1864
1 1453 602415463
1 652 627215880
1 1148 15037514
2 709
2 2627
2 1061
1 1265 217374544
2 1302
2 2474
2 1453
2 2555
1 2127 796794465
1 1726 242738525
1 2522 245654595
2 2071
2 2581
2 2199
2 779
2 392
2 357
1 753 793949432
1 2270 911239358
1 283 478003114
1 2716 484973387
1 123 889882343
1 709 461233147
2 1962
1 398 504130556
1 2995 605798340
1 2131 156770811
1 731 193884459
2 1922
2 614
2 705
2 672
1 2627 311390944
1 1779 861491594
2 597
2 1079
2 2438
1 2807 9407220
1 967 994336648
2 434
2 1304
2 215
1 2085 284651572
2 2486
2 824
1 308 159251585
2 1566
2 1374
2 15
1 2432 950615901
2 1
1 2255 86411226
2 1325
2 748
2 829
2 803
1 1229 7069082
2 2892
1 2688 140994151
1 2392 626144281
1 2917 370530259
2 1623
2 275
1 2688 824729570
2 2377
1 2098 324923304
1 2890 379553228
2 1945
1 200 532072216
2 843
2 1695
1 341 498800379
2 1811
2 2512
1 901 808814092
2 577
2 1803
2 592
2 423
1 1024 427243287
1 2114 474764021
2 1559
2 2481
2 478
1 2711 392987207
2 1820
2 315
2 1103
1 1428 207667427
2 2324
2 1644
2 937
1 538 593891629
2 103
1 2522 86797403
1 1772 786420854
1 2009 231366425
1 488 844961927
1 2405 918893768
1 2182 530787493
1 2962 688120241
1 927 834163497
2 1523
1 363 776239590
2 1176
1 2432 812538186
2 1411
2 2631
2 152
1 483 765932046
1 1045 380876327
1 924 943716534
2 807
2 2765
2 1830
2 633
1 2242 786196305
1 459 276948045
2 2414
2 959
2 853
2 52
2 2148
2 500
1 487 133920106
1 1982 20190991
1 1839 947931595
2 2322
2 2106
2 1437
2 2012
2 1199
2 1830
1 578 550190777
1 2509 914835243
2 2572
1 453 201229030
1 168 866019024
2 1654
1 2648 35111241
2 430
2 1454
1 2360 842966462
1 644 963928250
1 2661 318930287
1 1298 398025940
1 1600 639681549
1 1727 575527450
2 1871
2 562
1 1743 647571251
2 2610
1 2535 38569848
1 2739 206136442
2 2609
2 2987
2 2502
1 684 996874224
1 1121 556471929
2 1092
1 1421 815065279
2 2770
1 1545 72342501
2 1210
1 1115 801837853
1 1172 370834498
1 2612 452694975
1 696 579703389
1 404 260900932
2 1222
1 1278 444839553
1 900 656542157
2 902
1 1488 186803264
2 1128
1 2848 433776355
1 2076 850625093
2 846
1 2936 51964731
1 1440 297253695
2 1292
2 1248
1 349 343522119
1 2320 248995511
1 1179 156668995
1 2841 900315059
1 1108 971814242
2 2029
2 1390
2 1122
2 2728
1 3000 808955985
2 1649
2 2118
2 595
1 1177 812088481
1 946 878736240
1 357 249075589
1 1464 865909827
2 2536
2 1972
1 2668 493228466
2 2068
2 2220
2 2814
1 1865 53963703
2 1198
2 678
2 1124
2 1018
1 1348 946518592
1 2013 412339586
2 2723
1 29 575900567
2 2536
2 2033
2 1263
2 550
1 980 733603891
1 1994 401336068
1 647 648794358
1 2911 336575822
2 2916
2 1001
1 1406 814031314
2 1625
2 283
2 667
2 1817
1 1454 387264576
2 922
2 1155
1 2573 725851424
1 2985 77250188
2 2942
1 463 545293724
1 1848 221392355
2 2426
2 993
1 136 212058789
2 462
2 1101
1 2430 517274332
2 2308
2 1244
2 1409
1 32 16461470
2 2814
2 1317
1 1123 202600408
1 1434 383167371
2 1874
2 1106
2 683
1 2773 638573953
2 2420
1 1892 765595396
2 2932
2 1615
1 920 666604113
1 690 505455631
2 2246
2 2329
2 1161
1 1576 777028640
2 2797
1 2102 578332438
1 2061 749660264
1 1196 845576199
2 81
1 2881 546802387
2 1709
2 832
2 2175
1 982 252485328
2 583
2 1629
2 973
1 269 930456928
2 2142
1 1277 289185191
1 879 674326084
2 1172
2 1342
2 2182
1 294 342399952
2 188
1 899 254824732
2 2571
2 69
1 2489 294599094
2 2073
2 2436
2 389
2 85
1 515 618603720
2 1028
1 1553 792098261
1 204 813388097
2 2270
2 2184
2 2872
2 2367
1 2693 991649276
1 676 468893807
2 48
2 1034
2 2405
2 2904
1 1543 485770756
2 672
1 2409 59210222
2 1917
2 2778
2 940
2 133
1 1883 245801855
2 1937
2 1520
2 1205
1 2196 616329595
2 1166
2 2009
2 125
1 2992 908293884
2 1355
1 2358 919013547
2 408
2 2497
1 2660 588166083
1 1558 231357267
1 1499 713186439
1 726 681514649
1 1303 176995887
1 641 69537817
1 2241 933715231
1 1098 632134765
1 2113 553578885
1 180 76549565
1 1927 622701744
2 244
1 953 705036209
2 2592
2 1055
2 231
1 2541 724773009
1 1929 193979455
1 823 484843591
1 2665 483272948
1 1250 509989752
1 2961 980957890
2 1266
2 1550
2 799
2 245
2 316
1 1004 422939439
1 1825 92764908
1 1021 985245979
2 687
2 2775
2 2422
2 1406
2 539
1 2349 919116423
1 1956 53456052
2 1801
1 415 665023208
2 2648
2 104
1 2835 662444598
1 3 894966469
2 2889
2 2811
2 605
1 1825 967232136
1 1689 495682129
2 1838
2 1148
2 709
1 929 660767051
2 995
2 504
1 770 772322838
1 1321 593345630
1 2958 817501976
2 2903
2 2406
1 1474 167157301
1 1438 679770950
2 2801
2 1291
2 2150
2 1615
2 635
1 486 911365211
2 2421
2 2593
2 2646
1 2010 777067286
1 2856 895363228
1 2248 353107146
2 247
2 283
1 1672 913769523
1 2251 866247893
1 2784 168508544
1 550 409631669
1 2198 13946507
1 415 276867362
1 1795 748890481
1 134 817819065
2 641
2 540
1 484 391627477
1 550 50438814
2 2310
1 749 108723140
2 1134
2 2332
1 961 556843982
2 1642
2 2586
2 1161
2 1575
1 1391 334149557
1 1245 321283702
2 2164
1 2150 276185196
1 1893 452619130
1 2185 550254733
1 871 766488937
1 2185 996974156
2 1318
2 2745
1 783 686366598
1 1319 228344062
1 2331 201040333
1 823 87831566
2 2286
1 1035 965308848
1 1927 204386277
2 2240
2 2658
2 1635
1 2747 338689977
2 685
2 925
1 2619 869420975
2 907
2 210
1 2148 986752797
1 1554 297111483
1 1677 724881830
2 2696
2 651
2 1193
2 591
2 253
1 2926 389861861
1 1401 554579428
1 296 832250171
2 2752
2 807
2 1788
2 1803
1 2200 889251501
2 2341
1 896 534890493
2 642
2 2204
2 1241
2 946
1 647 498033145
1 610 511510207
2 241
1 2095 828403493
2 2858
2 627
1 1335 738483839
2 802
1 1120 7081695
1 2467 165954410
2 1592
2 619
1 2624 686045996
1 148 198164148
1 544 516203047
2 2941
2 2854
2 1633
2 939
2 1989
2 562
2 2149
1 1811 279925119
2 1415
1 2176 681283723
2 1276
1 1735 218599613
2 1163
1 40 383150921
1 2230 833180248
2 2304
2 1282
1 2213 500556574
2 386
2 2067
2 1547
2 1064
2 1175
1 428 333612887
2 259
1 1932 717224142
2 458
1 2480 527264417
1 1342 848517007
2 2234
1 692 888356048
1 1816 115970567
2 985
2 860
1 1667 68383673
2 1963
2 2394
1 2180 95672888
1 1447 94647513
2 722
2 2940
2 1868
2 2797
2 404
2 774
2 1934
1 1454 269117588
1 657 579207615
2 2907
1 2403 905806612
1 2534 585094699
2 2681
2 1145
1 310 996045646
2 791
2 2549
1 796 551621780
2 1600
1 1470 308235189
2 2074
2 1034
2 2155
1 723 862146076
1 2395 378951068
1 87 448245011
2 2482
2 259
1 750 7334726
1 1785 838195038
2 1069
1 1479 822256519
1 2660 195233578
1 2530 185943006
2 1768
1 1844 41070454
1 556 97938536
1 2699 777765292
1 1770 443434281
2 1275
1 2382 765811798
2 2525
2 849
1 848 209339659
2 58
1 1200 903516668
1 762 983061863
2 1549
1 1689 733480344
2 1687
1 2955 59995697
2 2127
2 312
1 2072 147426735
2 1139
2 326
2 1114
2 2894
2 2375
1 1671 438692970
1 125 80982550
2 520
1 1749 259521243
1 1435 984777748
1 1074 25838199
1 1322 435685558
1 2890 534732214
2 2327
2 807
2 2857
2 1726
2 1621
1 967 742162755
2 2169
1 1045 105664629
2 1847
1 2902 975767883
1 1209 200051594
1 2486 946924425
2 1625
1 200 619266688
2 363
2 1789
2 885
2 1449
2 510
