10 100
5 8
3 6
6 9
6 7
6 5
4 5
6 10
5 2
1 5
1 7 452224773
2 9
1 3 340566218
1 3 317577591
1 9 995411987
2 5
1 4 693050706
1 7 685974459
2 4
2 1
2 5
2 5
2 3
1 1 607911152
2 1
2 4
2 4
2 5
2 8
1 3 798099587
1 8 857674548
2 10
2 3
1 1 554084972
1 2 326427001
2 8
2 7
2 8
1 1 960115119
1 1 376273849
1 8 266420099
1 4 610945582
1 6 34368163
1 7 576559863
2 9
2 8
1 3 375876034
1 8 283528234
2 7
1 3 914233724
2 1
1 5 37745993
2 8
2 6
2 4
2 5
2 6
2 7
2 8
2 7
1 5 944619937
1 7 693180640
2 4
1 10 765038756
1 1 177122894
2 4
1 4 338574338
2 10
1 10 738772520
2 2
2 5
1 3 952516307
2 2
1 7 634053251
1 5 129349756
2 9
1 3 428197864
1 6 886696545
2 2
2 10
1 7 172989261
2 10
2 10
2 3
2 2
1 10 834358105
1 3 969065771
1 9 667331670
2 3
1 3 637764363
2 4
2 1
1 8 930062144
1 2 136537316
1 2 530347370
1 8 85546318
2 10
2 9
2 1
2 9
1 7 242988943
1 1 657892005
1 7 840766412
1 3 795659760
2 6
1 9 590676295
2 2
2 7
1 8 338342019
2 4
