10 100
3 10
10 5
1 10
9 3
3 8
3 7
3 6
2 3
4 6
1 6 931909153
1 4 28791050
1 5 877569639
2 5
1 5 556927547
1 1 300862063
1 1 590473669
2 3
1 4 630702641
1 3 186803839
1 10 133792991
1 8 587740212
1 9 624366795
1 1 50092729
2 4
2 9
2 7
2 9
1 9 682811156
2 9
1 2 21011974
1 9 618440437
1 4 391044276
1 6 140737026
2 1
1 2 459097033
2 4
2 1
1 1 959076103
2 2
1 4 301339472
2 5
1 7 344716111
1 9 558732323
1 2 812405543
2 5
2 1
2 9
2 5
1 1 632290781
1 10 963186712
1 9 659492112
1 9 550584794
1 9 939115218
2 3
1 8 153331001
2 9
1 9 406109715
1 10 819351745
2 10
1 1 449255415
1 6 42725494
2 1
1 9 668526687
1 3 639734138
1 10 291519955
2 3
2 4
2 5
1 7 721674886
1 10 123142050
1 2 114052935
1 6 98296671
2 9
2 4
2 2
1 3 488686812
2 2
1 6 520384726
1 6 214782324
2 7
1 3 778957691
1 1 893011734
1 9 749275126
2 7
2 7
2 1
1 8 274953896
2 7
2 1
2 8
1 1 657243660
2 7
1 2 410238965
1 6 545927440
2 5
2 6
2 8
2 4
1 7 613694406
1 10 705790979
2 2
1 5 753129997
2 7
1 9 373056587
2 5
1 3 23125157
2 4
2 10
1 10 177372179
