10 100
1 4
9 8
3 4
6 3
8 2
1 8
5 7
10 7
10 6
1 10 895483352
2 6
2 6
2 4
2 2
2 9
1 9 591549251
2 4
2 5
1 1 481964441
1 4 753866398
2 1
1 3 40824863
2 9
2 9
2 7
1 6 25186061
2 6
2 8
1 6 457457461
1 8 21538111
2 2
2 1
2 2
2 4
2 6
2 5
1 1 935805138
2 4
1 2 898644470
1 10 861890218
1 2 882418786
1 9 81684821
1 1 492969316
1 10 483396478
1 3 950281919
1 5 735241138
1 9 214141558
1 10 293198012
1 4 227166936
1 9 46311252
1 4 85765837
2 4
2 8
2 9
1 5 516834188
1 10 196324948
2 4
2 9
2 5
2 9
2 9
2 10
2 8
2 6
1 7 262404990
1 3 9251357
1 1 406098920
2 10
2 9
1 3 548630079
1 10 899494535
2 4
2 7
2 5
2 9
1 6 4610815
1 6 774938387
2 10
2 5
2 1
1 6 228337520
2 1
1 10 186903418
2 7
1 8 832482911
1 9 634186697
2 3
1 5 691961792
1 5 949565429
1 4 206503439
2 4
1 10 438275737
1 2 607286286
1 5 1878832
2 10
1 2 144193285
2 4
2 7
1 2 829910299
1 1 239602259
2 1
1 6 383513425
1 5 40337163
2 6
1 2 45125094
1 1 953623572
2 4
2 4
1 7 261126750
