10 100
5 2
7 2
3 2
2 6
2 9
1 2
4 2
10 2
2 8
1 3 349328987
2 2
1 7 675609545
1 10 479501677
1 4 63373263
2 7
2 8
1 2 446660354
2 9
2 3
2 10
2 1
2 2
2 9
2 3
2 3
1 2 687116808
2 4
1 6 516738029
2 7
2 8
1 4 566224639
2 10
2 10
1 6 835443555
2 1
2 5
1 3 135891902
2 9
2 10
2 6
1 3 839368478
2 9
2 4
1 8 882839325
2 5
2 2
1 8 510205625
2 8
2 7
2 9
1 4 506698322
2 4
1 10 382260794
2 1
1 4 657616749
2 1
2 1
2 7
1 7 262770712
1 9 44508466
1 6 657340029
2 1
2 5
1 7 309783095
2 7
1 8 198985766
1 4 19659741
2 2
1 5 256919046
1 1 413869247
2 8
2 8
1 9 920173359
2 1
2 9
2 7
2 6
1 1 111988596
2 10
2 1
1 5 303461365
2 4
1 9 234963573
2 8
2 2
1 4 72461680
2 1
1 9 456182835
1 1 125789728
2 2
2 6
2 8
1 1 701179945
1 10 655334492
2 4
1 4 330765476
1 9 245065621
1 1 678623167
2 1
1 1 100976380
1 8 214382060
1 6 76801059
2 5
1 10 708302436
2 3
1 1 853718912
2 2
2 7
2 1
