3000 3000
1207 1787
2189 2910
487 1713
1180 40
427 1349
1754 2080
260 1772
2603 332
1546 2756
180 1446
812 1421
1260 1329
1637 1514
570 1122
1053 2717
2997 2108
738 2754
2502 1997
1332 1028
2249 153
168 91
935 1199
1795 2048
1828 2952
1063 250
753 800
1537 2979
285 1062
2066 791
2146 2170
777 1760
1806 719
179 2186
2292 2348
119 964
1381 1986
396 2887
952 779
2227 2250
936 2389
2620 328
743 1616
684 2611
1259 2635
235 69
373 386
1872 1612
96 1076
2461 930
1836 1249
262 2691
1460 1420
920 477
559 2809
1207 247
16 991
2926 458
1397 1376
766 1443
706 261
2041 1311
321 675
764 2576
610 1395
2394 898
1631 2986
1572 638
2433 2010
175 2798
816 2415
1439 444
1566 1423
706 2332
2455 1248
1401 1203
2264 2236
2369 1891
1782 2599
1083 2384
1627 1274
1527 2892
2383 580
1510 79
1657 2548
624 1967
320 1715
2097 2804
1747 2903
2542 327
2053 1130
992 682
1814 2077
1079 1826
1019 37
94 369
173 1021
318 2661
314 1445
1989 1560
1619 1456
2880 2551
2036 1493
1449 522
2787 2061
2746 1997
716 2997
1001 1114
2483 2679
699 899
1164 1951
303 2814
227 550
129 1922
644 2345
906 2574
1844 263
2397 1973
2330 2552
235 2722
2764 1600
2626 2594
2792 182
1189 1406
1464 2864
1294 1944
2993 1578
2891 2487
1442 1870
43 949
640 735
33 1413
646 1018
1788 1757
750 341
311 1668
1414 1812
1813 2568
461 899
100 2947
280 2782
86 653
927 2760
2942 2069
2063 2444
8 1708
2740 2499
2532 761
2654 431
457 1259
514 1666
133 1751
547 2838
2033 2377
1613 1959
639 2375
988 2478
251 2378
1224 1527
846 1278
1500 2393
680 844
1721 2889
913 136
2694 1181
462 679
995 2535
1540 149
220 2713
2207 2297
1113 2796
574 109
1125 1751
122 2361
991 1040
353 1296
976 1634
1135 1198
2118 693
145 2765
2255 2808
1899 2942
2992 612
1229 196
1444 1079
1125 2548
1066 2700
2383 2769
1764 2012
137 1945
535 2453
558 862
2217 1389
330 2104
1513 2766
2083 2424
2689 1544
575 2359
1262 139
2521 1890
2728 377
2816 2305
2194 629
1245 2961
834 2208
100 1029
1880 2648
2937 1751
144 811
2582 2800
1678 1194
1786 281
237 1354
792 283
1036 2216
216 1641
2155 2457
1011 1868
174 1841
2258 2555
1251 2693
592 1658
1029 9
2652 711
106 2320
1772 2134
196 544
2248 1057
1058 2217
1102 272
2795 1608
566 798
10 445
1670 2895
2904 1405
1926 2637
54 1832
1115 1565
401 890
670 1765
2449 2519
1983 1208
997 2045
1364 1269
1964 1991
81 881
2958 1246
325 849
103 347
1079 1644
2729 70
1250 1086
2761 2540
2084 877
1020 1185
646 1753
1989 2741
2076 367
1779 556
2902 1907
798 1081
579 248
2036 2533
2650 329
2734 236
1302 912
1200 1377
2337 362
801 2994
595 2897
122 1943
2448 537
2122 1433
2602 909
2059 1977
527 340
1975 2116
489 122
2689 1659
2165 2466
2875 2773
338 2959
1923 640
2821 2121
609 520
420 2329
615 2368
185 586
818 333
162 2589
732 1348
2883 144
1450 2726
111 2506
2821 804
1024 2191
1427 1262
2747 1220
769 2426
1813 1633
322 2704
929 2177
35 743
2352 2565
1352 2189
2286 396
1148 1060
858 854
1854 866
2274 1046
2198 354
1182 2326
428 1568
2152 659
903 748
88 2099
554 2702
138 2752
170 418
793 1188
1730 2656
409 2386
1270 2367
1587 2567
2359 1046
1064 1555
2544 389
2431 1618
521 1777
411 213
356 1609
959 1272
2319 651
2310 1860
2180 2995
2920 1487
2379 1108
676 2507
1482 1222
2618 553
1044 737
2537 62
1739 1042
604 1505
2575 2655
1449 2520
1324 1752
2867 2751
2851 1125
2669 593
2655 197
1987 552
531 2647
583 918
386 1852
2847 509
2888 1693
2371 2251
2291 891
2798 1184
2747 1428
1774 335
981 745
1076 391
2340 405
2501 552
193 2721
2564 1026
1740 2738
29 1147
1208 546
488 83
960 147
483 1371
1987 2572
1424 2325
1396 664
1402 970
997 892
600 210
175 2940
588 273
2202 298
2701 2863
583 67
99 2085
1244 1606
2756 2581
2687 167
424 2378
1480 2035
2249 2872
1075 483
983 14
656 1328
1554 2530
2634 2807
1337 2898
1697 1641
2315 837
1403 472
2025 2460
1994 1590
1060 1836
1532 2935
1949 86
2148 2084
2909 274
2954 1800
1687 2626
1411 2379
2958 617
842 975
2500 1749
1293 551
2606 2594
2973 1747
1597 655
1462 1977
2791 1512
1750 1672
1481 712
2045 672
1542 952
2966 2865
2250 2103
1244 1617
1055 1997
972 2527
156 542
976 2750
741 777
1648 1519
1533 1305
2031 1706
2590 1011
2465 1553
2103 2219
511 1868
2356 1949
50 450
1820 662
2563 658
1325 1639
111 2396
328 2615
1816 1599
1376 2123
2769 827
98 84
1339 2391
1350 2859
1508 875
2714 764
1582 2526
952 1385
1343 1425
1887 2428
2465 2040
2516 2238
2546 2116
1071 1539
1442 772
1258 289
2050 1899
2484 66
1921 2757
286 686
257 1514
638 677
2501 2667
1912 1072
984 2557
411 2514
948 767
975 2852
2245 2198
370 2309
1701 1127
466 2234
2021 1861
1096 285
144 2349
482 48
1200 144
506 1562
1363 933
1261 38
2749 457
2113 31
2122 1206
1473 1421
855 144
810 2746
2466 1018
1526 1925
2331 663
707 1024
1422 2708
2699 107
2731 1876
1782 908
1240 16
82 1060
1196 629
177 1597
1362 188
2077 2089
210 692
1140 2061
1905 453
1784 1726
1581 1669
1039 1213
1053 1772
1382 774
2519 1463
113 1417
1355 355
267 1520
2477 2184
828 1079
160 729
1659 1444
2908 901
2203 2214
1472 2913
2443 734
1920 2454
1331 2400
1060 2015
611 757
976 1043
1102 2903
883 1598
24 2284
2376 1315
2039 1831
2831 197
2059 761
545 118
2298 2408
1539 290
1118 2286
2935 352
512 2005
2985 2269
1706 1357
1087 2852
2606 1479
777 1477
1786 2821
2098 1839
1343 2902
1058 1916
2078 2467
1037 140
905 299
75 23
1906 300
2577 1758
852 562
400 2863
1735 2152
805 535
2725 2767
2981 1891
2492 1150
2076 284
1524 1901
854 258
914 2780
1183 2648
1792 153
2169 2356
2977 1453
541 531
236 1858
2692 1297
2597 1438
2291 963
275 823
2046 1385
1401 595
1592 1889
1962 970
1814 2438
2479 711
1455 1452
142 1036
2044 1147
2845 1527
2088 1445
419 227
584 724
1509 2386
2354 1068
2763 466
2825 570
2489 1945
1653 1351
1722 2836
596 1685
1865 1119
487 1285
2712 2409
2195 1365
1009 298
2686 2209
641 2369
2089 2911
1522 1613
262 1671
2626 892
2675 1652
1178 485
1548 1971
2518 1173
2396 36
2592 2681
2635 1608
2462 1387
2664 373
2340 1284
1030 767
2436 352
2851 381
169 894
861 721
2370 2184
2512 1589
2982 1469
2421 785
685 1661
2337 1770
192 1841
2043 644
623 2758
657 1953
882 1263
2744 2604
1175 1116
1195 303
125 1159
468 1415
2052 2016
661 427
486 406
2147 2470
1249 1472
1513 1965
1805 1895
1695 2715
2292 787
2270 199
2039 366
475 680
1046 1193
157 2924
827 2344
116 412
559 2241
2781 1538
1816 1210
1160 367
2639 1179
2434 2759
893 1201
1735 335
2349 1064
742 2739
2743 1630
2823 865
1524 304
1851 2942
1381 2634
1577 2306
2621 2
2662 446
1084 1693
2090 142
269 2374
2226 2587
573 1627
2099 1747
2762 1567
2982 1406
1951 2102
2343 98
1426 1445
2561 478
2531 886
340 2637
1294 2070
1141 1329
634 697
2254 150
389 2233
1757 623
2874 2315
1494 2385
1036 840
913 1843
1412 266
2984 2231
2295 365
1679 401
2149 1686
441 2925
1909 879
664 2277
2183 556
1223 2357
2126 2058
2633 2067
316 824
2703 2235
2289 1318
847 1257
909 1501
2207 2148
2257 2569
2104 2159
906 1112
715 703
2393 1296
571 1621
1512 1732
923 596
779 47
2960 2924
2761 403
2453 324
2822 1123
471 1758
2773 206
2402 975
425 23
55 279
1548 1270
2283 517
2257 1652
660 519
1138 2390
792 469
506 646
1446 1447
784 743
2956 2076
1565 1628
2609 956
228 660
605 145
2784 99
862 2571
1834 2566
663 1489
1265 645
508 1399
863 1971
360 82
2571 2873
1658 1117
1312 2455
933 2246
1464 541
2655 2030
1303 2185
1809 211
1596 1677
1162 1575
2032 1567
2106 2697
2346 554
1518 1310
2220 536
1676 573
1871 101
2510 293
2870 2464
479 2527
773 251
2253 2838
2031 634
373 2912
1476 5
371 634
2148 701
709 2756
1378 1485
2792 2387
975 1571
2009 1129
851 1564
344 1640
107 1145
125 2154
231 1936
2094 440
2193 1199
1141 2161
2459 1971
1238 2604
2052 1454
1321 1504
1719 2686
2000 1943
1424 334
2073 710
533 1987
1513 35
2176 698
1083 757
1983 2452
2185 1137
2914 1844
1304 1251
1829 1128
2700 1618
1170 389
265 27
1328 2004
841 180
1693 1558
1328 2492
1213 1135
1346 651
2020 201
1269 456
1896 1352
1022 826
2026 2084
1033 1668
221 2724
971 935
73 876
2401 123
508 2262
1351 806
1362 1115
439 85
2658 1534
206 60
2204 363
2596 679
1743 2827
1840 2426
2244 859
1233 2928
71 1643
1535 1043
1982 522
1441 936
2844 2914
1033 72
200 955
1599 2405
646 2670
2909 532
282 1880
2530 2338
2307 1475
2249 482
2614 478
769 1893
692 2962
2272 114
154 1890
442 1122
2090 1869
1663 1723
317 415
2796 883
1101 522
1545 435
1457 1761
1903 2248
917 593
2147 873
2761 2676
900 2110
2060 1215
2175 2318
2260 2424
256 2434
2793 2935
391 2846
1828 92
306 1826
1358 1755
1789 75
1523 2493
927 20
2635 1890
1969 2681
1645 851
2849 2370
439 1654
2002 2454
160 2881
1626 1945
2720 2536
962 56
1471 1230
2617 2556
517 2683
1981 2682
46 575
2138 1875
2527 1569
2544 2550
1866 2247
2713 2389
2048 771
444 1429
1775 2700
2674 994
914 119
36 2787
2579 2635
1438 1405
2692 134
322 1209
2876 713
101 482
227 1051
2436 253
843 1528
2815 2999
1907 1330
414 2990
491 2980
647 740
2542 2190
240 2040
829 2598
958 1108
760 854
2168 877
77 555
1251 1711
1226 956
1224 1098
1610 359
394 2160
1158 1806
84 61
2588 1075
1507 1052
965 17
1510 238
2587 2017
366 2717
2796 2125
602 2321
1268 2850
1885 1370
101 1646
2158 2988
186 432
74 2055
240 2529
1430 40
2106 80
2448 419
1107 1023
1077 2937
542 1091
254 1291
2514 1130
261 2801
202 837
1225 261
2155 1669
169 1863
1407 2847
1967 792
1988 828
1679 712
2189 2777
2317 1102
301 2113
446 1822
1730 2019
1655 896
1154 482
2075 185
2983 2468
2900 2675
1080 1217
2815 1015
776 1525
324 2677
268 1102
931 2409
574 1939
413 1156
2788 1449
281 1322
807 433
1409 228
720 2815
2653 300
1644 1794
2665 353
1566 535
647 1864
2716 1110
1979 615
636 370
2539 712
2538 1886
225 2401
2240 1493
797 1000
1345 389
1541 2450
1624 190
2398 198
1136 78
1500 1242
379 1846
39 943
1022 275
2961 2931
197 1176
2834 945
2516 1080
767 1166
2727 351
227 959
1212 2320
2460 1026
594 369
1378 551
304 13
2016 2362
1780 1132
880 529
2436 2342
1909 2926
2366 2363
417 633
2606 2541
1922 557
2494 911
755 1309
754 1920
335 1642
1075 2399
1144 1169
1104 326
1204 1994
660 2600
1550 2954
2472 324
1227 1331
2915 1518
1065 919
1516 725
1632 2115
35 940
2221 1880
232 2060
1096 1622
2628 2620
2239 892
2079 1841
301 2217
489 24
2967 2082
534 547
2908 2261
485 1097
1429 2705
1437 212
512 2116
561 969
550 373
217 320
704 2033
2068 74
1205 174
254 2976
2891 488
2488 241
2925 319
812 895
1609 2562
305 411
228 121
455 1438
530 292
1248 2094
2204 996
1968 1339
2317 862
1760 2230
1134 364
1201 1453
271 2125
2957 2632
990 2616
703 1146
850 327
1233 589
299 2799
2236 2471
545 1136
2288 1593
1272 243
1695 924
1627 1622
398 2790
1194 4
756 1122
980 2588
2961 2854
2096 1275
1231 2855
968 1027
2179 2425
2745 2235
209 513
763 848
2869 1006
2223 973
2886 2859
1163 1378
2468 492
1947 1181
2374 2879
2910 808
918 2446
407 2253
1234 2939
65 649
1182 1284
1912 871
2807 2853
2628 1750
732 2748
212 2137
1821 2754
916 2657
1917 1647
1987 1002
312 2231
1575 2702
1333 1277
1809 868
1776 65
2757 1984
1126 1773
1908 1195
2272 2132
2230 1149
838 402
1416 2749
2804 1858
1515 1956
346 826
1762 1449
254 2296
343 434
1691 2848
925 2583
1166 1721
2335 2547
2758 1488
653 1720
203 2904
1465 2377
585 1389
439 1919
2278 323
601 2807
1458 312
1351 650
568 909
1523 1932
1699 1248
1309 2044
929 2820
2010 587
1144 2872
193 2350
2271 2259
1221 499
290 536
207 271
2083 2882
1841 728
1417 1008
2869 1334
910 2776
1823 502
2790 2618
1897 1211
1171 2429
113 1785
31 951
2958 2456
336 1531
2643 2043
863 1643
718 263
1153 1361
40 970
2606 813
1301 1138
80 1638
2129 765
1178 1355
2425 333
1796 716
1763 2335
2311 1755
889 545
1632 1190
1236 1050
957 2887
2811 478
2436 1739
397 393
2688 93
2662 1604
2150 1034
1989 45
1602 1545
1888 2054
294 2868
1650 387
1416 1338
1130 1496
1417 2975
26 2980
1746 34
2470 2175
1921 2804
2301 2294
1089 1494
1177 1926
1709 608
1815 2174
2266 1382
2197 1610
2186 803
1453 378
705 2682
141 2056
1736 1394
1070 825
2453 1611
2300 626
2509 502
2601 1955
1773 2503
345 516
297 2145
2848 1995
2357 2953
56 1906
1382 759
2363 539
565 802
72 2869
536 2748
2619 688
2038 1380
294 965
741 1713
2740 1891
1135 887
2195 2280
418 2507
2151 924
305 2522
2246 1973
1491 190
1332 434
969 1403
989 1326
1967 2057
1525 702
1768 2243
1763 1666
1668 643
2155 408
1803 2870
1137 2282
219 565
2270 1340
1818 2459
165 800
579 2327
1221 500
1615 829
2759 173
2500 179
788 1079
1666 1940
2803 2627
268 57
1571 95
695 613
2218 799
490 1645
1648 2570
2723 2706
1664 1167
500 1314
1443 1437
1044 1185
2385 863
2480 1619
383 749
1613 561
163 431
2581 468
107 1556
1355 890
538 2751
697 112
2969 690
1123 2673
1804 370
350 2336
2881 229
973 621
282 658
1079 1718
1549 732
1677 2702
424 2061
2028 2751
1926 2119
630 1734
50 724
2358 2637
596 1287
618 287
2080 621
1645 2425
1290 2382
1226 1347
11 2699
1811 227
2608 2549
1994 99
2711 2523
388 2112
2029 1886
781 1807
1704 2263
588 2752
716 2160
2119 953
1713 2735
351 2488
1673 552
1957 2205
688 198
810 2404
1708 2770
2712 2032
1146 1556
486 2328
740 1243
1155 1012
1015 689
1262 1715
830 856
1620 780
1876 1263
1827 990
2408 2737
1766 142
429 2
776 1061
1386 1484
184 1959
183 1297
1937 1266
1199 2831
2609 2860
447 1547
892 2546
2383 1254
2790 627
9 1470
2937 1639
496 2499
1031 117
2065 2158
1100 2304
2719 2612
1791 2885
2554 153
2752 791
2534 1388
2692 2357
2525 429
2491 1784
2651 1000
2906 2619
2684 1131
749 1382
345 2689
2225 2136
2460 158
2498 2158
1810 2285
792 2649
2775 821
2399 1993
2176 2850
1979 2172
858 1450
279 1213
1719 255
2187 2871
68 155
2557 2996
2171 2559
256 509
2369 847
350 1894
315 1508
2972 1873
802 685
2018 2849
2955 374
1050 1149
288 1544
1548 1655
1640 2853
2895 836
968 1685
1626 1892
2210 1311
745 2420
2166 156
1323 1505
53 1580
2783 2159
1038 1552
291 2082
1499 2440
526 2196
8 259
750 606
56 978
1071 1962
2446 2467
1826 315
1831 2205
2304 1404
2197 1637
554 597
770 2756
2180 607
2120 2729
1311 827
942 1778
872 1861
2463 569
131 2166
2928 974
1183 2496
1595 2944
2135 2341
1471 2790
902 1878
1292 1380
1610 74
441 1101
2334 669
2633 454
2742 2619
2 1414
2296 424
2201 200
1342 2546
1538 1207
978 855
577 1724
928 770
1454 349
743 1808
1734 1603
655 987
331 2884
137 1703
2806 935
2474 505
2449 399
2802 2302
674 1569
2454 1238
2690 1507
2308 1133
961 1767
1850 2934
1095 2273
944 1575
2818 153
302 698
871 433
1625 1210
2573 1263
978 1273
1543 1783
1609 244
216 195
61 1819
1654 1856
2064 178
2057 2790
421 2447
2897 694
1474 1696
1105 1620
686 781
1875 1559
1165 846
1921 2901
2168 150
474 1937
2907 603
2958 1634
2663 1712
870 41
321 1746
2560 2483
426 1133
1615 2540
2492 422
2532 740
2896 1947
1523 2851
1922 385
1998 2051
130 277
1531 1339
2340 578
2625 542
304 1682
2254 2866
1911 1824
280 1013
2215 1279
1835 635
2875 1923
1964 1961
2360 156
2487 491
471 467
2951 2745
2763 47
2368 1970
278 1910
780 149
770 2810
2487 1636
2368 2355
909 1811
2039 1418
16 1969
2151 1825
1206 1744
2911 2641
2312 1469
1405 1183
2830 1867
1307 763
663 2419
851 567
2252 745
2155 817
2640 2090
2610 1249
1282 2617
1023 2730
1020 1722
1830 2268
575 2072
2664 1694
1200 2070
2888 1628
2131 2233
2437 1397
2986 1204
1329 659
19 2573
2373 81
2636 1458
1461 2120
1345 204
525 2469
2043 1025
2896 1804
1734 1649
1875 1759
73 587
2396 375
225 2762
1153 1845
3 2123
1715 2515
746 2423
678 981
880 2916
432 1956
2373 835
1879 1830
1561 518
1221 2435
654 1741
2530 2517
2746 1884
2694 2008
1252 1413
2906 979
1337 1866
1624 165
321 516
1950 1968
1854 1708
1799 2297
623 1173
1748 767
1964 815
1789 2261
1539 515
1923 2743
527 628
820 1404
2695 1245
428 368
1598 1869
598 2271
327 2965
1533 2438
783 751
441 2919
2356 1497
1256 1496
2316 2526
1912 1455
1494 2028
1618 2333
2286 619
94 2274
232 600
337 463
895 829
2671 1703
2992 1661
701 1393
588 2348
2788 2720
2988 180
834 171
437 1631
1862 423
966 2721
1752 1083
2450 832
1461 268
584 1313
518 1350
2262 58
511 1529
295 926
1114 933
1582 1858
417 1295
1908 1053
2344 105
2768 1705
2544 711
1423 2863
2654 38
1761 2251
1823 1038
419 2224
775 1578
1933 288
1877 223
2178 1000
30 1386
501 2431
852 2284
1805 1914
946 44
2983 770
113 378
1220 203
2069 1938
2273 249
528 2089
239 2718
839 2774
751 2945
757 296
912 848
1595 2042
1777 266
1459 2144
713 2086
1306 1959
2357 2877
1382 599
78 2994
549 2919
2781 485
1950 1722
740 1463
495 1438
1911 697
250 97
2962 1478
1495 2848
1359 1978
790 1759
1043 718
2579 2379
1705 954
1827 1700
1610 1288
2605 491
1398 396
2804 2091
2306 2439
1094 1256
1321 1607
2813 276
1201 52
2243 1319
1710 1734
2971 1999
1023 2650
1498 860
2555 1279
2232 2928
687 2102
2047 1940
282 132
2756 906
2709 1219
582 1277
2101 2897
770 89
1453 666
2991 2984
416 2811
1085 296
2535 1119
1557 1502
435 2184
2469 244
1778 747
311 449
998 2623
2136 698
37 622
250 1675
1299 1682
1902 633
2024 2739
161 1817
360 1187
865 700
1426 699
1298 2713
1217 750
565 1455
1853 1780
302 352
558 584
2025 982
162 1862
379 1367
2381 1539
1587 497
1304 1482
2110 2461
1737 2813
1022 176
616 128
1911 517
1656 893
2417 1109
1127 245
1277 632
1833 1668
1540 2617
2513 705
105 1120
273 431
289 208
2340 642
883 1747
1839 384
2513 395
1279 1467
1351 2512
2117 1032
2188 1277
2484 1772
845 1838
918 115
2856 2967
2672 641
6 1104
222 387
523 2970
1210 2565
1801 1356
692 2358
1173 667
1551 821
1273 63
2537 1960
1457 380
1971 2199
2618 941
2644 2367
1924 2344
889 2578
1206 1128
1696 2211
1320 2684
1363 677
620 2949
2267 2444
201 1639
133 2970
1181 1972
847 1866
942 2696
2842 915
397 1709
1927 491
2395 1692
572 619
1433 989
233 2126
340 2639
921 2459
539 745
1191 2905
2353 2552
1577 2378
1832 915
869 2332
1320 885
1358 631
2185 2582
1286 178
564 1119
1690 2408
104 2878
828 2200
2029 740
2139 2501
2956 1817
1281 1913
1724 2627
1638 2022
1544 2153
2482 2375
762 2414
1139 696
2073 742
214 1710
1627 637
2025 463
691 543
145 819
1175 2329
1026 104
2742 2074
2920 1234
2698 2167
876 1267
2198 2323
2015 363
1720 520
2023 918
2350 763
1356 1100
2240 1155
442 924
2860 141
2691 438
476 211
1697 2645
2252 2730
477 963
2732 1999
96 1005
1276 2862
1743 1197
1219 2574
329 1157
964 1448
1767 1105
2406 1599
2767 1498
461 2301
847 2843
2282 681
1404 1815
2845 1548
2152 1507
512 298
1252 155
530 2644
969 1976
437 739
2281 2968
1654 397
1491 18
1485 2941
2503 2388
1481 1650
2351 2570
2527 2605
2622 1290
95 2764
1045 1962
2242 2577
2212 275
40 1879
1352 933
2606 1190
334 2429
1874 1453
2083 2757
2314 1506
1771 1564
2930 1314
902 148
2819 2804
1511 1630
1622 2894
2065 2150
2979 1675
410 922
708 1219
2930 590
1002 2495
487 2706
2251 1958
1728 2543
2541 1065
223 2312
2416 2842
2274 2324
1904 309
2473 1585
317 2649
1729 1073
1335 1406
1849 973
869 1594
2452 2118
983 1101
809 2388
2191 436
543 2452
830 2233
2463 2624
1528 2306
1628 1981
58 971
2399 2635
625 1918
87 1872
12 1937
1785 185
1207 2255
2285 2489
872 2886
574 1951
2680 2011
1863 823
914 1607
1667 2182
2899 519
199 1075
647 860
1793 1492
300 1111
2630 1883
617 2412
224 336
1402 1041
1062 1931
2223 2984
2626 2663
2508 454
1662 223
960 2258
985 439
434 465
2585 1914
1388 2421
182 1834
1612 276
1111 328
1889 2577
563 288
1698 293
1341 2450
963 2783
655 1695
156 473
2506 2794
805 354
1932 867
696 537
2376 772
1277 152
2248 603
1106 783
1767 2828
1500 2242
1079 1955
516 1738
2477 364
1289 2115
2951 2450
1974 704
1811 1017
2095 1877
2415 2266
834 1012
2621 950
2192 2410
2319 1124
2034 1386
390 2888
513 1353
1794 2229
652 378
717 776
1035 2897
214 686
525 661
1428 2408
1791 1907
1681 85
1300 2554
2486 2949
2156 428
1847 1810
2113 1074
2754 1175
2978 452
1895 2572
2992 2179
1275 1626
1991 975
1941 2600
2007 508
2764 2411
2929 987
1999 243
639 2118
645 1468
1476 822
722 1711
1400 720
2680 1360
1821 2638
77 2859
2585 1928
1391 533
1116 1172
744 562
1896 1318
2127 2544
699 1216
1227 1124
1894 1344
1707 1280
1253 1173
2589 380
215 357
2129 1656
741 303
2592 993
1370 2430
638 2558
852 2568
2756 2081
185 881
1556 2462
2971 752
1135 730
2393 2125
1127 781
2403 2256
2668 451
2027 2384
1271 2979
1365 2130
2761 130
2107 2088
56 2565
903 2165
2240 1475
2266 1883
464 1219
530 46
166 1032
1910 669
2785 2321
396 1395
265 874
2342 493
608 1963
121 2105
37 1716
2473 148
1065 1159
1717 1724
2407 968
230 1689
1945 2430
2169 2921
1848 1109
547 1614
925 1319
292 2893
397 2155
1490 2220
2962 106
423 838
1775 911
2273 2523
2488 1495
1449 2429
2003 324
1434 108
2094 2463
2824 722
2064 2948
2447 2007
2067 1448
1335 2286
578 1875
1991 604
1377 1991
2767 1391
2968 1831
1580 1369
2410 679
640 1067
2809 1579
1919 465
1241 2269
404 2332
1383 1106
1957 2812
931 935
2485 152
1322 1803
1924 143
2293 1733
64 2309
2456 2862
2163 2887
1913 2793
936 2383
584 2058
947 812
76 2571
2943 2490
1601 395
307 1039
2313 768
65 2483
2497 1699
1349 2164
1915 153
133 2171
430 2933
897 1073
887 2841
2940 1754
22 20
2825 782
1248 967
1879 2590
252 2280
778 2490
2968 1697
1444 2442
2275 2299
326 347
1161 1392
903 1443
2829 2409
532 986
296 2365
2073 1010
942 1860
2465 694
1158 1450
741 1834
1269 166
1985 2169
1252 1099
2636 2658
1007 1524
1243 117
1440 168
1134 673
227 2966
1745 2961
2602 2744
403 42
2569 2327
625 853
2871 1536
349 1698
1744 2062
2608 2682
495 1059
2927 2342
15 231
62 21
2685 1907
1988 2158
1082 1574
2338 470
1460 859
1212 2140
173 2669
1383 682
1781 2496
1923 2849
879 116
2023 1221
2654 93
2392 685
1140 2170
2384 2845
1799 2998
2404 1737
1904 265
80 2785
2448 1372
1960 974
1387 961
295 22
1406 786
801 2931
2101 2837
402 2143
1379 1951
302 1435
607 2065
801 1741
2441 1815
2014 2349
2972 2000
2778 229
459 2616
1990 2861
1510 1638
994 1121
2206 1985
1179 248
2174 1281
389 1674
2123 2630
934 2464
2182 2646
1412 805
2605 1956
2942 1727
98 937
675 125
1291 1192
308 2680
669 1524
174 2704
1620 2209
1336 1859
2349 1640
2528 1492
1521 2074
1836 2357
1651 1517
635 618
2575 2228
1796 1823
2350 2703
135 548
1568 2029
2004 2093
1139 1004
2593 2315
149 1202
2087 1116
1680 2290
2690 2039
2950 2812
2954 2
1143 881
1133 2232
1570 815
2430 1148
1793 1306
1978 2652
2820 2413
2638 907
2445 2680
2544 1947
529 1634
27 2857
2955 512
2219 1550
861 825
965 1385
2256 154
1574 2005
1894 1473
2922 4
2832 1781
831 105
447 592
2536 2117
1634 174
2162 52
189 2988
2254 1186
1431 430
1857 486
671 1312
1088 175
2020 12
13 1997
1935 1453
1769 2103
4 1288
299 1434
1954 939
796 2508
2684 1163
1520 2263
721 1769
956 2100
365 2238
2933 1958
1425 507
2545 1675
1436 2785
242 2173
1790 1688
2149 2722
943 814
804 2336
1353 1769
2662 161
2923 1274
1240 2987
1966 1198
1608 758
1573 1354
599 1617
100 582
2582 1932
1180 2960
2751 2507
747 1048
1595 866
1725 2988
696 2267
272 2710
91 2553
763 2629
87 1828
2691 991
1580 1831
607 2244
1150 833
1451 1917
1692 395
2443 2008
2168 915
1488 2833
252 1426
947 2718
1933 2942
856 1837
2995 2475
6 732
614 9
1416 1129
1300 2446
1090 2829
955 2755
2145 202
1818 2957
2186 2596
665 2658
2552 2429
166 2782
143 945
1233 226
2865 445
2994 313
2139 2112
932 1232
1384 2545
982 3000
2584 380
1784 1373
1788 677
1523 2680
2664 2167
1051 2774
668 1386
712 2719
2847 542
6 998
2264 510
226 1461
2810 2293
2213 2481
2530 1295
2958 1684
176 2778
2904 2528
853 2379
2139 310
459 2827
2603 2667
358 1916
2889 809
16 2746
2656 2643
790 1648
1276 2591
114 1264
72 1623
1385 1151
2237 2427
126 2876
2926 988
1310 320
277 136
2905 1900
2461 849
1859 2355
2293 768
1526 1029
149 1782
1741 348
1738 2983
797 1740
1002 2064
752 2779
2595 1255
2974 2715
706 2879
2314 1334
801 406
2647 2237
1468 2129
2816 2930
2469 1898
1870 385
2567 1707
98 1930
2989 1961
2982 2586
1716 2943
785 1516
1736 14
933 1665
1994 2599
333 448
433 1087
1533 541
2423 2323
1583 476
2108 1842
1382 1174
864 2339
2945 5
1149 615
989 2279
1964 367
2340 544
2451 930
692 1337
2532 1191
2142 127
1959 2498
1159 2450
416 120
82 910
392 2496
2682 1287
935 158
539 1939
1127 1888
2573 517
2286 648
974 929
731 1363
140 2542
1942 2527
1304 1024
1063 1992
290 1564
681 2858
898 376
1040 1348
1916 1283
2318 1211
363 2222
2017 1588
3 1714
128 2473
2418 1945
2318 514
128 1805
478 2311
2374 1723
963 2557
44 2475
591 1621
639 2109
2693 384
731 2037
2844 2963
2579 1020
1056 375
816 2471
1491 1494
2092 1305
876 2107
1635 1361
342 1032
90 145
2301 1517
2021 1633
713 1587
1376 297
2344 1965
1509 1843
2053 2299
147 2331
2755 1374
1970 432
2128 1371
2661 2125
2780 2627
1892 763
1187 2938
1103 1503
938 1447
1795 1329
2287 2184
1439 2745
61 2689
2850 404
1432 686
1304 1716
1494 2001
1575 1
53 361
159 1812
2476 1288
2341 414
246 1495
1328 345
2440 2134
1354 2969
789 2129
2724 1904
2877 1308
585 2240
2905 1882
273 887
2050 2805
1689 198
33 486
102 1982
1175 2390
2580 62
314 994
1319 1556
2321 452
2380 1844
291 2890
2797 2327
2160 2248
560 896
542 697
723 702
2659 1400
1474 2087
992 1536
432 1742
2880 1343
187 1602
2889 1122
2959 1611
1578 415
2921 362
1051 1410
1414 1330
124 1176
2576 722
2417 714
867 2849
2797 1332
1126 2377
1905 2364
2953 286
2786 2651
2035 2011
2007 481
221 1388
1953 822
2535 2511
2631 2753
1668 763
2964 1443
963 902
1364 480
1260 1483
2533 2278
271 2728
494 355
2847 504
41 267
1929 2562
420 1990
2581 904
689 263
1112 1395
977 1713
2716 879
2907 1586
592 1378
1757 2437
2159 2445
1686 62
215 1446
2798 836
303 7
524 2461
2254 2322
2381 794
213 1728
1731 2556
795 2058
1003 2372
2453 135
2727 2034
1335 1948
1218 2016
2345 1560
49 73
299 2727
2835 878
1740 1358
1622 2561
2009 1672
428 2271
1402 1996
1818 865
1054 213
2017 854
556 677
1644 506
576 2841
572 1366
1925 1069
590 234
2984 295
164 1122
677 1952
452 1404
2587 635
52 627
795 762
841 2006
194 2073
879 1984
264 691
2301 1380
2272 762
2290 246
2181 2774
2485 2491
1619 995
1241 1729
1040 2817
209 2288
2577 1783
819 1420
1946 558
481 540
1327 1554
2235 2855
27 726
484 427
1716 520
317 2400
2798 1226
986 657
2341 1667
1121 2657
50 2946
1095 2985
1093 1382
1503 1142
1214 1139
1317 1443
2304 1250
2918 260
2637 270
1225 1870
2013 870
2878 396
1109 2972
409 425
1092 1654
1736 1167
79 1820
2965 2079
1436 857
334 670
59 1493
2911 1835
312 793
1637 1503
463 2001
2753 790
1554 413
2250 1235
612 2335
211 1705
1058 1646
733 339
1534 2642
2977 723
837 168
2903 2934
730 1565
2527 1390
2953 2678
555 719
195 1056
622 1506
2452 1449
1161 1934
2809 272
702 218
1247 1680
2936 1470
983 2725
1152 962
2073 108
2596 1886
830 390
1417 237
1025 995
943 1354
2279 520
1076 85
191 2076
1256 2437
2244 2555
2637 2509
917 526
382 349
2328 1855
2422 1167
2364 1228
739 2840
2071 2863
978 2772
844 1934
2301 2382
1346 870
1431 934
2206 443
592 2901
2214 593
207 1151
1334 2890
1078 898
1530 187
2524 840
2733 2112
951 1371
1316 921
28 121
331 1688
671 2405
620 2331
2383 2481
695 1791
606 2013
736 1005
2736 1327
1809 167
25 2872
2856 372
1563 1198
2893 1091
1551 1988
1368 1728
185 684
1021 2986
37 2504
1236 2394
1225 922
799 2709
2564 864
939 2911
1477 1049
2280 759
2157 2726
1518 2049
2092 1702
1134 2347
2354 2458
2865 1660
2666 2833
633 186
181 2881
1185 460
2897 354
428 2328
1708 1907
612 505
542 2273
806 320
2869 1459
385 1629
1385 515
566 1333
2929 581
1944 2826
2602 742
1483 450
605 1867
82 2114
379 1840
2111 83
2771 58
923 2432
29 2187
1595 1797
866 68
2426 2987
2707 1746
1638 926
1345 2428
421 1557
2075 1636
1701 172
1773 1839
2329 2488
1168 1490
570 1392
2141 254
2364 868
2660 1408
1845 2592
1601 503
2006 733
1182 694
1451 1399
2208 2505
959 2652
612 1454
755 2990
2828 727
820 2012
1754 1689
1808 32
1023 2939
2310 21
648 846
785 932
1076 1683
1239 2719
1931 1320
2733 1881
896 2795
1266 2708
1053 1237
2647 954
2646 2908
264 1262
2194 1643
1605 469
65 510
205 2053
198 1704
1591 1014
1730 84
596 1016
2700 534
1442 2253
2096 1756
233 2802
2208 2936
2130 2953
2731 1678
976 454
949 2939
1618 2612
1591 1425
626 1636
1802 252
1873 2051
1047 1805
1439 2288
335 944
2289 208
2899 2278
2142 1888
1384 1207
2843 1684
353 571
1973 849
1576 2758
2660 1690
151 933
294 1688
1581 2932
146 1576
726 2563
2277 622
1206 2265
1980 1591
1044 1068
2989 1016
2363 2201
1598 1466
2616 2282
2372 567
2683 316
137 1486
1759 2275
2010 322
2133 1037
683 2358
749 2613
2917 1308
999 2245
381 51
1529 427
45 1375
845 359
2979 1998
594 878
1587 1720
1920 2822
231 2850
1302 1798
1107 1347
2789 2498
1711 2276
2124 300
1255 1215
627 498
110 1652
2839 2601
699 2734
1512 1527
1469 1132
2310 242
884 1184
2668 1200
1419 1981
1748 888
2607 2963
699 823
54 115
886 1721
453 2143
1254 1259
2303 104
1968 1584
2 1637
1 648 107259724
2 287
2 2867
1 424 348684962
2 1691
1 2248 692864428
1 322 576637991
1 1937 624592762
2 1906
1 1963 385666888
2 2397
1 2534 299816567
1 1098 868438464
1 2801 350893350
2 749
1 2945 873266703
2 439
1 533 197722532
2 1479
2 1713
2 1479
1 232 899741334
1 1899 946901868
2 486
1 2246 256149682
2 1637
2 7
1 1727 322465682
1 1811 227147485
1 997 489583970
1 899 402727003
1 2958 412846773
2 2455
2 1898
1 372 524792106
2 2185
1 91 965389327
2 2830
1 83 446392401
2 41
1 2145 403144975
2 700
2 2485
2 260
2 200
1 1347 181582060
1 2187 329736190
2 2252
2 1402
1 1832 527780133
2 1162
1 639 915359213
1 680 503728664
1 298 923393720
1 2067 976360783
2 1040
1 1538 352791290
2 1742
2 449
2 2675
1 1113 619924588
1 59 982097917
1 1832 427856244
2 2802
2 1392
2 2309
1 2522 513804516
2 2213
1 2924 582045705
2 300
2 401
1 2068 415935186
2 354
1 1972 87381583
2 1411
1 501 635643488
2 2607
1 2708 290578124
1 527 313687350
1 1690 653125494
1 1504 49809214
1 1434 449966456
2 2771
2 849
1 321 678640604
2 1131
1 807 822359920
2 2940
2 1552
1 909 214236825
2 1353
1 2393 292476808
1 2938 191331726
1 2928 30571921
1 1410 620763579
1 930 712688225
1 2610 461484235
2 1854
1 2237 369383621
1 668 521827543
2 2903
2 929
2 565
1 1850 209059158
1 2828 54686150
1 1891 745936420
2 1965
2 497
1 2888 235886755
2 333
2 1088
1 75 304688938
2 1494
2 1939
2 345
2 1014
2 981
1 188 954472538
1 1161 279605649
2 2852
2 2247
2 628
2 1639
1 307 847402623
2 1155
1 28 500803039
2 1041
2 1029
1 573 121181495
2 2183
1 814 247991437
1 967 584496963
1 2435 378851399
1 741 819176124
2 2269
2 1067
1 543 261012442
2 602
2 1173
1 464 65032638
2 2402
2 1053
2 1294
1 1127 365151026
2 2038
1 251 339682704
2 1628
1 102 154492358
2 569
2 676
1 1417 548081010
2 2135
2 87
1 1003 349619831
1 985 208484797
1 248 792004723
2 2206
1 1960 613186726
2 574
2 2299
1 641 106911022
1 2567 705159573
2 435
1 693 354772508
1 1135 203575819
1 2704 686402151
2 699
2 2528
1 2436 472409962
2 1191
2 2682
1 483 32928856
2 2333
2 284
2 841
2 175
1 2927 173600682
2 1811
2 268
1 1266 397371390
2 2654
1 627 728716832
1 2645 855521489
1 1398 264773599
1 1512 291209388
2 1736
2 1457
1 1480 344011557
1 713 428539882
1 1331 793353126
1 2007 139288366
1 2604 722516531
2 1454
1 2838 585736332
2 814
2 2318
2 1734
2 1435
2 270
2 1792
1 1026 131277877
2 1293
1 1708 246178026
2 2945
1 2098 191091283
2 875
1 665 433478190
2 1650
2 129
1 2794 83535342
2 762
1 1505 258161475
1 2933 351140939
1 1369 609499249
1 2519 481537392
1 2903 493781934
1 1234 177576701
1 2397 863173721
2 2582
1 84 56386643
2 2231
1 1773 787025567
1 1294 558558642
2 2616
2 1429
1 69 151701044
1 2671 174324433
2 2442
1 1221 798794652
1 901 870915449
2 2383
1 1963 349863899
1 1625 545999867
1 1601 812795846
1 2372 262662664
1 1074 671838758
1 1128 460119412
2 993
1 1607 903947826
1 1568 575432908
1 516 621052469
1 792 821251734
1 517 729822635
2 2787
1 1989 916648063
2 2439
2 2406
1 1828 994155650
1 910 345395241
2 1577
2 1168
2 2603
2 1453
1 2286 940304210
1 51 634221094
2 768
1 2717 296673238
1 1611 973083213
2 2316
2 1442
1 2206 78851818
1 1174 295580768
2 804
1 1530 950735961
2 2713
1 1820 5789826
2 2177
2 1214
2 1575
2 1126
2 1106
1 2217 954145193
2 49
1 341 393114768
1 2917 484957804
2 1104
2 2631
1 507 51577519
2 1378
1 2468 516934683
2 2699
1 700 12011584
1 1655 106952084
1 493 500951848
1 2997 845110130
1 1391 66871678
2 1476
1 2899 777192548
2 39
1 1968 421780632
2 2663
2 1733
2 1168
2 2703
2 2135
2 2788
1 507 214585722
2 591
1 251 488565129
2 2846
1 287 703141904
2 642
1 2434 903398248
1 1246 93049756
1 471 861314924
1 1162 240311707
1 18 648601012
1 1840 609623267
1 1105 466658065
1 2664 111134748
1 2484 25790536
1 2144 537055289
2 1769
1 694 628591253
2 1308
2 1922
1 2485 938819739
2 2647
2 1811
1 2889 310732298
1 633 27466089
1 92 426269395
1 591 450331447
2 1595
2 715
1 1910 863320490
1 2991 20903058
1 1081 727338502
2 774
1 1561 680188316
1 410 727403884
2 2953
1 1680 356671243
2 1765
1 2016 482764826
2 2829
2 2918
1 1366 376065912
2 2709
2 748
1 997 290394862
2 2283
2 1850
1 2798 262938780
1 657 846446672
2 2816
1 590 17729099
1 2971 203665650
1 2928 486171992
1 1646 1372993
2 639
1 2123 575788389
2 1261
1 1352 711694528
1 2692 61737810
2 1004
1 1271 63699942
2 605
1 2421 288356149
1 25 384753332
1 434 339871205
2 2899
2 1335
1 935 113036575
1 507 40015225
1 2232 893797082
2 2034
2 2865
1 310 90739025
2 105
2 2829
2 2251
2 1122
2 1437
2 2951
1 1896 113385221
2 1649
2 2313
2 2805
2 2967
2 2635
2 1172
1 673 86542926
2 383
1 1578 266180906
1 1042 23391263
1 2478 723367252
2 561
2 1829
1 2747 815574680
1 1967 455644088
2 1517
1 367 249865939
2 1075
1 320 294566969
2 2641
1 2127 635570971
1 2114 271098870
2 778
1 2719 731603317
1 1696 937439717
1 539 239271588
1 2066 241149496
1 645 119045370
2 1056
2 2711
1 928 908202329
1 822 811515187
1 627 451715613
2 1433
2 2713
1 2166 517315505
2 1568
1 2290 869581290
2 1007
2 591
2 672
2 2140
2 1270
2 1201
2 2556
1 497 156533389
2 1815
2 2339
1 1678 592198973
2 2363
2 2839
2 1669
1 2124 366991791
1 1787 634270315
2 903
2 2904
2 59
2 365
1 2900 568804637
1 1883 764178076
2 1392
2 992
1 934 61378995
2 1798
2 1646
1 2321 863964151
2 1259
2 2200
1 1421 417584769
1 2487 710379956
2 2651
1 2115 851591476
1 1160 930585367
2 630
2 2483
1 460 101070774
1 1300 700105280
1 1142 956771628
2 2477
2 461
2 1862
1 498 638871905
1 380 177272675
1 1501 261643374
2 2483
1 1980 534836730
1 2874 782780155
2 2917
2 1527
1 198 295153686
1 2036 825503562
1 2355 447266635
1 2001 223889350
2 2913
1 2706 271003979
2 2058
1 2547 827741527
1 992 771973139
2 130
2 2021
2 1213
1 2035 383248247
2 844
1 193 295493860
1 481 309570238
2 766
1 253 380035654
1 2442 622523156
2 878
1 858 432031283
1 463 845881852
1 611 863633889
1 2471 409537410
2 2529
2 2781
2 2160
2 2403
1 940 573997154
1 514 536302201
1 277 83634188
2 1756
2 470
2 265
2 1007
1 1843 361237524
2 1216
2 2515
2 584
2 1233
1 2166 708697136
2 2974
1 710 348605883
2 2253
1 638 976098036
2 1722
1 2859 85359881
1 667 903290673
1 2246 120105220
2 2653
2 1572
1 2792 709769932
1 45 691079012
2 367
1 1899 410844297
1 913 673453278
2 982
1 1860 224990954
2 447
2 1916
1 1283 855998819
2 1511
2 1937
1 1187 378057186
1 750 729627596
2 1355
2 2975
2 2894
2 351
2 1929
2 947
1 232 577439230
1 1683 360304142
1 2991 728444830
1 666 33349135
1 2607 271281879
1 1161 323112425
1 6 5781511
2 1144
1 678 962840111
1 1453 424337881
2 418
1 2921 325915287
2 1356
2 815
1 1523 250838426
2 335
1 2629 71565492
2 139
2 2352
1 2689 523708931
1 494 538034818
1 1 142025406
1 441 649651363
1 671 276857905
1 2043 299163918
2 188
2 2442
1 2681 806040361
1 2507 242544857
2 2133
2 2829
2 2616
1 96 24378874
1 2311 637743470
1 2366 892681496
1 1666 784771103
2 2433
2 147
1 1391 976152595
1 1824 588070323
1 1818 57634680
2 1459
1 1364 442699098
1 1593 454601789
1 1633 577563493
1 25 879849282
1 910 907288088
1 2406 761599114
1 281 697005766
2 2823
2 1689
1 389 358891546
1 321 507088407
1 270 646740530
1 800 467927759
2 2217
1 60 518076005
1 2818 258590152
1 1671 649415108
2 2287
2 1256
1 722 906141967
2 566
2 1985
2 1041
2 2187
1 1954 300587978
2 2180
1 1254 521687537
1 1380 518086977
1 509 260518735
2 2883
2 104
2 1209
1 1747 584671663
2 2260
2 1552
1 314 665035630
1 2125 426182326
1 80 351173986
1 368 965677268
2 163
1 2112 570434947
1 2574 625672334
2 614
2 2307
2 613
2 838
1 214 477642151
1 999 867313599
1 32 593006740
1 1832 849605054
2 2752
1 471 692949656
2 2252
2 13
1 2508 565626373
1 414 173410224
2 2979
2 426
2 2475
2 36
1 40 304254330
1 2850 715959602
2 2151
2 2798
1 2503 421886443
1 2523 431034896
1 1000 125016587
1 1106 27790020
2 106
2 2374
2 1351
1 1605 526598894
1 684 610882319
1 2865 264977184
2 924
2 671
2 471
2 2087
1 2546 309280404
1 220 506009608
2 1272
2 2684
2 1424
1 603 423619115
1 2511 153503504
2 1732
2 480
1 1096 926900244
2 1794
1 1699 950966848
2 706
1 1012 670453629
1 561 762311764
1 1724 109598689
2 2695
1 386 414326807
2 1113
2 2493
1 1696 786233346
2 217
1 2011 440077646
2 350
1 2095 576094688
1 2143 855853658
1 53 924024626
1 2152 960975759
2 171
1 658 137999012
2 1294
1 2714 427089529
2 2519
1 71 882972258
1 2844 736976715
1 764 217604745
1 2961 909592076
2 1310
2 959
1 886 707926333
1 2389 127553660
2 34
1 1917 794850473
2 2775
2 2193
1 1339 667566097
1 2079 175103901
2 1961
1 1921 480301197
1 1733 557420578
2 96
1 554 728541592
2 35
1 2352 281114604
1 2971 767329481
2 835
2 689
1 2080 55163175
2 2259
1 2058 472475035
1 1396 128133739
2 317
1 66 157056920
1 1129 280747968
1 261 496877680
2 578
2 1926
2 382
2 2164
2 624
1 301 49844471
1 2356 839542624
2 244
2 74
2 606
2 1031
2 1651
1 161 639055519
1 1930 679650582
1 882 158346208
1 2228 756245391
1 1567 854489310
1 2212 673813900
2 2458
2 942
2 486
1 2503 204860772
1 1634 909172023
1 2668 262985177
2 1192
2 2255
1 2263 334327044
1 158 297195712
2 2743
1 1404 391623312
2 1827
1 101 307166943
2 2068
1 660 885885215
1 2756 223644553
2 1872
1 834 163416730
2 1536
1 461 770914951
1 715 659061088
1 2066 990809413
2 1764
1 258 171353352
2 1917
1 662 73802981
1 2194 815622270
1 2805 687470767
2 712
2 1161
2 1510
1 614 715327702
2 2907
2 1363
1 2241 990418653
1 2316 157990921
1 401 675792399
2 1960
2 2511
1 2567 412993418
1 2697 881648457
1 920 188105978
2 1747
2 72
1 2965 422500346
1 2590 35241816
2 752
1 2990 443959549
2 886
2 2979
1 424 922372314
1 2553 684234868
2 756
2 2306
1 2432 369040761
1 2128 621421125
2 273
1 219 741452965
2 2296
2 1572
1 2493 444272051
2 2050
2 1733
2 1644
1 2241 271682818
1 2232 489221149
1 768 374268662
2 1386
1 1110 532985023
1 767 611075925
2 1054
2 803
2 2341
2 2864
1 1079 22061998
2 2433
2 967
2 1671
1 2778 847959568
1 826 253371070
2 324
1 2587 12086226
2 1278
1 824 167103719
2 1543
2 1360
1 2113 332105133
1 1689 827091263
2 1965
2 2887
2 818
2 1455
2 820
1 1155 153429177
1 137 508907853
2 1079
1 2312 316624970
1 2459 933135146
2 1500
1 123 365961822
1 2965 360865195
2 893
2 521
2 1170
2 506
2 815
2 1697
1 2181 423139377
1 130 892814640
2 742
2 1376
1 482 244170893
2 1636
2 74
1 1089 86721210
1 1691 611098526
1 418 849246372
1 2318 117648449
1 1318 994136344
2 2774
2 508
2 98
2 1114
2 484
2 203
1 1498 337618362
2 178
1 1916 236740293
1 784 792234262
1 1830 964529569
2 621
1 287 314702176
1 717 468503699
2 2242
2 1753
2 852
1 585 897721238
1 1230 859396211
2 2047
1 44 405255907
2 2823
1 2238 583351273
2 1668
1 1581 629449256
1 2741 846093049
1 2617 953601839
1 1633 530170313
1 1729 424711771
2 1983
2 2771
1 1658 885097339
2 1517
1 507 477290142
2 500
2 472
1 1165 66490751
2 892
1 2993 979139117
1 2704 220870226
2 549
2 2626
2 1809
2 2452
2 111
2 2839
1 15 778535663
2 1087
1 1409 509953993
2 2745
1 36 916428068
2 2539
2 2358
2 2572
1 492 249407420
1 2581 642546672
2 1867
2 295
2 2430
2 1470
1 1810 352083165
1 1621 398930905
1 2463 614802522
2 2786
1 640 225242142
1 2324 917149429
1 2166 42308961
2 18
1 1577 933758169
1 615 578988931
2 2455
2 372
1 544 50345606
2 1341
2 138
1 1840 926276755
2 1362
1 2545 27486035
1 1587 93811301
2 2834
1 2690 680688162
1 2042 104037428
2 2785
2 1765
1 1772 796417797
1 939 148923078
1 2986 388364192
2 2060
1 1253 520841159
1 2939 168418572
1 1787 59827890
2 1225
2 318
2 508
2 2954
1 504 554160165
2 311
2 1293
1 2735 922994367
2 1602
2 2352
2 2098
1 1876 211792997
2 1989
2 1984
1 1465 19298827
1 579 866545916
1 1841 893050376
2 2088
2 45
1 2582 743865660
1 779 981381574
2 806
1 757 120259247
1 6 973596752
2 1827
1 1261 114812406
1 19 399007396
2 879
2 1223
2 1305
2 784
1 1344 235457249
2 384
2 1086
1 1292 314616955
2 2941
1 2139 432894445
2 2784
1 609 613615581
2 2567
2 2839
2 1610
2 1927
2 1017
2 963
2 626
1 1951 661070948
2 1259
2 1879
1 2617 230945757
1 218 92777216
1 56 657691956
1 1832 907164690
2 229
1 753 549490079
1 2514 297264716
1 2143 550394999
2 1633
1 1365 143941997
2 355
1 1520 447427985
1 2833 354034587
2 2534
2 987
1 37 181286654
2 2081
2 390
2 727
1 1467 550901165
1 605 67329956
1 2517 867309549
1 486 983276839
2 770
2 184
2 1645
1 1461 94382946
2 1615
2 2352
1 1173 314405631
2 1634
1 2731 963069456
1 1749 840525017
1 1968 823831056
2 1602
2 1995
2 2656
2 1886
2 413
2 24
1 936 63757912
2 1272
1 110 636226868
1 766 792350208
1 2117 997192313
2 781
1 1958 235003099
1 392 722881609
2 1519
1 2457 3014282
1 1424 129475227
2 2968
2 1293
2 2291
1 1533 772139953
1 2633 755216627
1 1393 582842194
2 1660
1 2176 89570123
2 1007
1 1728 425906217
2 2509
1 544 715025931
2 2036
2 845
1 760 712520090
1 2155 238593929
1 2803 924494320
1 2061 713734441
1 2380 962196951
1 855 513545167
1 2382 286281353
2 2075
2 155
2 929
2 1690
2 747
2 1742
1 400 393937445
2 1167
2 2760
1 349 128649786
1 2161 856763407
1 1995 321365521
1 736 661221807
2 697
2 1051
1 478 94420467
2 2469
2 1485
2 2898
1 1349 463979792
1 1933 56136866
2 2398
2 1998
1 2578 291759253
1 2816 793456514
1 2889 861967712
1 1403 306199397
1 2912 889942273
2 94
1 2851 999718560
1 1065 9162455
2 2865
1 1617 664222480
2 825
2 1451
1 442 294647860
1 1741 38994652
2 2103
2 170
1 2524 644954142
2 197
2 2915
2 2737
2 875
2 1343
2 482
2 664
1 1712 774037539
1 1205 604160591
1 2791 35748365
1 731 196071599
2 2697
2 84
2 1721
1 1115 505125411
2 2597
1 1375 677508782
2 1059
1 522 605021538
2 251
1 1154 122827613
2 756
2 73
2 2698
1 1850 741633387
2 63
1 1652 641400931
1 1664 721572728
1 2066 197705186
1 362 620562581
2 2802
1 366 765670439
2 2789
1 2218 708828076
2 1368
1 1936 784927059
2 2961
1 67 365713009
2 540
1 831 54901569
2 983
1 2298 259542497
2 2620
1 721 979049609
2 1679
2 1636
2 2863
1 2422 102297495
2 2928
2 1958
2 385
1 1043 253776938
2 2618
1 1494 572935755
2 2513
2 2888
1 1494 590144540
2 2175
1 1300 187843520
2 1363
2 1354
2 1639
2 482
2 2765
2 1704
2 1657
2 894
1 442 140422951
2 262
1 2774 229378146
1 888 110419861
1 2628 907696399
2 2789
1 2614 246935872
1 2364 391503833
2 1951
2 572
2 129
2 827
2 404
2 1397
1 771 219635094
1 1911 307591361
2 2776
2 1589
1 1849 320413870
1 657 74522630
1 1811 10938468
2 1974
2 1912
1 572 623814446
1 2308 967384343
2 1590
1 924 729781981
2 489
1 1386 773260599
1 806 831424987
1 779 88838540
1 2731 546886633
1 786 914841970
2 1190
2 1801
1 2523 552104381
1 2486 807568205
1 2127 24266265
2 1235
2 1044
2 2490
1 2693 636662094
2 1488
2 1709
2 503
2 1621
2 825
2 2500
1 986 288639920
1 1683 433150949
2 2662
2 983
2 4
2 80
2 2090
2 2267
1 1265 719126770
2 2788
2 1419
2 2087
2 1251
1 248 233691217
2 733
1 1040 458350883
1 2263 617711604
2 2210
1 2847 558429310
2 853
1 1109 146673081
2 2027
2 2810
1 1698 193821896
2 2402
1 2282 494039018
2 391
2 1431
1 87 607464868
1 1792 94305747
2 952
1 2144 784749476
2 1953
2 2508
2 1988
2 1661
2 1905
1 2206 754899373
2 2141
2 49
2 868
1 22 687681789
2 2747
2 1229
1 1850 103903555
1 1605 716284365
1 1425 271907800
2 452
1 1433 241981037
1 201 483373968
1 1189 617888809
1 2126 997855161
1 409 359907861
2 115
1 962 691195936
2 312
2 1704
1 1905 417575987
2 2320
2 1344
2 877
1 2415 943734521
1 1592 41776865
1 404 572243592
1 582 605829523
1 2288 968728445
2 2907
1 2890 554243352
2 2252
1 1032 593061171
1 978 407486105
1 542 682234208
2 460
1 1964 475769156
1 2237 676961905
2 962
1 1303 216102793
1 2701 310144526
2 1606
1 255 648465242
2 2713
2 283
2 1349
1 2295 784318221
2 2731
1 2350 316893762
2 1572
2 1021
2 1354
1 1092 868237289
1 1426 699314954
2 1801
2 352
2 528
1 370 43019077
1 2335 291632140
2 2072
2 2528
2 1587
2 2014
2 1509
1 1756 468132302
1 2296 999090386
2 2011
2 138
2 324
2 1471
2 254
1 2392 370775629
1 337 812560596
2 2220
1 986 938681303
2 2925
1 1408 462064495
1 2181 847416696
2 39
2 1322
1 444 510995599
2 1438
1 1313 834035679
1 1042 659636387
1 1778 373862093
1 309 797772422
2 737
1 1480 339192715
1 1077 172328437
1 989 926669285
1 201 696405490
2 560
1 1147 619317897
2 1588
1 186 59232930
2 434
2 988
2 103
2 2687
2 2364
1 2216 379504764
2 43
1 2921 204901351
2 895
1 1023 216749536
1 220 738696247
2 1995
2 1703
2 856
2 1632
2 2822
1 1030 713396292
1 2357 446567058
1 882 826001894
2 2781
2 1911
1 892 381135518
1 2569 223489413
2 2247
1 885 735456791
1 2566 687741260
2 1137
1 1546 151007226
1 396 117708214
2 1249
2 591
2 1684
1 2277 87934839
2 735
1 2399 486467463
1 2738 244764973
2 516
1 159 44343531
1 1736 867308802
1 1340 777340238
1 1819 977289300
1 657 367731953
2 2244
1 1412 799890006
1 622 526703356
1 2724 70240068
1 659 280512276
2 1316
2 2271
1 2482 167744522
1 135 8367379
1 1296 824135547
2 2386
1 2736 703519516
1 2279 116897224
1 2950 778586921
1 888 776130689
2 1513
2 2222
2 331
1 1886 725195888
1 1466 748563211
2 2291
1 2078 975865745
2 1485
1 758 836628382
1 1393 788921218
1 1917 282181652
2 1081
2 2033
1 2462 246607822
1 2805 911861950
1 1084 520463126
1 2366 218067399
1 606 27949268
2 1925
1 1531 160846217
2 2299
1 1432 567216287
1 706 372705305
2 606
2 2562
1 2053 989556172
2 2146
2 2554
1 1768 259632136
1 118 650341133
1 2243 736781382
1 952 947528331
2 2688
1 1389 365037225
2 2642
1 893 480885697
1 439 50557752
2 328
2 1144
1 394 434506487
2 2919
2 1124
1 62 578614540
2 964
2 2766
1 1126 614343550
2 1783
1 2371 800694616
2 863
2 2241
1 2340 749498329
2 236
1 1846 533736205
1 637 253186301
1 223 164775691
1 2857 957952221
1 733 975425626
1 2621 753150928
1 931 587894747
1 2439 48867099
2 2099
2 2014
2 1624
2 853
2 1426
2 301
2 2450
2 2441
2 303
1 2607 230429608
1 2840 694417893
2 2412
2 396
1 1224 67940219
2 1751
2 2755
2 879
2 791
2 575
1 1679 591901401
2 2858
1 2510 646430430
2 1555
1 2723 960228810
2 915
1 1173 217690607
2 1931
2 1243
1 196 493231794
1 869 889427680
2 2955
2 1553
2 1498
1 2776 905162147
1 2484 608447548
1 1711 910253693
1 1983 995037464
2 1166
1 1504 465534051
2 2739
1 2290 848863785
1 1991 150281163
1 584 622063989
2 2660
1 1292 558054958
2 13
2 1711
1 816 658308581
2 51
2 2729
1 646 369711816
2 1240
2 1193
2 1484
1 1585 859356770
1 1800 820273406
2 460
1 2677 901928756
1 102 898618011
2 417
1 1229 416732031
1 1408 174320315
1 915 172417280
1 1904 962009666
1 91 976486617
1 1114 309437554
1 2175 93382805
1 575 542595044
1 712 12510825
1 2424 628743297
1 2198 852760913
2 1962
1 1601 566660206
1 1864 698453537
2 2791
2 1169
2 2895
1 1524 441178400
1 2823 116171228
1 906 90706632
1 314 922275168
1 1476 47432031
2 2749
2 998
2 2571
1 1659 813682261
2 2030
2 1785
2 752
2 1295
1 673 395643064
1 276 686497566
2 674
1 979 836848416
1 282 153129981
1 789 748334832
2 2616
2 654
2 1065
1 2204 345343467
2 1100
1 2084 516624320
2 778
1 2006 24203247
2 98
2 1258
1 1765 779921953
2 723
1 542 844185506
1 1148 175585716
2 701
1 2897 396909106
2 2869
2 945
1 2507 352913852
1 2777 753770582
2 865
1 2435 206219194
2 1819
2 2920
2 1071
1 1505 173909943
2 1515
1 645 775434003
1 1491 773490553
1 1159 708434386
2 489
2 1055
2 416
2 1451
2 555
2 742
1 1939 916990905
1 2288 211521338
1 502 785771216
2 1463
2 2591
2 2301
2 1235
2 2483
2 1648
1 1421 589771378
2 2435
1 1078 944675812
1 1827 584107883
2 2470
1 2745 130193956
2 1218
2 1073
2 500
1 1094 82207928
2 2604
1 546 490420149
1 1030 745251958
2 932
2 1235
2 1070
2 2389
1 838 499178377
2 950
1 1180 467087491
1 1954 733261301
2 2876
1 2293 852505303
1 2909 969206073
2 990
1 2794 114176225
2 2669
2 1479
1 58 406005208
1 1287 520094002
1 2967 293735654
2 581
1 1215 326317340
1 2233 745221191
1 56 180382108
2 1180
1 2221 472458303
1 845 766119637
2 2392
2 1917
1 655 859154068
1 769 733089922
1 2405 783387252
1 344 659060264
1 787 631705223
2 1084
1 871 423009865
1 2045 127824967
1 2548 363332374
1 907 130177946
2 1635
2 2322
2 1441
1 2740 799886485
2 1282
2 1010
2 2326
2 500
2 441
2 2027
2 1888
1 2019 833288512
2 2841
2 1141
1 2067 260777330
1 2965 342274744
1 719 194665244
1 2072 966013612
1 1686 623047461
2 1081
1 907 806501390
2 684
1 1963 513518474
1 2731 216880910
1 1115 855007164
2 1753
2 2794
1 340 395725548
1 2103 38846219
1 295 505891743
2 2284
2 2095
1 1997 396834099
1 996 466912448
2 1874
1 340 972146684
1 1396 310128447
2 2971
1 1718 786252428
2 1390
2 1922
2 1377
1 439 129575442
1 2703 824160935
1 136 184916826
1 2961 368418954
1 1440 51268402
1 1929 920213818
1 675 149490723
2 2751
1 823 681962734
1 2332 504495124
2 1236
1 2031 306295225
2 920
2 2709
2 1343
1 1989 835724229
1 2937 416800677
1 2987 717927080
2 501
2 228
1 262 695196295
2 610
1 668 550262630
2 1577
1 2061 537565908
1 706 736299533
1 2539 813046435
2 2247
2 48
2 1399
1 97 717472499
2 1955
2 424
2 1993
2 2493
2 1920
1 1742 622672414
2 1700
1 21 379506290
1 1882 197885217
2 714
1 1510 970617889
1 1410 68018628
1 1156 282720899
2 2127
2 2214
1 2648 664325489
1 2461 807984240
2 1643
2 2177
1 384 807347613
1 1804 908629229
1 1209 70955760
1 549 300342258
2 32
1 26 781937587
2 848
1 2552 308829831
2 263
1 1366 214650798
2 2219
2 336
1 1452 689156717
2 1737
1 1994 593465113
2 2163
2 2175
2 1746
1 2934 640912373
2 150
2 1076
2 2536
2 1950
2 264
2 1461
1 437 517448787
1 1926 111678352
2 702
2 2446
2 1455
2 349
1 1302 860380108
1 2872 811785965
1 2560 416928868
2 2317
2 1910
1 2673 661756673
2 885
1 2045 141796964
1 2901 291219753
1 2985 305954951
1 1585 843268393
1 2584 237661426
2 471
2 805
2 2169
2 1269
1 1228 926980213
2 2870
2 863
2 1542
2 1055
2 1168
2 1721
1 1436 80698142
1 193 854143958
2 181
1 817 162540264
2 2839
2 349
1 505 804908291
2 533
1 305 255796737
1 1635 296929972
2 2710
2 2519
1 610 16271333
2 1544
1 928 321132521
1 732 729953114
2 283
2 994
1 2528 553256072
2 1903
1 2557 200897803
2 1886
1 1795 351987366
1 1061 806754747
1 2217 812466925
1 708 646469314
2 2610
2 1816
2 2376
2 2552
2 2849
2 118
2 450
1 209 158145279
2 2130
1 1097 407853570
2 458
2 107
2 1122
2 591
1 661 640071366
2 1183
2 113
2 2841
1 361 100878320
1 2864 243341381
2 2724
1 1502 481207058
1 1090 20721665
1 430 140985323
2 2020
1 2728 817516237
1 1396 51986271
2 2900
1 2830 814989542
1 2812 504270180
1 2774 82444676
1 476 427301159
2 1259
1 172 900466059
1 1883 468932734
2 2640
1 1096 667827572
2 374
1 434 240381038
2 1744
2 2645
1 2620 329726306
1 1693 290365195
2 1497
1 952 158326898
1 1115 677896959
1 2868 525749535
2 1722
1 1057 847579640
2 167
2 1280
2 2143
2 1421
2 2508
2 2034
2 345
2 1462
1 1572 781690999
2 428
2 1474
2 1879
1 2430 190059370
2 1997
2 2442
1 906 171212836
1 131 423586020
2 552
1 2991 667742641
1 908 249367654
2 1817
1 1483 861849675
2 535
2 741
1 2657 272971974
2 1450
2 246
2 2899
1 1939 800349276
2 2587
2 1589
2 1582
2 2975
2 153
2 1654
2 1828
2 380
1 1236 59294123
1 1627 459312210
2 1388
2 348
2 1038
1 510 767108629
1 2637 173502571
2 627
1 1061 859912908
2 2592
2 438
2 765
2 325
2 1117
2 1141
1 407 568158655
1 1861 602865995
2 1741
2 1242
1 2363 996036080
2 1400
2 794
2 1771
2 390
2 300
2 2494
2 137
1 1211 695991766
2 220
1 2844 242005972
1 2103 722189588
2 1584
1 2839 909721893
1 1172 973915139
2 400
2 2438
1 1816 599849791
2 2370
1 2560 66201904
2 1436
1 998 673620732
2 614
1 1991 684222861
1 1427 29921367
1 996 161112652
1 1067 964093368
2 2651
2 584
1 985 306603823
1 1978 482440319
2 2221
2 2943
1 1831 316224828
1 2190 311675050
2 81
1 2100 965578702
1 2989 823252252
1 23 848141462
1 2241 643400556
2 219
2 423
1 1169 752889489
1 2336 469188993
1 183 562451125
2 1219
1 229 475253341
2 2345
2 2620
2 804
1 461 221303474
1 1408 675481677
1 2288 341843756
2 1689
1 2146 928461499
2 2374
1 1891 995878896
2 1772
2 2216
2 1791
1 2493 758686473
1 2262 598419894
1 1702 133116886
2 2405
2 1191
1 2671 932061826
1 1480 942914818
2 2196
1 2886 29887330
2 1993
2 2383
2 2118
2 2741
1 2796 992315345
1 102 863688191
2 1647
1 2690 851087503
1 881 684946466
2 2781
2 1736
1 902 876113300
2 1361
2 2184
2 422
1 2279 773553704
2 189
1 1294 733099487
2 1537
2 2847
1 1942 599034307
2 2996
1 2296 936975226
2 2741
1 1004 535957664
2 2882
1 178 761236723
2 2146
2 1369
2 1826
2 1124
2 2219
2 821
1 831 575826766
2 288
2 1091
2 1602
1 778 428603870
1 2642 287080848
1 2319 325923863
2 1751
1 100 634649102
2 1723
1 1682 313113401
1 303 336559667
2 2249
1 496 225242251
1 985 276688448
2 562
2 1737
2 1194
1 2007 706241954
2 2344
2 975
2 1038
2 2016
1 1403 896500141
2 828
1 1772 282213415
2 648
1 1260 722910561
1 132 777357173
1 2394 345335790
1 2027 518010115
1 579 599414854
2 229
1 2216 118006410
1 2380 992606960
2 1673
1 997 363052014
1 491 798933683
2 1264
1 1951 971236909
1 1610 433577188
2 2124
2 1826
1 2807 256896806
1 114 297981303
2 2600
2 2279
2 2648
2 2971
2 3000
2 1681
2 908
2 1546
1 1465 212257967
1 2175 538251354
1 2372 747239581
2 1318
2 1012
2 2289
1 544 324372090
1 1436 6299921
1 1372 33807300
2 1958
1 1601 438022309
1 499 111122411
1 724 119533938
2 232
2 1882
1 895 890396656
2 2601
2 2180
1 2096 508269815
1 624 328030563
1 2250 851120462
1 1205 150214961
1 2480 718240852
2 2938
2 1678
2 1824
2 631
2 629
2 836
1 1559 11904937
2 602
2 2852
2 1562
2 1425
1 1413 701885233
1 920 702349198
1 1776 26802123
2 2510
2 558
2 692
1 2868 750968529
1 821 817894297
1 490 192637080
2 1512
2 863
1 119 713687868
1 2316 74311759
1 2009 858862499
2 2444
1 556 548945468
1 1195 865959236
1 2197 665388876
1 702 929860040
1 1523 765161733
2 2034
2 2049
1 2304 20196408
2 1476
2 2032
1 2765 44085227
1 357 624112947
1 2808 984407212
1 2936 909101239
1 2549 70236011
2 2304
2 1822
2 2936
2 880
1 2394 583504316
2 1294
1 1388 723121852
1 2883 800899019
2 617
1 1079 808472544
2 435
1 2989 285220461
1 1502 667290769
2 1290
2 1375
1 2793 319388359
2 2997
1 1150 633560056
2 1886
2 2945
1 2038 671293472
2 2189
2 301
1 184 60337063
2 2824
1 2388 256112327
2 1618
1 1181 590058381
2 1699
1 2029 117007877
1 1472 782663105
2 1470
1 235 213186804
1 446 724638243
1 381 603082306
1 48 490459170
2 2866
2 1105
1 2260 561885030
2 185
2 772
1 1940 945596196
2 2310
2 2064
1 2586 547131975
2 1928
1 867 814391378
2 553
1 2202 402080453
1 2420 859907105
2 1531
2 2469
2 1388
2 1154
1 1058 412402369
1 958 184031567
1 1853 78021792
1 1286 575668401
2 2517
1 2917 690892425
1 2094 12300687
2 2268
2 1009
1 2725 994340486
2 2747
1 49 56596907
2 1922
2 1671
2 1894
1 2975 245260502
2 142
1 799 601044363
1 44 655779524
1 2324 460765990
2 89
2 443
2 2372
1 1385 462426878
2 2072
2 153
1 2485 32359276
2 1133
1 1482 676764352
1 455 186573053
2 1639
2 2314
2 2584
1 291 924038232
2 1639
2 2308
1 82 335115828
1 2867 494928029
2 214
1 367 912209590
2 3
2 924
1 193 729626930
1 1640 169844800
1 2633 38401760
2 2334
2 616
1 225 910686709
2 816
1 179 60429549
2 224
1 495 840197540
2 2343
2 2117
1 2035 531990209
2 1230
2 175
2 871
1 2238 803632442
2 778
1 2273 839290522
2 1713
1 840 869211622
1 1277 307220170
2 2927
2 1719
2 1719
1 2533 665537823
1 784 527239205
1 1841 119368587
2 2836
1 381 422081935
2 2054
2 1938
2 396
2 2210
1 2913 586022884
1 187 149303749
1 1751 315467385
1 742 179154969
1 804 658392712
1 2519 709813328
2 195
2 470
2 1725
2 375
2 1448
2 2989
1 71 314868586
2 445
1 1075 774273007
2 2617
1 1482 799299767
2 2619
2 2541
1 1755 529586840
1 255 772891204
2 1875
2 28
2 2170
1 1927 117453386
1 2222 705639699
2 1359
1 207 1458108
1 515 217920918
2 456
1 2404 992199052
2 2567
1 2451 619201291
2 1296
1 2683 386694822
1 286 177117442
2 1313
2 858
1 2570 388927656
1 2608 735870233
1 229 911436635
2 911
1 145 338749688
1 440 499063071
2 281
2 2274
1 2510 89866060
2 2780
2 2724
1 67 288737378
1 2328 373348144
2 645
1 529 216065553
1 846 647624506
1 1102 255396741
1 250 700669953
2 2031
1 2818 736577267
2 903
1 955 40874239
1 361 337596728
2 2684
2 1425
1 1640 826461136
1 1245 974732310
2 660
1 909 281038674
1 2513 238729840
2 599
2 29
1 2111 290419512
2 958
2 2893
1 1807 725209937
2 2160
1 423 408895509
2 571
2 2902
2 2638
2 2346
2 687
1 1891 906783531
1 400 746993540
1 642 456477413
1 1804 150335001
2 1176
1 2013 239266617
2 2452
2 2056
1 46 738073837
2 164
2 2515
2 2064
2 392
1 2708 526132228
2 99
1 1729 485381316
1 2255 540096700
1 2083 652218430
1 1424 196850723
1 479 528093983
1 511 810364928
1 1849 94180607
1 1718 739417475
1 2744 123395297
2 2934
1 700 330735852
1 296 321118399
1 2439 842362215
2 634
1 155 911497466
2 716
2 2547
1 2170 866660190
1 782 923414008
1 1874 661363939
2 2592
1 1737 635523448
2 74
1 35 213671256
1 1043 187253099
2 585
1 279 953682962
2 1358
1 872 682475709
1 643 419405685
1 2268 306427243
2 2634
2 614
1 186 817228107
1 1815 464602409
1 650 83487196
2 2511
1 2480 484843752
2 1680
1 1010 468970676
2 1035
1 2989 21242727
2 1390
1 2445 855369440
1 780 908636157
2 2237
2 1397
2 200
2 2081
2 1776
2 136
2 1702
2 2261
2 1618
2 1331
2 2748
2 2719
2 2243
2 2711
1 484 561764552
1 2370 542651936
2 2078
2 1377
1 2261 560697815
1 1452 665399305
2 636
2 2713
1 1855 829353306
2 1169
1 2400 562729617
2 2900
1 2513 317436642
1 2416 844998068
2 1762
2 756
2 725
1 2218 572150814
1 455 973491382
1 2621 952696902
2 1480
2 448
2 157
1 1528 12023868
2 229
1 884 979711764
1 274 499366202
2 1218
2 1881
1 1060 490153793
2 852
1 1220 620919650
2 2590
2 781
1 2208 348620708
1 1867 839101774
1 1322 385858249
2 1396
1 557 486559813
1 2079 837303805
2 1319
1 932 757990508
2 783
1 734 487963937
2 1763
2 773
2 655
1 840 100415292
1 2144 561271935
2 610
1 952 737900167
1 674 823316775
1 1003 855040907
2 1768
2 2234
1 605 770194318
2 1615
2 2483
2 777
1 263 657980016
1 1401 615453846
2 2131
2 1652
2 1631
2 1411
1 809 657950440
2 1640
1 163 301377354
1 2939 832427208
1 637 279896795
1 93 224585264
2 915
2 1867
1 1305 3499366
2 1246
2 1181
1 1553 733155126
1 1509 589264852
2 947
2 2225
1 2990 274968447
2 2970
1 1961 508252425
1 532 419138863
1 1442 457273401
2 1354
2 2974
1 880 671206398
1 2508 907420496
2 925
1 2583 490205825
1 392 11043096
2 1148
1 1819 85060068
2 2284
2 367
1 2355 528059727
2 2854
2 913
2 2823
1 2551 305798037
1 1631 238166521
1 1261 563670885
1 668 794074574
2 1362
2 1335
2 12
1 537 587388256
1 1186 258352860
2 1933
2 1807
1 983 435115208
1 344 136210676
1 2988 540582212
2 1888
1 2516 895809566
2 1131
2 2316
2 2017
1 1967 261067598
1 2013 856271688
1 215 333342501
1 1173 525068695
1 1503 209563031
2 2530
2 2572
2 1291
1 819 355725581
2 1158
1 1229 268569950
2 920
2 2330
2 1446
2 1634
1 2523 47883170
2 2874
2 2580
1 62 176312749
2 1729
2 1194
1 1710 123527807
2 23
2 2313
2 1603
2 2709
2 792
2 2279
1 1209 903598005
1 728 934708316
1 1272 923352660
1 2972 407044656
1 2444 262065981
2 2488
1 1307 403857356
1 530 718715214
1 1283 240967597
1 2764 251914780
1 78 592507732
2 369
2 2078
1 2693 115157524
2 2613
2 1639
1 225 26582123
1 1153 515225238
1 1327 94128223
1 1178 684172457
1 2294 858322588
2 673
1 46 448852089
2 374
1 169 613803645
1 2437 684138464
2 737
1 171 859448583
1 924 963726098
1 1693 683415614
1 2244 594916651
1 2942 43137590
2 91
1 64 97588050
1 901 853193554
2 181
2 2807
1 2719 353866729
1 511 522519214
1 1950 319449446
1 1468 596472602
1 2329 847736195
1 2225 471482809
2 2031
2 2437
2 1367
1 822 223111552
2 1125
2 1166
1 1590 248731210
1 900 638742822
2 1031
2 567
2 2858
1 543 520217953
1 2513 903642722
2 1197
2 1792
2 2334
2 1700
2 1554
2 2793
2 170
1 1507 456914685
1 2586 159928791
2 1123
1 2948 570643923
1 1070 222431680
2 1198
1 242 6805521
2 2237
1 1177 217221535
2 1891
2 233
2 2438
1 500 911656932
1 2338 687838913
2 1044
2 1544
2 2194
2 2855
1 1927 627427275
2 2283
2 2019
2 2821
2 190
1 2530 700231204
2 948
1 2918 333760630
2 1549
1 2715 324098676
1 1141 952082096
1 2141 534849048
1 1967 86831709
1 249 359563583
1 1200 642515253
2 2398
1 2418 46286789
1 2819 754951576
2 2654
2 2515
2 2383
2 2309
2 1340
1 1423 489068795
1 556 702629673
1 1916 733839516
1 2608 524529435
1 708 84546715
2 2092
2 276
2 2838
1 71 536297485
2 1180
2 28
2 2623
1 1344 759659019
2 2453
1 2638 83631234
2 1255
1 2341 325015718
1 2166 151812593
1 50 443631617
2 556
1 630 376201410
1 2457 354896988
2 2825
2 2692
1 1592 122923415
2 380
1 468 880937568
1 1678 78906357
1 1556 954765361
2 592
1 301 81784887
2 869
1 1296 24178927
1 131 621120232
1 1707 686445211
2 659
1 987 633228549
1 2672 235916188
1 1505 50582136
2 450
2 499
1 235 942454582
2 669
1 2738 898629536
1 1984 591581486
1 168 449507636
2 723
1 1024 79791676
1 1336 714422605
2 1395
2 2505
2 2763
2 2532
2 1743
1 1467 500177793
2 2271
1 63 987911346
1 2649 3027949
2 1839
2 2709
1 2820 842799484
2 1700
2 495
2 959
2 2862
1 1925 442028100
2 388
1 61 537291091
2 903
2 1102
1 743 149195468
2 2357
2 2740
2 1070
1 640 142893990
1 2357 478948054
1 2166 342466449
1 197 854242983
2 570
1 1 175752626
1 833 161739307
2 1090
1 1139 801483605
2 2641
1 2655 38161188
1 2791 162555643
1 1998 722325330
2 1010
1 1555 83319028
2 505
1 2394 372698617
1 1282 726972623
2 1192
1 115 76401958
2 1562
1 31 592547025
2 506
1 2954 710554877
2 1262
1 2663 951415253
2 1913
2 2113
1 639 66272267
1 2783 143550874
1 1307 598395248
1 2036 499498198
1 124 954259166
2 2782
2 1385
1 2566 399131934
2 713
2 2033
1 1911 999156993
1 2605 315262120
1 1437 106587292
2 2903
2 1375
1 1595 500423450
1 2410 746539503
1 2100 180606851
2 1645
1 221 193270731
1 271 818125387
1 2832 315192474
1 2666 303656752
1 1430 997764936
1 2535 619697366
1 2575 52689392
1 1010 968760276
1 1019 723435219
1 2633 644199370
2 128
1 600 934712606
2 2790
2 2815
2 1528
1 231 240970357
1 1069 751418778
2 1105
1 1647 638733019
2 2441
1 578 166941787
2 554
1 1216 982389345
2 275
1 2835 114139446
2 1049
2 75
1 141 583880003
2 2122
1 1559 638626071
1 733 609368369
1 2835 622683630
2 724
2 2533
2 564
2 1024
2 372
1 1004 260309079
2 1829
2 1544
2 478
2 2157
1 1896 368582757
2 1124
2 734
2 1641
1 2225 241582951
1 857 67727361
1 1338 978636971
1 2912 220456311
2 487
1 2775 455902645
1 2466 749717534
2 957
1 863 21168410
2 819
1 188 716697472
2 2061
1 543 678545164
2 2207
2 1836
1 1902 543017098
2 301
1 623 464018981
2 70
2 124
2 848
1 1157 441640801
1 1253 540637757
1 1419 798534163
1 1291 910459347
2 1668
2 29
2 2546
1 2032 440172018
2 918
1 2658 62665188
2 2932
2 937
1 2287 254399956
1 1177 878452681
1 704 758593113
1 2326 34639366
2 1626
1 2324 523211813
2 2032
2 1132
2 1241
2 225
2 764
1 1210 529238351
1 2375 243862303
2 1105
2 1789
2 2541
1 2169 822180996
1 1259 110045610
1 1964 268636243
2 1827
2 2630
1 545 854358671
2 2107
1 2145 554986007
1 364 759437067
2 920
2 2049
2 1639
1 108 572128064
1 1873 20817894
2 1409
2 1520
1 1603 966480303
1 2276 103028405
2 2841
2 2669
2 1594
1 570 709194290
2 1077
2 2777
1 933 98804991
2 2057
1 947 719427063
1 2749 729701450
2 2133
2 2562
2 414
2 875
1 759 372106955
1 500 960904356
2 2510
1 2621 750230627
1 477 388187151
2 1456
2 2349
2 709
2 1930
1 2221 680232018
2 121
2 341
1 1880 181492884
2 1116
2 1246
2 278
1 404 551570257
2 219
2 683
1 1435 98208854
1 1119 388242962
1 867 729715716
2 2563
2 2845
1 1677 591821289
1 1148 282274383
1 2548 372250910
2 1438
2 959
1 1214 615381972
2 833
1 1569 534997720
2 1555
1 1720 462583307
2 1641
1 2710 594252092
2 2345
2 2163
1 727 638819370
2 2041
1 1029 904751054
1 1830 137443323
2 1994
1 1970 130504371
1 2 830198904
1 1641 974728872
1 925 416523473
2 2212
1 1931 895032442
2 1588
2 1943
2 1856
2 345
