3000 3000
269 420
420 2530
420 2600
420 1215
1822 420
420 2624
2226 420
2172 420
420 2334
420 2341
1188 420
420 1707
1742 420
420 2902
420 711
2485 420
2060 420
420 1983
420 2340
706 420
1305 420
420 1775
420 90
1261 420
2439 420
420 445
2618 420
420 1008
42 420
1394 420
1900 420
463 420
677 420
2725 420
263 420
1852 420
395 420
236 420
758 420
420 626
420 1840
420 2826
420 622
1017 420
420 1534
420 1781
420 2897
420 1934
776 420
420 770
420 2134
420 1412
1165 420
1158 420
420 624
1208 420
420 314
420 2664
420 1128
420 997
420 729
1471 420
769 420
723 420
420 1594
420 641
12 420
1899 420
420 1195
420 1199
1726 420
15 420
2735 420
2792 420
420 1201
1242 420
420 603
2793 420
420 1175
420 1980
420 1799
420 567
420 275
420 1016
2204 420
1762 420
420 1642
420 330
420 2539
420 2114
420 1404
2067 420
998 420
420 1391
1857 420
420 2195
104 420
420 1265
420 1583
2885 420
420 2945
2273 420
1318 420
1000 420
420 2700
1748 420
1846 420
300 420
420 1457
420 1700
420 2241
1401 420
420 1532
420 257
420 1021
1683 420
420 586
2867 420
377 420
420 2410
2012 420
1240 420
2721 420
2338 420
2089 420
1138 420
1028 420
420 1118
420 1183
1744 420
420 856
1556 420
420 668
420 1378
420 391
1823 420
2557 420
420 399
72 420
209 420
420 1114
420 1907
1633 420
420 2868
342 420
1916 420
159 420
2972 420
197 420
420 1325
420 233
450 420
420 1806
2570 420
420 1580
420 2145
1954 420
420 2469
1454 420
420 166
2058 420
420 1321
420 2747
2874 420
1200 420
2079 420
420 143
420 1470
420 2256
420 383
420 2740
420 402
1002 420
420 632
420 1285
420 63
844 420
420 806
420 1310
1352 420
420 171
420 2910
2840 420
224 420
420 2749
420 1225
420 2556
254 420
1247 420
2324 420
420 951
420 2538
1460 420
1508 420
420 693
420 1149
1577 420
420 328
420 2216
420 919
1997 420
420 1329
1656 420
420 1925
420 2417
420 1758
420 33
1077 420
1496 420
2091 420
420 752
420 1703
1525 420
95 420
1681 420
2303 420
2168 420
420 2790
593 420
420 540
420 1115
420 2070
2297 420
2037 420
420 585
497 420
420 160
1750 420
1063 420
420 299
420 2847
420 2703
420 2013
1290 420
420 1030
1413 420
2205 420
420 2928
420 883
420 1078
420 1766
420 2545
420 290
2038 420
420 2211
420 1169
893 420
420 1514
2280 420
2125 420
116 420
420 2764
2958 420
1465 420
420 581
1161 420
1379 420
420 2830
2261 420
531 420
1634 420
420 253
420 1598
420 2110
1076 420
2602 420
2329 420
1421 420
1435 420
420 2555
47 420
420 1074
2940 420
420 382
420 1727
420 2901
99 420
901 420
420 1796
49 420
2373 420
2368 420
194 420
1420 420
420 2488
420 1462
420 1933
2779 420
2407 420
420 2231
2208 420
420 1319
420 1279
420 607
1191 420
2578 420
420 2288
820 420
420 2663
1013 420
967 420
2117 420
1909 420
420 1374
1619 420
420 1936
420 822
283 420
420 1010
420 2203
420 2671
1894 420
1461 420
420 1350
628 420
2665 420
2219 420
420 656
2641 420
479 420
420 573
420 973
420 2569
420 150
1849 420
2752 420
420 1145
420 892
547 420
644 420
443 420
420 1648
420 2532
420 2144
420 1963
1869 420
420 1497
420 2815
420 2393
420 1207
420 1729
420 847
1855 420
617 420
420 1137
420 2604
420 393
420 2952
420 1476
420 2970
420 943
420 2691
420 2462
420 1353
2284 420
420 2348
420 1605
2757 420
719 420
420 1917
2817 420
2955 420
2827 420
1043 420
737 420
1037 420
2588 420
420 489
1300 420
1216 420
1190 420
420 2192
2777 420
1400 420
1452 420
420 1691
1023 420
420 216
420 1961
899 420
2236 420
420 1222
1375 420
420 643
863 420
420 177
420 2135
420 1120
420 1
44 420
2583 420
420 1723
420 2879
420 2660
420 428
420 2870
115 420
420 584
420 1709
1616 420
420 2474
420 439
2520 420
2788 420
2524 420
420 1057
420 2620
2300 420
1564 420
1611 420
2068 420
420 619
420 977
420 592
620 420
2106 420
1456 420
645 420
420 2780
969 420
1272 420
420 2692
420 2634
420 1984
420 2718
2800 420
420 2301
420 101
420 2443
2675 420
2056 420
420 250
420 347
64 420
420 718
1939 420
2071 420
420 550
2544 420
1335 420
2388 420
2426 420
420 329
1226 420
1612 420
420 1830
420 179
420 2978
420 717
503 420
2526 420
2794 420
467 420
420 2762
206 420
970 420
420 2378
420 1472
420 284
83 420
1919 420
1802 420
420 1665
420 317
1439 420
2 420
420 369
2278 420
420 2199
420 1446
834 420
420 1672
420 2220
1787 420
1283 420
420 2197
2775 420
420 1282
2996 420
76 420
914 420
1275 420
420 1950
208 420
343 420
331 420
420 1296
420 658
2099 420
420 942
1416 420
2500 420
420 2468
420 636
420 360
420 704
420 2274
11 420
1770 420
420 2577
1621 420
420 926
420 273
420 555
608 420
420 2846
420 1906
262 420
680 420
420 2394
2377 420
420 2563
2115 420
420 2949
420 697
563 420
420 1022
420 2961
420 849
2130 420
1569 420
2934 420
448 420
972 420
420 2225
325 420
2118 420
420 818
2914 420
420 2809
420 1923
420 889
357 420
420 1581
420 1036
2698 420
2030 420
882 420
1778 420
2642 420
1944 420
112 420
1609 420
2120 420
420 1573
1255 420
420 836
420 2528
420 1299
420 1459
1996 420
420 379
420 2560
420 1833
2702 420
420 79
420 1684
420 1102
251 420
1249 420
420 2332
1241 420
2391 420
1945 420
2193 420
319 420
1328 420
420 1760
2924 420
564 420
968 420
2343 420
2237 420
24 420
420 348
1913 420
805 420
1429 420
420 2328
420 956
420 936
633 420
420 2151
420 2873
1880 420
2461 420
323 420
1866 420
420 1678
420 727
707 420
1510 420
420 1266
420 1940
420 2352
734 420
420 562
420 660
2697 420
420 2149
2900 420
722 420
1203 420
1348 420
344 420
1234 420
420 2866
420 2027
2886 420
420 2964
852 420
420 728
420 1035
420 1109
2268 420
1801 420
2546 420
420 1124
1380 420
1381 420
2466 420
2611 420
420 2927
420 1751
2156 420
2424 420
420 789
420 260
420 2477
420 665
416 420
2547 420
420 69
944 420
1879 420
1173 420
1314 420
2052 420
921 420
1560 420
2081 420
420 753
1196 420
456 420
420 1911
420 652
787 420
420 841
1143 420
420 2198
2465 420
420 1125
2950 420
87 420
420 1675
420 2819
420 2754
420 2473
2248 420
1993 420
2102 420
420 2738
2139 420
420 2104
420 430
857 420
420 2350
420 417
420 286
1731 420
606 420
595 420
420 1828
420 1005
420 96
420 2406
420 1558
420 510
420 2645
420 1566
420 2918
420 1062
178 420
420 2513
420 247
2833 420
420 2032
2845 420
1578 420
420 1582
420 861
420 2201
420 410
420 1117
2277 420
98 420
2595 420
2785 420
420 1192
420 215
1291 420
420 2716
1396 420
420 1383
420 2024
928 420
420 2158
420 850
2805 420
420 1107
420 86
2985 420
1312 420
1988 420
2227 420
420 1554
2289 420
2533 420
911 420
420 2848
2979 420
420 2269
420 1111
2186 420
169 420
813 420
1769 420
2103 420
1713 420
1992 420
420 1186
133 420
1286 420
2173 420
420 1661
420 1278
420 2756
420 2834
2419 420
420 1876
1818 420
356 420
1844 420
420 2929
420 2651
420 1170
420 1596
699 420
420 860
420 802
470 420
604 420
420 2495
420 1756
420 575
2983 420
420 2670
2298 420
420 546
420 1427
420 429
420 853
420 1710
420 642
2587 420
248 420
420 915
2807 420
420 999
2331 420
420 271
910 420
420 1301
420 2865
2668 420
420 979
420 1829
420 2229
751 420
420 1343
420 241
420 2374
1320 420
420 258
67 420
420 2889
420 1920
2791 420
420 2657
420 2031
57 420
420 2646
420 1474
420 695
1323 420
420 900
1851 420
2568 420
420 1480
420 920
420 1559
420 1263
420 1355
1406 420
2185 420
420 130
420 1873
420 1808
420 124
1049 420
278 420
730 420
316 420
2783 420
420 153
420 1248
420 1148
420 1440
420 1711
420 167
716 420
420 1307
420 2456
2253 420
420 1965
1974 420
420 2980
420 1238
420 1946
738 420
420 304
420 2450
599 420
798 420
1086 420
420 2133
420 2148
420 2603
420 2999
420 2911
26 420
420 1233
444 420
420 2316
420 281
1955 420
420 744
2259 420
420 1522
420 804
420 731
2795 420
1236 420
420 2683
2244 420
420 682
1270 420
1271 420
932 420
420 1746
420 2397
420 1630
521 420
1067 420
420 2564
385 420
420 845
1551 420
121 420
420 1493
2132 420
420 1655
698 420
420 2529
2707 420
420 566
420 2850
1643 420
420 1712
420 474
420 2169
1921 420
420 1075
535 420
1964 420
696 420
1550 420
1079 420
420 1784
420 144
420 2065
420 512
2549 420
270 420
420 68
420 648
420 1838
420 1185
420 2506
420 473
2948 420
2531 420
420 2376
420 2319
623 420
420 570
420 252
1835 420
41 420
420 859
122 420
420 749
1140 420
420 2175
486 420
2255 420
2825 420
420 2981
420 829
420 888
420 243
1941 420
2621 420
420 527
420 1667
2776 420
420 2781
420 1473
420 1051
2141 420
2989 420
420 1020
420 146
420 2742
420 760
1103 420
1490 420
420 2408
1095 420
1167 420
420 1498
610 420
425 420
420 2856
267 420
420 558
420 2811
420 2905
420 2852
708 420
420 1881
2553 420
2164 420
420 1135
2155 420
420 993
2177 420
420 1164
916 420
420 2650
259 420
1698 420
420 335
2109 420
420 2069
1927 420
403 420
1359 420
6 420
420 625
420 1015
420 1198
420 370
2944 420
420 2444
420 1832
1743 420
132 420
2042 420
420 2178
2086 420
2853 420
923 420
2188 420
420 2821
420 2257
134 420
420 2330
420 1504
420 1999
420 2626
1179 420
420 465
1535 420
420 2953
420 2623
2049 420
590 420
420 1515
2181 420
2859 420
1177 420
1018 420
420 843
420 964
1859 420
261 420
420 785
420 2784
2097 420
2387 420
420 2105
924 420
2128 420
499 420
75 420
1150 420
420 1048
2916 420
2210 420
2690 420
420 962
2363 420
1721 420
420 495
21 420
673 420
420 669
1814 420
1865 420
245 420
420 1685
2147 420
828 420
420 346
420 280
420 1304
420 2206
420 2345
1302 420
420 663
715 420
904 420
2705 420
420 2492
2743 420
420 773
420 1217
420 157
420 294
420 2327
420 2310
420 2931
420 2154
420 1309
420 1039
420 1603
532 420
420 1024
2307 420
1034 420
186 420
46 420
2170 420
420 2862
420 1994
1953 420
1303 420
420 1488
1815 420
420 1110
1725 420
2429 420
679 420
1332 420
420 1085
420 2412
1632 420
2447 420
420 412
420 635
170 420
2404 420
420 872
877 420
498 420
420 742
1606 420
420 1651
513 420
420 710
1090 420
2770 420
509 420
318 420
420 1670
2619 420
420 544
438 420
420 1347
420 542
459 420
268 420
2615 420
1738 420
106 420
420 1948
420 840
935 420
420 2389
420 2315
2933 420
420 2828
131 420
420 1448
420 2458
420 1053
420 1574
420 137
420 409
332 420
2516 420
762 420
420 2947
367 420
2617 420
420 2551
2479 420
1653 420
427 420
420 2649
1747 420
420 1373
420 2672
1931 420
1367 420
420 823
1458 420
1673 420
2536 420
420 2434
420 306
2798 420
420 1807
420 2119
420 192
420 1757
420 476
404 420
1317 420
420 2076
420 1417
2714 420
1635 420
82 420
420 2597
420 2890
2994 420
420 1437
1364 420
1885 420
2044 420
2954 420
1123 420
420 2476
420 2411
961 420
2768 420
420 1464
420 1251
2437 420
217 420
420 2684
2558 420
420 2055
2720 420
420 400
420 2612
420 1976
420 1588
420 1942
420 27
1491 420
327 420
420 1728
1776 420
420 462
2054 420
420 2361
971 420
1065 420
1593 420
1142 420
1595 420
420 2715
2666 420
420 2813
1772 420
420 181
420 578
2264 420
420 2318
1104 420
2748 420
235 420
420 111
420 1410
420 246
1636 420
941 420
2799 420
420 471
1509 420
1259 420
420 65
420 2627
2302 420
457 420
1687 420
594 420
420 2497
771 420
1072 420
2653 420
767 420
2194 420
420 1426
420 1418
420 1214
420 572
420 1540
2457 420
420 589
420 1519
2390 420
420 2878
2224 420
1146 420
667 420
1714 420
165 420
420 2484
1524 420
808 420
420 2838
420 1009
420 507
420 2215
368 420
2354 420
1487 420
733 420
91 420
420 2380
420 2041
420 2755
862 420
420 1387
420 301
420 571
1447 420
1926 420
420 1442
141 420
1860 420
420 1736
879 420
420 2029
1638 420
551 420
420 1007
672 420
420 2875
420 2966
1069 420
420 812
1357 420
420 2982
420 1730
420 927
420 712
420 2057
420 1362
420 1425
420 1100
420 405
420 2630
420 1774
2711 420
420 1539
2898 420
420 868
1660 420
2654 420
174 420
420 1995
954 420
2681 420
420 2678
420 2137
420 1486
420 2854
2306 420
1715 420
420 1912
420 2787
420 1154
2676 420
420 876
288 420
420 1541
2059 420
2987 420
420 1211
420 2123
420 960
1141 420
1466 420
705 420
420 340
2370 420
420 1326
420 1882
1614 420
420 1494
420 373
420 2913
1267 420
2656 420
420 1505
1688 420
420 1243
1287 420
420 1087
420 1696
420 838
420 2346
830 420
420 2095
1739 420
881 420
420 2272
420 775
420 688
420 2824
420 1599
420 1864
2744 420
100 420
420 2212
953 420
794 420
905 420
420 128
420 1029
420 783
2851 420
1520 420
896 420
420 1106
420 2823
912 420
2629 420
420 13
898 420
1422 420
2975 420
420 784
88 420
73 420
420 2773
1231 420
420 109
341 420
2832 420
864 420
420 1001
2751 420
420 2234
420 1144
420 621
1025 420
309 420
554 420
2605 420
420 1704
43 420
1260 420
420 1780
1789 420
420 2696
2344 420
1294 420
2356 420
420 2325
1345 420
756 420
984 420
420 1184
2337 420
1264 420
1415 420
1481 420
1096 420
420 1548
420 1597
1098 420
2741 420
420 1408
2974 420
420 701
420 1753
1385 420
420 51
420 1054
420 2789
1194 420
420 654
420 180
420 2403
264 420
420 1622
420 2609
420 2712
1990 420
420 2831
420 312
2270 420
2221 420
1390 420
1613 420
420 2753
2405 420
420 2308
420 2746
740 420
364 420
420 203
2895 420
237 420
420 198
1682 420
2932 420
1250 420
810 420
420 2239
420 1702
420 526
420 2767
963 420
420 2510
420 909
420 746
420 597
500 420
420 502
420 2092
420 411
2000 420
1767 420
420 1985
1987 420
1513 420
420 2162
1041 420
565 420
754 420
293 420
420 1444
420 811
2509 420
420 1966
420 2336
871 420
193 420
420 205
420 613
420 1334
36 420
420 1836
557 420
1884 420
420 1625
2896 420
917 420
420 1631
2731 420
1392 420
2063 420
1339 420
420 1451
420 2467
420 2200
420 1771
420 1842
1788 420
2101 420
1831 420
2366 420
2759 420
420 2562
1628 420
1952 420
420 833
420 1706
846 420
420 1139
420 2436
420 1397
568 420
420 2881
420 2073
1220 420
129 420
420 2843
420 487
420 2637
30 420
420 1972
788 420
213 420
420 1230
2680 420
420 2674
2077 420
420 1101
2176 420
2196 420
611 420
420 1289
2320 420
420 2415
420 2074
420 800
420 1889
1121 420
420 1745
420 1197
420 1883
392 420
420 1389
420 1951
420 1764
420 1958
420 2409
420 152
420 2053
420 1393
514 420
1761 420
420 2860
420 522
2942 420
420 561
2392 420
2009 420
1463 420
420 1533
1163 420
420 458
420 703
420 2483
420 1337
759 420
420 2786
420 2729
420 350
420 631
2100 420
97 420
420 1073
406 420
1579 420
494 420
420 671
420 721
22 420
32 420
420 515
420 231
1527 420
54 420
420 2750
420 989
349 420
1489 420
2262 420
2892 420
420 2421
420 2033
420 1042
475 420
1694 420
1816 420
420 1288
420 107
238 420
420 2372
1210 420
2893 420
1045 420
420 2179
420 1032
1937 420
1646 420
2727 420
420 2719
401 420
1324 420
2877 420
1669 420
2723 420
420 1826
1046 420
420 768
2478 420
1428 420
390 420
420 200
1617 420
2796 420
2228 420
420 315
420 851
2921 420
420 1518
827 420
420 1297
420 1521
420 549
420 2507
420 1129
420 2504
1552 420
2925 420
1981 420
420 230
420 1973
420 223
420 814
657 420
464 420
420 1773
420 2001
588 420
420 505
1284 420
2082 420
1590 420
2724 420
420 1068
2959 420
420 2508
692 420
70 420
420 1011
190 420
1322 420
333 420
1094 420
1809 420
420 501
2694 420
420 2470
1868 420
1218 420
1414 420
420 374
420 983
1793 420
2559 420
420 156
420 1134
2722 420
2995 420
420 2888
745 420
1949 420
420 2046
1959 420
1126 420
1644 420
1004 420
420 481
2992 420
420 543
420 2438
2449 420
420 1467
420 2839
420 2745
420 1813
420 2631
358 420
420 279
1905 420
28 420
420 2565
420 1411
420 1825
420 2487
420 2732
1156 420
420 1237
1989 420
420 2706
1689 420
2295 420
1083 420
420 2855
2872 420
420 817
2963 420
2189 420
420 1441
455 420
420 3000
420 1227
824 420
420 637
420 2920
895 420
2480 420
420 1897
420 2907
420 2766
420 2355
420 7
700 420
1507 420
172 420
420 221
420 1841
55 420
2085 420
2640 420
420 1783
420 1695
39 420
1523 420
420 201
646 420
2006 420
1782 420
420 277
1986 420
420 580
420 1720
2051 420
420 2446
420 421
2430 420
420 1033
420 1886
1862 420
2822 420
591 420
420 1506
420 2246
420 2312
147 420
420 1133
420 664
420 184
1699 420
2581 420
420 982
832 420
420 2094
579 420
1333 420
799 420
420 1763
750 420
2275 420
420 582
420 987
420 1182
62 420
1206 420
2349 420
420 2599
420 388
2014 420
1819 420
420 638
420 2622
1998 420
420 2863
1544 420
2887 420
420 483
2357 420
2527 420
1737 420
420 533
420 1501
1366 420
420 2011
420 1607
420 748
1483 420
519 420
2281 420
480 420
5 420
2835 420
1705 420
627 420
2884 420
420 537
420 2512
492 420
420 2007
583 420
211 420
2309 420
1274 420
420 2260
420 163
777 420
2842 420
2481 420
420 2625
1061 420
1176 420
420 485
420 1898
420 1589
249 420
2899 420
735 420
1629 420
282 420
225 420
420 681
420 574
1433 420
1639 420
420 2607
2633 420
2908 420
420 351
2903 420
2561 420
2452 420
420 2939
1130 420
353 420
451 420
420 653
2808 420
420 1239
1837 420
1735 420
2423 420
1817 420
1516 420
2008 420
420 508
420 2464
420 2375
420 2364
420 2857
1547 420
1093 420
2880 420
420 378
420 2064
420 1924
2454 420
420 2685
420 826
2088 420
452 420
420 2039
420 408
324 420
420 154
420 2023
420 397
396 420
420 40
2386 420
420 2519
2772 420
420 1768
420 1693
420 880
2166 420
2679 420
420 2207
1765 420
1052 420
420 1202
81 420
420 285
2710 420
1477 420
2399 420
420 1932
1732 420
420 2906
1908 420
2459 420
423 420
420 1662
108 420
2441 420
516 420
2122 420
2628 420
1405 420
420 1376
420 34
420 1935
1553 420
511 420
1363 420
2252 420
2956 420
866 420
420 2677
2567 420
420 1038
420 2093
420 1657
420 2425
420 1877
420 1904
780 420
420 870
1151 420
553 420
420 732
1901 420
420 596
420 988
420 2365
420 576
420 958
420 2518
1512 420
313 420
420 1229
2689 420
420 2165
420 151
420 78
420 2525
420 380
420 559
2362 420
994 420
2517 420
420 472
1968 420
420 2381
420 1193
420 1795
2066 420
420 1977
420 1719
420 1479
761 420
922 420
2576 420
31 420
420 1342
1677 420
1136 420
420 1797
420 2858
420 2111
420 600
420 952
420 1854
1147 420
420 747
420 1615
420 321
420 2146
714 420
530 420
292 420
2573 420
420 214
2493 420
420 2943
420 2159
420 189
1979 420
2150 420
2080 420
2143 420
420 1890
426 420
420 1223
420 2209
420 407
1119 420
1528 420
1316 420
420 724
420 2986
2682 420
420 2638
420 2548
2636 420
420 2486
420 1827
420 446
420 1741
2968 420
420 766
355 420
420 1811
381 420
420 1258
778 420
188 420
1878 420
274 420
308 420
1834 420
1546 420
2305 420
420 2190
937 420
420 2489
420 2250
2271 420
2217 420
2582 420
2709 420
1647 420
420 2613
420 1432
420 2917
2797 420
420 528
1089 420
1555 420
420 2140
311 420
2342 420
2491 420
420 2131
420 517
420 986
420 1848
420 1872
1292 420
1431 420
420 2043
420 1368
420 2171
420 2311
2116 420
1543 420
420 2971
2647 420
1978 420
420 240
1956 420
420 793
1914 420
420 2962
420 816
985 420
420 2243
365 420
2083 420
2326 420
420 1805
2202 420
18 420
420 2475
2383 420
1092 420
2266 420
239 420
2871 420
420 2673
420 1012
420 182
2402 420
891 420
420 272
361 420
298 420
420 45
420 3
1204 420
2335 420
420 10
420 74
420 1777
420 449
2017 420
1891 420
420 2505
1453 420
1112 420
420 2514
420 162
420 2279
420 482
420 1450
420 1858
1443 420
424 420
413 420
420 1403
420 219
420 908
1592 420
420 662
2075 420
420 976
420 1424
520 420
2758 420
420 925
140 420
796 420
420 161
420 2061
2769 420
420 1499
2965 420
1529 420
420 1679
420 2432
420 1604
420 1354
2004 420
1853 420
119 420
420 175
1843 420
420 1269
420 2941
420 545
1369 420
678 420
420 1080
420 1697
1495 420
1105 420
2652 420
2991 420
420 1027
1918 420
420 2214
2579 420
420 825
736 420
2433 420
2760 420
420 2734
420 1620
420 2395
420 2463
420 1585
2062 420
94 420
2232 420
2282 420
420 939
2418 420
2930 420
420 127
2667 420
786 420
420 1276
1875 420
420 1824
420 548
420 1947
2574 420
689 420
420 1733
990 420
2728 420
1845 420
420 422
420 1219
676 420
1047 420
1565 420
420 1178
1370 420
420 518
420 436
420 35
420 791
2763 420
384 420
420 2317
420 1500
2040 420
420 2028
2686 420
420 1122
420 113
420 434
2919 420
420 837
14 420
139 420
218 420
398 420
9 420
420 1006
420 2213
420 1874
2726 420
420 2090
289 420
1568 420
420 2904
420 2167
420 2575
2499 420
420 176
420 295
1306 420
541 420
420 1627
420 418
2382 420
420 684
2290 420
420 362
420 1336
2922 420
903 420
420 2108
2616 420
420 2496
2254 420
420 959
420 1722
1484 420
420 725
661 420
420 694
2129 420
1482 420
420 2136
420 1166
420 110
1253 420
420 1570
2002 420
420 2157
420 1388
420 2022
1205 420
420 322
2138 420
420 1624
125 420
420 490
2594 420
303 420
2020 420
1915 420
1668 420
338 420
1280 420
420 1402
420 2048
420 797
2584 420
420 493
420 1246
2704 420
539 420
93 420
2218 420
1311 420
420 902
420 1014
420 629
420 1040
420 2534
420 655
1856 420
420 2472
420 222
420 440
2293 420
345 420
420 1810
1839 420
420 242
420 2369
420 1671
2997 420
420 2435
420 1618
420 2976
2351 420
420 2127
2072 420
420 1982
420 53
2126 420
1658 420
2837 420
913 420
420 523
2451 420
420 2739
420 1991
2401 420
1340 420
1971 420
420 210
420 1221
59 420
420 965
168 420
1344 420
420 842
1701 420
420 145
420 2572
420 782
702 420
420 1436
2662 420
577 420
2016 420
420 1640
1026 420
420 1759
420 2713
420 1268
420 2601
1531 420
690 420
420 149
420 1371
120 420
2693 420
420 2946
2299 420
1469 420
420 874
420 670
420 890
420 2590
173 420
2829 420
17 420
601 420
897 420
1058 420
420 2589
420 234
307 420
420 2990
420 1455
420 2993
1273 420
229 420
1586 420
420 386
894 420
420 1155
420 454
995 420
420 858
981 420
420 1676
420 886
1298 420
2761 420
420 1245
336 420
420 2688
420 1938
1315 420
420 865
875 420
420 2050
1895 420
1734 420
420 2938
420 23
420 29
420 1664
420 1530
232 420
420 244
496 420
1256 420
2035 420
420 605
1804 420
1674 420
114 420
420 685
2384 420
420 2806
2230 420
420 743
1088 420
420 435
420 453
1409 420
420 1099
2398 420
420 2820
420 2455
907 420
227 420
420 2923
931 420
420 1562
420 1172
420 2021
1358 420
420 616
2593 420
420 256
980 420
2915 420
420 1386
2655 420
2882 420
420 477
420 226
2251 420
1152 420
420 1084
420 352
420 354
2163 420
291 420
1468 420
2400 420
420 687
420 2427
1803 420
2121 420
1896 420
420 1070
1071 420
207 420
420 556
420 1542
420 305
2998 420
2523 420
183 420
2258 420
1576 420
2883 420
420 955
420 1754
420 1755
375 420
1561 420
420 1295
420 136
420 1050
420 873
1423 420
8 420
420 1365
420 58
1962 420
1975 420
420 618
420 1262
420 142
420 337
185 420
1922 420
420 2036
420 1157
420 2733
420 2661
420 1082
2353 420
420 1928
2414 420
650 420
420 2571
420 2701
420 569
2265 420
420 1097
1081 420
420 765
420 265
2019 420
420 1812
1281 420
420 2367
2420 420
2814 420
420 2876
420 2543
2153 420
420 2235
649 420
102 420
420 2503
2142 420
918 420
420 1791
420 2810
420 302
2891 420
1792 420
420 2124
420 2951
774 420
420 1252
1910 420
420 1395
1626 420
1969 420
420 85
420 1538
420 1492
420 1108
1850 420
52 420
420 1610
420 1277
420 2385
420 1960
420 2287
420 1356
2078 420
420 1331
420 1132
639 420
420 1600
1608 420
2554 420
420 20
420 1887
420 2936
2737 420
1485 420
1641 420
2276 420
1716 420
420 1224
587 420
420 1861
2803 420
420 713
1478 420
420 1970
420 220
420 2644
420 819
420 71
420 1967
1382 420
1044 420
420 389
2844 420
1502 420
1174 420
420 2428
420 934
2818 420
420 2608
420 1798
420 1752
772 420
420 1351
420 255
420 4
1449 420
420 387
2026 420
2018 420
420 809
1867 420
420 363
420 135
89 420
420 415
420 2606
420 1649
420 2347
2359 420
420 212
105 420
945 420
1066 420
420 1349
1654 420
420 1567
1168 420
420 56
420 1692
420 2494
420 2541
2540 420
420 534
420 1327
420 1786
420 60
2025 420
2292 420
420 525
420 2585
420 2005
420 691
420 2413
420 2926
420 164
420 2988
2521 420
420 2263
420 148
2182 420
420 1893
84 420
2771 420
1718 420
878 420
420 1892
420 709
2323 420
2802 420
420 933
950 420
2222 420
420 441
1650 420
420 948
420 2699
420 1584
420 2869
420 1785
420 1740
420 1180
420 2736
420 2098
420 66
420 2730
420 204
1398 420
2598 420
420 2490
1680 420
420 103
420 615
420 2191
1055 420
334 420
2648 420
2765 420
420 940
1171 420
420 854
1127 420
683 420
468 420
420 2183
420 371
420 2708
795 420
420 807
2321 420
726 420
975 420
2695 420
420 1790
420 2084
420 1686
2511 420
437 420
420 2422
1708 420
92 420
420 1821
420 978
2639 420
1091 420
2247 420
420 1228
2960 420
420 1572
1377 420
372 420
2087 420
420 1434
2096 420
420 2015
420 414
420 2010
1602 420
420 2778
1511 420
420 949
930 420
48 420
420 1116
420 2360
126 420
1153 420
420 191
420 1407
2286 420
1056 420
839 420
420 376
37 420
420 1549
821 420
420 674
420 2442
1313 420
420 2267
420 1212
420 675
2152 420
1503 420
420 297
2812 420
2592 420
420 1113
50 420
1623 420
1563 420
966 420
779 420
2471 420
529 420
1341 420
2957 420
1438 420
77 420
1308 420
1717 420
739 420
420 2717
420 885
2804 420
420 2371
614 420
420 887
420 1475
651 420
869 420
420 1863
2045 420
420 1293
420 763
420 1645
420 2801
420 1060
420 1902
420 1257
420 1943
460 420
2233 420
420 419
420 2632
2643 420
2537 420
469 420
420 2841
2580 420
420 640
359 420
420 1254
420 2283
1929 420
420 2635
1536 420
2047 420
420 929
420 1517
720 420
1690 420
2160 420
560 420
1888 420
433 420
1871 420
420 1601
420 2107
420 2614
420 831
38 420
2113 420
420 659
420 2522
2240 420
420 1430
2566 420
612 420
431 420
420 2313
420 1575
420 2291
2669 420
420 2502
2285 420
1384 420
792 420
420 2296
2314 420
2245 420
420 196
420 478
420 855
420 1637
1209 420
884 420
202 420
1131 420
420 647
420 2550
1399 420
2482 420
326 420
420 1779
974 420
2453 420
420 2339
1724 420
420 228
420 2542
420 1587
2977 420
420 2448
2379 420
992 420
420 2180
420 2937
420 2864
310 420
1659 420
1591 420
366 420
2416 420
420 666
755 420
2658 420
2431 420
2249 420
2501 420
2610 420
420 2161
420 1244
2184 420
394 420
420 1019
420 1059
420 2935
138 420
2498 420
420 781
538 420
420 1930
420 1526
420 432
2003 420
420 158
420 442
420 1557
2223 420
2586 420
938 420
420 2304
420 461
420 1338
420 2187
420 1187
420 504
815 420
1213 420
420 2909
2816 420
420 790
420 2973
420 2242
420 2294
420 598
420 2396
420 524
2174 420
420 2969
420 1361
420 602
447 420
420 2440
420 117
195 420
552 420
1160 420
420 2782
420 906
420 1794
16 420
420 1330
2687 420
1749 420
80 420
420 2333
466 420
420 2322
420 1537
420 2552
61 420
946 420
420 609
420 2591
2515 420
947 420
757 420
420 1162
420 1346
420 2112
420 835
801 420
634 420
1870 420
491 420
2535 420
2984 420
420 764
420 1031
420 996
1545 420
420 1820
420 1571
420 320
420 19
420 2445
276 420
339 420
420 536
420 991
420 2849
420 2912
420 1903
2460 420
420 484
420 25
1003 420
420 1189
1800 420
420 1957
2238 420
1419 420
420 1847
420 630
1159 420
420 1360
1232 420
118 420
420 1666
420 199
2774 420
420 1372
2358 420
2836 420
420 2034
187 420
420 266
420 957
2861 420
420 848
420 488
420 2894
420 296
420 2967
1064 420
123 420
420 1235
1181 420
420 287
420 1663
2596 420
1445 420
506 420
420 155
420 686
867 420
420 741
420 1652
420 803
420 2659
1 2155 948710074
2 612
1 570 957734382
2 2712
2 2736
2 823
1 2099 578441271
2 1348
1 1474 620691558
2 2587
2 2387
1 1657 254661359
2 2884
1 395 254172810
2 1624
1 1891 887729412
2 2403
1 663 725364107
2 2976
1 834 665126479
1 2034 727857632
2 1336
2 2008
2 268
2 157
2 1125
1 2319 340558437
1 2410 45059964
2 1487
1 1770 106673913
1 122 993559962
2 2072
2 894
2 230
1 624 700846980
1 64 940950949
2 1124
2 1763
2 493
1 702 160314822
2 150
2 2744
2 1585
2 2267
2 1431
2 2528
2 192
2 763
2 2828
2 786
1 2305 468622913
2 49
1 1935 276588642
1 704 406470766
1 2753 634554281
2 1648
2 1238
1 882 27262738
2 2680
1 26 599224989
2 2171
1 2955 531188804
2 2393
1 356 851461494
2 476
1 2922 316995471
1 284 491518612
2 2182
1 443 170757487
2 2832
2 2310
2 1196
1 1421 479194462
1 70 258693881
1 1077 104219104
1 1417 690340386
1 2141 949558737
2 1109
1 1134 347009698
1 1553 686782221
1 1855 972752296
1 198 347593775
2 641
1 589 955183885
1 1143 267055097
1 274 11916740
2 2610
2 978
2 427
2 121
1 560 87916605
2 2416
2 1379
1 1206 817803242
2 1136
1 1756 452700794
2 1037
1 382 703020476
2 1952
1 2616 502085347
1 573 483128504
2 527
1 1766 493946370
2 1064
1 903 622470590
1 709 533865489
1 2057 127095357
2 2558
2 1918
2 2548
2 916
1 2061 357817141
1 62 805372921
1 2147 294282286
2 337
1 1687 929895811
2 1011
1 2133 378823493
1 1290 966607705
2 1384
2 1794
2 721
2 1823
1 1283 325277726
2 645
1 737 238422444
1 2949 541728902
1 1618 202810038
1 1754 397802985
1 1805 668315516
2 651
2 600
1 290 115833271
1 54 501864449
1 2414 820371027
2 98
2 636
2 869
1 2260 26216452
1 655 35350737
2 2130
1 1260 925417603
2 2810
2 573
1 1649 512824999
1 1258 48524704
1 160 627627434
2 1077
2 1218
1 1466 551759025
1 825 74135594
2 2620
2 1381
1 594 923282039
1 2118 93187130
1 2443 311901181
2 2619
1 870 663186249
1 202 376647298
2 2318
1 2890 146298350
2 2092
2 478
1 2886 644396765
1 2531 780958763
1 2631 449256011
1 2364 758988821
2 536
2 1221
1 1663 342569099
2 886
2 2678
1 1673 416676743
1 78 347706614
1 1518 808187436
1 115 863365258
2 286
1 738 268143173
1 798 250452394
2 2337
1 2389 26323645
1 2751 809650120
1 2175 339458893
2 2685
1 1124 343303439
1 2412 800157919
2 1724
2 2976
2 1324
1 1212 228238465
1 1094 854439743
2 2278
2 805
2 1597
1 2631 10350736
1 496 476504833
2 1143
1 2106 39718432
2 1706
1 1180 910446433
2 1577
1 1890 719171437
2 1423
1 722 913507070
1 2116 512805476
2 1384
1 1586 780594930
2 2246
2 343
1 1187 338829278
2 1667
2 2755
2 906
2 1358
1 1685 400943745
2 1004
1 149 21430741
1 1448 300551723
1 9 481106013
1 2938 948888249
1 1409 78277020
2 1163
2 1890
1 1084 684627507
1 1315 147233455
2 2342
1 1800 984259902
2 2856
1 2686 128053875
2 2861
2 1712
1 1925 148703158
1 1688 285760001
2 2646
1 392 879332687
1 1659 540940611
1 1178 819397030
1 68 16164876
1 669 600972057
1 1454 393998908
1 955 485165154
2 2830
1 367 136945527
1 1737 671457140
2 667
1 806 95708664
2 1474
2 1487
1 618 835140520
2 2629
1 1077 335299548
2 2466
1 1464 555585848
2 1491
2 2709
2 743
1 1037 578232556
2 26
2 168
1 189 885043799
1 2561 22862279
2 434
2 1020
2 2163
1 1898 727367811
1 2955 602585914
2 1680
2 1873
2 899
1 1377 233671729
1 2896 621568097
1 1212 888533336
1 2130 47042053
2 1394
1 1195 234161859
1 1877 405895350
1 1735 842094145
1 1120 560881809
2 310
1 952 140714123
2 802
2 203
2 2545
1 415 882654321
1 1763 436597210
2 645
2 1199
2 2807
2 2458
2 2222
1 856 336176710
2 1720
1 750 448420240
1 2232 413773410
1 1648 317232267
1 2519 53946773
1 1880 815687858
2 2698
2 2511
1 589 975404267
2 384
2 2615
1 2289 295018123
1 2519 36733515
1 2476 826606789
2 2991
2 1830
2 1694
2 1591
1 2234 513852374
1 1650 335315973
1 2806 560072650
2 1253
1 2082 116579041
1 516 627729526
1 2121 709880461
1 681 815348545
2 2640
1 2016 748681408
1 764 754790305
2 2090
1 1988 559145748
1 1614 45655072
1 207 232008554
2 2063
2 2031
1 939 886136771
1 815 429719200
2 9
1 1242 863261716
1 302 294381134
1 806 350664142
1 1704 706976075
2 2447
1 1306 522686294
2 1319
2 2946
1 829 498593473
1 504 988127974
1 1404 692605544
1 601 245113773
2 2478
2 68
1 1890 543789968
1 340 886181106
2 1547
1 1670 581045520
1 2793 721932071
1 2979 930435373
2 52
2 1304
1 2471 6171999
2 757
2 354
2 2588
1 2412 603509050
1 1180 291353986
1 2712 678449585
2 1949
2 389
2 189
2 2203
2 1835
2 1076
2 683
2 744
1 2762 616425602
2 2660
2 2907
1 2588 514535258
2 2858
1 1303 171999320
2 567
1 1180 824797024
2 174
2 1554
2 1301
1 948 340594997
2 2719
2 1734
1 1631 110716255
2 1506
2 1552
1 2639 582058068
1 2979 116704195
1 1659 850821174
2 2753
1 662 570436666
2 923
1 338 108622730
1 2503 964934600
2 697
1 2132 932030159
1 1886 920225276
1 2416 168476422
2 607
2 673
1 834 864648082
1 1530 97656783
1 1583 120034735
2 2855
2 509
1 2995 896134511
2 216
2 2664
2 762
1 1567 624771364
2 248
2 154
1 2199 395356820
2 968
1 2840 291571930
1 2119 825571734
2 2192
2 311
2 1428
1 53 99391154
2 2276
2 662
2 2773
1 1126 690392649
1 709 116990765
2 360
2 1737
1 1367 263446323
2 169
2 1197
2 808
1 1187 632896383
1 2725 475279070
2 464
1 2822 427318143
1 2278 638469612
2 983
2 483
2 2870
2 1068
2 2466
1 392 965827025
1 2603 367894926
1 1362 461452466
1 1932 983070486
2 2383
1 1343 45287794
1 1002 405550994
2 320
2 613
2 918
1 1882 568845982
2 2671
1 1121 883204420
2 2882
1 2492 912935068
2 1817
1 2848 682118546
1 543 916198994
1 1981 466312709
2 1646
2 784
2 1718
1 1519 201064070
2 2106
1 1390 336752590
1 204 755598311
1 209 257656959
2 178
1 1474 988213341
2 793
1 1492 900320902
1 698 158199668
1 2767 203834511
1 804 443777265
1 894 187342563
1 2977 263919227
2 414
1 620 341750666
2 2081
1 1578 94336132
1 2707 475293854
1 2918 127587839
1 1875 498554695
2 1074
1 308 966198460
1 1900 512455124
2 1829
1 1558 563036886
2 1391
1 2458 506351841
2 1446
1 829 661068207
2 2171
1 2577 533352145
1 1799 422247921
1 1728 356275113
2 1595
2 2878
2 583
1 959 87542206
2 1800
1 1074 430575665
2 1095
1 2021 430944636
2 2950
1 2857 398096795
1 1013 480850464
1 736 409727108
2 805
1 677 449375969
2 2403
1 1596 309574157
1 1567 49362728
2 1867
1 14 779231342
2 560
2 2654
1 883 706964241
1 2177 655588834
1 597 186803804
1 270 531760929
2 1866
2 914
2 212
2 2509
2 1257
2 531
1 671 821954215
1 2696 373879633
2 2757
1 2224 666016316
2 965
2 638
1 1071 230166253
2 1573
1 1616 834530927
2 2285
2 2420
2 2175
1 392 591825648
2 1578
2 1708
2 1287
1 1664 910248049
2 2579
1 661 535223963
2 1285
2 1150
1 1616 574665048
1 183 721103421
1 2265 280168021
1 1269 331950253
2 1707
1 2431 221911348
2 1250
1 2437 912706679
2 22
2 1879
2 2521
2 2791
1 2131 423120772
2 610
2 2317
1 1388 482066084
1 1019 759179103
2 498
2 1286
2 1853
1 2170 549434033
2 2284
2 2212
1 577 870391679
2 2823
2 2433
2 2384
1 237 794493808
1 743 271729151
1 1261 978271132
1 2127 257936691
2 1846
1 216 35892732
2 2417
2 2292
1 2358 426823560
2 2984
1 554 829645433
2 1101
2 399
1 230 954977548
2 2538
1 1707 565233172
2 865
2 1518
2 2644
1 588 548297326
2 636
2 823
1 467 861516179
2 1243
2 2931
2 943
2 2098
1 2340 532915623
1 1476 73241074
2 2467
1 2034 277653473
2 739
1 1251 800272074
1 1681 970024396
1 1025 329642515
2 2692
2 262
2 896
2 1984
2 874
1 1985 205409456
1 293 490818088
2 1882
2 1171
2 2530
2 2766
1 1602 408217223
2 2760
2 164
1 2888 436645775
2 2787
2 1831
2 581
1 963 201778057
1 2104 584503549
1 1939 207658610
2 2114
2 2251
1 2276 863902221
2 2424
1 1976 688179207
1 559 69854370
2 1537
2 898
1 762 694330944
2 2251
2 275
1 629 52032237
2 2921
2 511
2 716
2 44
2 525
2 344
2 1207
1 1748 540982756
2 1086
2 101
2 735
2 608
1 2200 897409905
1 2377 25286375
1 232 679356091
1 285 101234966
1 232 531156988
2 934
2 2443
1 2126 681985735
2 274
1 622 106445934
1 2468 736763740
2 927
2 773
1 2073 994928473
2 2541
2 1644
1 1499 257572241
1 2892 441994987
1 1314 103926377
1 817 252717766
1 1076 663160327
2 1774
1 2397 329654085
2 2000
2 522
1 27 550608483
2 2930
2 1729
1 524 477251118
1 2651 867143644
1 1866 617772829
1 2812 782059719
1 1365 978441623
2 1434
2 258
2 551
2 2140
1 1104 32311576
2 2091
2 2868
2 2412
1 232 344674469
2 2809
1 1585 93624230
1 2579 124469789
1 843 343065625
1 2126 167421722
2 1609
1 221 810609277
2 2716
1 2287 344664007
1 2544 882931612
1 2889 726911842
1 499 313025096
1 964 401613917
2 2360
2 2880
2 549
1 2698 581091603
2 1025
1 1763 439449924
1 2009 180451913
2 210
1 346 680882679
1 972 120645945
2 2034
2 2497
2 1235
2 1073
2 769
2 400
1 766 988171826
2 2887
1 2610 243056877
1 2787 862523663
1 175 883902784
2 1443
2 1532
2 2789
1 521 332562394
2 672
1 1108 221758734
1 1552 83678108
2 2962
2 1142
1 168 114860170
2 839
2 1388
1 1936 431486269
1 1758 175235428
1 2031 790763484
1 2060 981670742
2 131
2 1573
2 679
1 1324 732372365
1 2443 855752214
2 1241
1 645 167176927
1 667 182246476
1 2304 747385378
1 1202 540418572
1 434 345036989
1 2490 675990215
2 1803
2 667
2 1787
1 1984 2670568
1 2540 747960767
2 316
1 1088 284184700
1 2725 477543882
2 2733
2 442
1 1495 488442280
1 128 834512192
1 637 314590289
2 564
2 528
2 2874
1 2376 822422556
2 303
2 601
1 1674 972436652
2 2996
1 849 324160735
1 1529 88139656
2 1738
1 2789 200729582
1 415 379688592
1 1399 371542383
2 1127
1 1128 170533909
1 2457 200164588
1 2242 253411060
2 1235
2 2720
2 331
1 2024 501957087
1 964 916769628
1 2174 804227141
1 1860 625309203
2 385
1 60 748782272
2 915
1 152 934414391
1 2211 446364075
1 216 450654094
1 2814 176183142
1 1664 774523066
2 1383
2 2236
2 1754
1 1007 129104169
1 216 90570403
2 316
2 2863
1 924 147647112
2 377
2 498
2 927
1 2981 405758158
2 326
2 2933
2 1217
2 1152
2 2743
1 2990 977053297
1 2751 927849237
1 2626 660760493
2 282
2 2523
1 2737 290605806
2 499
2 1504
1 1502 787317883
2 2066
2 1277
2 2501
1 1676 699572697
2 2743
1 2819 635929639
1 418 127771798
1 497 643438013
1 806 879383037
1 430 341134709
1 1565 694637602
1 489 711419936
1 2067 191810236
2 255
2 1334
1 2334 300455982
1 2962 575403921
2 2266
1 1930 825060308
1 1023 803000265
1 1451 957383765
2 2463
1 2745 877653134
2 1476
1 31 481812344
2 1985
1 729 660943308
1 445 853794733
1 2974 421496698
1 2969 978949543
2 619
1 27 786383547
2 1018
2 2682
1 2316 56130200
1 860 110618593
2 2618
2 1588
1 267 792443738
2 2905
1 282 473132670
2 2124
2 2407
1 1889 73428926
1 2336 918766882
2 1696
1 1696 156435405
2 2525
2 639
1 2174 58158317
1 1491 915340074
1 2124 853354457
1 1046 838920738
2 140
1 2209 317941106
1 742 815295600
2 200
2 351
2 1726
1 1027 162284041
1 579 995578794
2 886
2 732
1 1212 613966145
2 419
1 2390 81088637
2 2951
2 2982
2 2006
2 1222
1 1169 171375950
1 828 75102721
2 368
1 289 507177890
1 86 232251925
2 2188
1 935 601782539
2 2801
1 2167 733678882
2 415
1 2805 219774496
2 65
2 1857
2 908
2 1363
1 2841 251808232
2 2485
1 531 503756912
1 2202 226824833
1 2940 362208776
2 2736
1 860 896392755
2 2674
1 2979 416276832
2 2098
1 600 220410315
2 734
1 529 619975575
1 409 138365538
2 2468
1 1548 519422458
2 2294
2 1557
2 2779
2 2759
1 1766 439849730
2 2691
1 1355 555435393
1 1958 290207288
1 458 528013768
1 1524 338036311
1 1509 533313375
1 2021 346773280
2 716
1 2573 431947995
1 2095 972676302
1 2817 528461782
1 2077 566641479
2 855
1 404 169481412
1 1870 600143526
1 1840 76612041
1 527 966274342
2 2792
1 1915 468694003
2 1190
2 509
1 167 873065499
2 2682
1 491 373763954
1 1583 109951609
1 2029 408421354
1 1106 795886319
1 2534 747509147
2 1133
2 1173
2 183
2 1242
1 1204 701390244
2 341
1 2583 568918120
1 2161 69828223
1 950 158588715
1 486 526795961
1 29 455552924
2 126
2 990
1 1814 81165109
1 2776 632442173
1 352 422926846
2 2310
1 2167 792996654
2 427
1 1636 477261723
2 1755
1 2672 123154670
2 1636
1 682 30552894
2 1126
2 1593
1 1927 721545684
2 1156
2 1507
2 2961
2 1514
1 1932 378879143
1 1387 912405956
1 2178 500149431
2 217
2 1190
1 1419 745940135
1 2874 934758649
1 1642 862375259
2 1632
1 741 247202654
1 1522 143214713
1 1727 92253011
1 303 529684666
1 1541 606039272
1 2136 509774649
2 1449
2 819
1 1419 922151706
1 1798 706400109
1 849 530325747
2 2119
1 2445 920484891
2 883
1 287 51977161
1 564 834092699
2 1556
2 503
1 1254 701030673
2 2925
1 884 995705294
2 1281
1 1243 838183187
2 2323
1 2494 633398260
2 683
2 1580
1 2136 5303115
1 2424 898256593
2 1754
1 2397 74047697
1 1414 70020009
1 841 237275312
2 721
1 1946 50748933
2 199
1 1424 115747122
1 437 644459162
2 379
2 1772
1 2589 967513802
1 1600 946937154
2 1841
2 385
1 444 207983681
1 1601 7136734
1 1851 614570601
2 1245
1 2839 11421745
2 1208
1 2405 743322921
2 125
1 2762 145784972
1 564 222779034
1 1918 251232705
1 832 961575531
1 1934 401573908
2 1239
2 72
2 1018
1 1057 417508834
1 1782 894070822
1 2514 638297739
1 2235 477538204
1 2275 164020962
2 1779
2 2903
2 1559
1 2601 811621203
1 253 674196249
2 1118
1 877 232529340
2 1076
1 598 763953772
1 81 339254508
1 2035 251949817
1 1912 372682030
1 698 765826378
2 2728
1 142 202956017
1 87 63791931
2 2052
2 374
2 1636
2 1941
1 2722 244349391
2 425
2 901
2 292
1 1901 590609356
2 1149
2 1451
1 1408 189790107
2 2877
2 1272
2 263
1 474 988283827
1 465 624237976
1 2932 559483740
2 1998
2 2783
2 881
2 1850
1 2974 387760985
1 1960 409029977
1 1030 636837034
1 1475 535931817
2 2147
2 1977
1 334 131094275
1 1663 245391827
1 1558 399266666
2 2068
2 1315
2 1552
2 1395
2 2190
1 1251 338866369
1 2790 134673177
2 688
2 2855
1 2440 516569022
2 2099
1 803 493901198
2 2644
2 2743
2 1615
1 1627 163213054
2 62
2 442
2 1235
2 2052
2 2298
2 1112
1 719 323815359
1 589 25349390
1 177 475634615
2 2170
1 1134 352084626
2 131
1 2656 895408733
1 2958 460251337
1 2335 73111069
2 2542
1 2223 967585419
2 2654
1 1764 534515220
2 1640
2 196
2 472
2 1164
2 1860
2 2175
1 2045 777604965
1 1563 159136515
2 1515
1 2173 628420098
1 1540 607907837
2 1311
2 414
2 1487
2 2311
1 2419 732331423
2 1641
1 2995 512279618
2 674
2 2342
2 2492
2 2096
2 249
1 2827 159162726
1 1754 392622578
1 404 391074336
1 577 237465693
2 24
2 1724
1 1007 536626258
2 2220
1 601 58567449
2 2277
1 951 135151658
2 1344
1 2164 496544957
2 222
1 660 860170988
1 1822 95471745
2 1268
2 1850
2 2492
1 1213 652066207
2 1513
1 2224 233682948
2 1806
1 446 777200967
1 909 705081209
1 2254 911438162
1 441 523113280
2 1392
2 1814
2 2818
2 372
1 1819 468779367
1 1792 538530790
1 713 350917437
2 1261
2 567
2 2930
2 1122
2 1060
2 2301
1 479 613422009
2 2794
1 727 604234492
1 1451 331758472
1 2900 848212300
2 1064
1 1439 230375672
1 1690 994379986
1 879 686454258
1 96 844824333
1 623 190957061
1 1153 280582575
2 548
1 2938 388322566
1 842 993549871
1 1649 728161483
1 2383 544595663
1 1250 542451264
1 2348 761507541
1 1496 953952136
2 319
2 103
2 333
2 609
1 2799 187785680
1 974 803580057
1 243 802387131
2 769
2 2366
2 2039
2 1999
1 2297 611951447
2 86
1 1837 822663903
2 1101
2 1353
1 1518 318844078
2 672
2 1327
1 1313 365941785
2 2010
1 2845 252820762
1 2616 362134850
2 2160
1 1656 726549608
1 234 13049008
1 1003 545273948
1 759 124392117
1 1643 292219232
1 645 317643407
2 2660
2 1660
1 1594 13147995
1 2380 62202850
1 2372 720549191
2 1290
1 2991 278428390
2 2035
1 383 753521427
2 325
1 699 874082980
1 483 867550929
2 599
1 1833 649220508
2 1790
1 1312 336886407
1 2928 415346117
2 1242
1 2281 120220324
2 657
2 2244
1 2835 466776084
2 2031
2 1913
1 199 773730726
2 2010
2 1117
1 2570 400921284
2 2722
2 1000
1 336 22122732
2 615
2 1809
2 2731
1 934 596885634
2 503
1 1655 552307313
1 2302 207867106
1 1937 928015079
2 1431
2 1216
1 2397 238876079
1 1345 861824862
2 559
1 1396 410771047
1 1372 257354982
2 2072
2 1666
2 200
1 1711 811303158
1 406 831768813
2 272
2 2294
1 897 173423749
1 669 297094252
1 1165 530567431
1 146 958290673
2 728
2 2756
1 2257 118134017
1 1725 927106516
2 461
2 1670
2 2329
2 460
2 2974
1 179 196530652
2 2458
2 368
2 397
2 195
2 1675
2 398
1 1577 721012357
2 2544
2 2634
1 1366 878276202
1 2090 358050549
1 1515 170058058
1 2291 633496474
2 1038
1 2503 624327957
2 195
2 2175
1 1766 574414081
2 2602
2 140
1 80 266635367
1 139 977732836
1 2193 987799345
1 2084 940892835
1 2440 594398503
2 2086
1 332 469569618
1 1710 345512438
1 2409 123179332
2 1300
1 1756 686474352
2 1529
2 101
1 606 350329331
1 336 696880543
2 1935
2 1766
1 1969 586458952
2 863
1 769 682721532
2 2724
1 1693 727641325
1 700 419751817
1 639 303685170
1 2436 599672966
2 1624
1 1803 104935666
1 538 233472376
1 4 63214506
1 2106 208296122
1 646 914224071
2 261
2 2643
2 1177
2 1805
1 2309 953792829
1 2254 179741430
2 2556
2 2399
2 655
2 2794
2 1874
1 540 107147859
2 664
2 1190
1 2554 387575755
2 2270
1 1620 129563630
2 215
2 2234
1 2489 910433497
1 562 950230879
1 757 528978377
1 2042 510780846
1 2824 78263906
2 1965
2 1635
1 2368 722502894
2 2913
1 946 707921722
2 1090
1 349 820314017
2 2190
1 535 925776843
1 1148 161532092
1 2044 382153151
2 28
2 952
1 707 860528175
2 352
2 1502
1 145 945291246
2 1697
1 380 883656894
1 281 733835923
1 161 123579551
1 1655 521189794
2 507
2 1535
2 1419
1 1193 832725036
2 1856
1 182 684747734
2 2285
1 1246 824604255
1 1412 99758191
1 1664 102039361
2 1827
1 2010 881192416
2 2605
2 59
1 2740 609885776
1 1238 98873548
1 1132 577789304
1 2969 133253086
1 906 257945303
1 157 197360944
1 732 534233127
2 1575
1 2771 890204859
2 255
1 2272 35227196
1 439 664827006
1 2004 6826658
1 2919 182863716
2 436
2 568
2 1995
1 327 315396756
2 304
2 779
2 515
2 1321
2 1931
2 2830
2 650
1 1518 187363069
2 284
1 1675 518371301
2 2115
2 2720
2 1720
2 2072
2 1550
2 1354
1 1208 386103294
1 1278 996386521
1 14 974486382
2 1613
1 1002 940545079
2 2829
1 2736 370930975
2 522
2 142
1 1652 905799213
1 2249 20707538
1 1005 762602587
2 2321
2 515
1 2774 196362465
1 2726 506833632
2 1732
2 1555
1 1251 624995898
1 2921 472207335
2 2851
2 2490
2 1207
2 781
1 1624 610427631
2 122
1 2365 734429796
1 1310 159185472
2 1551
2 840
1 2298 598737269
2 2333
1 1578 999364851
2 2336
1 1307 609926992
2 2780
2 309
1 886 265641518
2 2919
1 2589 666910672
2 2537
1 2644 640797761
1 1551 56998461
1 1034 127506613
1 1299 159148652
1 2009 844470531
2 1763
1 2805 346880580
1 2692 106424644
2 1558
2 662
2 112
2 1089
2 2992
1 2398 161072719
2 2011
2 706
2 1115
1 1247 377748309
1 939 146757362
2 1820
2 260
2 2687
2 871
1 153 658635288
1 2180 355840880
2 2602
2 747
1 2877 458950731
1 1370 207357122
1 286 509415920
2 887
2 2018
2 1287
1 1422 400189603
2 1495
1 1243 178644521
2 642
1 2945 88283120
1 2866 539587714
1 2122 358560232
2 1652
1 2073 29432836
2 2798
1 340 108942453
1 1242 501427409
1 1126 425114403
1 2649 691938960
1 2417 684029548
2 2304
1 2363 821077281
1 1375 299015588
2 2935
1 19 482509474
2 2750
2 672
1 886 599992108
1 108 130569867
1 482 571389942
2 1209
2 1963
1 106 94374659
2 1271
2 1592
2 2015
2 1134
2 1550
2 2378
2 2520
1 878 325925515
2 1120
1 2039 287996762
2 373
2 509
2 2326
2 1763
1 2356 868548566
1 1192 922233105
2 247
2 2453
2 1253
2 1256
2 1904
2 1538
1 1262 570138022
2 525
1 2941 389846750
2 2321
2 1831
2 935
1 1803 298177594
2 614
2 1718
1 2564 493005490
1 2809 42105807
1 1344 142007589
2 2746
1 656 30002268
1 1144 200846177
1 1829 43967367
1 426 468516587
2 982
1 1424 563234252
1 2268 235908746
1 613 818383966
2 2066
2 2252
2 2888
1 2025 107483582
2 864
1 2554 495964916
2 937
1 2623 264656614
2 2788
2 2838
2 476
2 915
1 26 82598514
1 1182 250658983
1 121 884246416
2 1902
2 1421
1 1438 892780233
2 2690
1 2702 431873681
1 611 917915021
2 340
1 2480 265926974
1 1002 67124352
2 1917
2 811
1 1303 944307941
1 569 730765166
1 1385 263119752
1 2977 707226471
1 1407 404245460
2 314
1 1185 96680523
2 2003
2 540
1 1932 721191917
1 1004 80090680
1 902 311203186
1 1573 943799671
2 1109
2 2938
1 661 958166312
1 2054 977714501
1 1077 129040797
2 1875
1 2960 892192772
2 2568
2 1482
2 1383
2 634
2 1861
1 1755 701844300
2 580
1 2312 364151994
1 2055 279812801
1 1744 294144963
2 1125
1 2919 368349965
1 1505 748286565
2 1846
2 1495
2 2724
2 690
2 1189
1 2780 780676937
1 1515 837808033
1 1471 824880310
1 1763 258724388
1 1923 812495520
2 2003
1 2863 374626134
2 1529
2 1892
1 70 619180512
1 463 646937981
2 332
2 190
2 1420
1 494 280296006
2 1667
2 603
1 1095 46320585
2 216
1 2589 598832110
1 1585 543695309
2 1342
2 1245
1 2258 46181606
1 2088 573211910
1 92 135666331
2 2345
1 2847 929479035
1 937 413177338
1 728 323836086
2 2900
2 981
2 563
1 1349 847092949
2 1425
1 1953 802046498
2 917
2 121
2 1361
1 547 701312471
2 1345
1 2640 714334261
1 2087 264761974
2 1096
2 1333
2 312
2 1500
2 178
2 1139
2 2109
1 842 897865967
2 1829
1 2744 622979248
2 2165
2 1571
2 2154
1 2543 236057311
1 683 755541413
1 1553 638919367
2 2590
1 2437 747130910
1 125 324557291
2 301
2 1722
1 348 61676035
2 2240
1 1811 146655621
1 1707 83961767
2 1355
2 2025
1 2282 403076848
1 1385 246053585
1 90 580691477
2 2867
2 951
1 2810 484801070
2 2256
1 1406 662630669
2 457
2 1918
2 2606
1 77 449838327
1 332 834987024
2 994
2 756
1 293 110078708
2 679
2 407
1 593 913366813
1 490 812073450
2 616
1 1083 175287781
2 2093
2 20
2 1318
2 149
1 1601 752872257
2 2780
2 2164
1 1131 613566579
2 2139
2 2250
1 963 829839915
1 181 55442697
1 1085 75877038
2 1104
2 1821
2 2449
2 2621
2 2117
2 2277
2 1087
2 293
1 965 895077182
1 2956 42778082
1 2444 355787968
2 18
2 2494
2 1139
1 2170 532441353
2 1734
1 1244 854231850
1 1687 996509870
1 2932 721336157
1 2872 553915648
2 1067
2 2061
1 2468 45050671
2 2097
2 2185
2 1636
2 71
2 1071
1 1068 932383671
1 1914 112957615
2 742
1 1996 368842827
2 2406
2 107
2 869
2 2678
2 1566
2 1784
2 157
2 2607
2 1023
1 2260 998551589
2 2100
1 1212 325786986
1 2673 883852480
2 1823
2 2721
2 839
2 2750
1 1860 852341524
1 2419 199986860
1 2207 851497276
2 276
1 573 216938912
2 2785
1 677 934227515
1 272 495733074
2 1747
2 1410
2 535
2 895
1 2569 779747389
2 1868
1 1254 908705454
1 1165 138464406
2 2545
1 1990 784386224
2 2354
1 1055 50017603
2 907
1 2513 327496365
1 44 987903450
1 2651 75361263
1 2875 993076377
2 1521
2 680
2 2253
1 1249 811096947
1 1806 95660520
1 803 549652918
1 953 592396700
1 1833 37256219
2 2255
2 584
2 1295
2 2507
1 2980 37078681
2 683
1 2152 709635358
2 2210
2 1769
2 2009
2 1132
1 167 923391124
1 568 671543983
1 2428 548194199
1 2693 353977138
2 2221
1 1621 906250442
2 817
2 1546
1 741 626804165
1 1922 273487705
2 796
1 783 153414616
1 2729 868718335
1 507 919316404
2 1465
2 1202
2 1395
2 64
2 906
2 2462
1 29 836029315
2 2152
2 2205
2 1290
2 800
2 1595
1 2773 475881866
2 1073
2 2912
1 2533 675092333
2 1231
2 137
2 988
2 48
1 1517 627048644
2 998
1 1193 787113511
1 993 405503003
1 2796 674764911
1 630 834751389
2 2542
1 1400 161822517
1 2743 883852655
2 1621
1 1855 255012118
1 2986 33099945
1 1652 382292219
2 761
1 508 348150691
1 128 541435972
2 2636
1 1308 270567676
1 616 343721228
1 2759 944237349
1 1254 477156385
2 167
1 757 524793499
2 72
1 1802 747100721
1 1131 545743095
1 2405 920250256
1 695 13026014
2 736
1 1696 266195024
2 1009
2 2926
1 2688 375103479
2 9
2 2988
2 66
1 1298 628640474
2 1660
1 2270 394643983
1 1619 327488512
2 2918
2 940
1 19 757537438
1 1478 224423813
2 1819
1 256 591764094
2 1572
2 260
1 2322 814843614
1 1508 769266020
2 2491
1 755 707424081
2 465
2 1829
1 2521 985387810
2 2466
1 2858 561707822
1 95 558928004
2 1674
2 2566
1 884 725467672
2 137
2 1901
1 1266 115423886
1 1712 36356335
2 1621
2 1678
2 769
2 843
2 922
2 646
1 1868 919295866
2 2472
2 1756
2 2296
2 1960
1 84 130139945
1 377 148686102
1 2547 582193272
1 958 352199196
1 2170 206171873
1 1764 546426696
2 2477
1 1116 485873684
2 2632
2 1908
2 1900
2 473
1 318 366010432
2 2068
1 709 103823731
2 747
2 2820
1 834 473400175
1 2920 635844299
2 194
2 1258
1 2082 176239668
2 2688
1 1900 930717915
1 1415 982412904
2 362
2 2189
1 1097 824031587
1 989 375349277
1 2662 256161645
2 2547
2 159
2 658
2 2371
2 1098
1 1597 84027959
1 2838 688436553
1 1774 468412007
2 1166
2 1514
2 2
1 2861 611267143
1 2439 165514234
2 1245
1 853 284142375
1 218 22356384
2 1856
2 180
1 2774 520647806
2 45
1 2154 926789456
1 232 433376693
2 1472
1 1729 608141017
1 2168 180799671
2 813
1 2919 221020939
2 67
1 2163 965527148
1 341 944946044
2 862
1 2065 748163854
2 2741
1 659 778233605
1 226 538201611
2 1527
1 2992 774867442
2 2962
2 2502
1 945 723404929
1 2310 696296830
2 1070
2 2087
1 1430 561278268
1 993 704265676
2 2991
1 2511 913958819
2 1673
1 2266 496187035
1 1891 999537129
2 1796
2 1001
2 2980
2 171
2 33
1 1192 615999576
2 2240
2 27
2 2682
2 686
2 2096
1 2549 995746180
2 961
2 181
1 2063 142082092
2 1157
2 941
2 644
1 2941 693169421
1 556 769706379
2 896
2 1454
1 1358 653408237
2 2510
2 1151
1 521 625473125
2 786
2 2950
1 1748 216321909
1 2514 49739370
2 2244
2 1487
2 2158
2 1878
2 2852
2 2435
2 965
2 2969
1 799 773049350
1 383 434891659
2 2944
1 1945 919832696
2 413
2 2218
1 1208 736708906
1 370 595172979
1 1120 971684138
2 2227
1 1372 521650595
1 1698 223057558
2 210
1 2946 963748932
1 814 268358240
1 2835 516243623
2 2221
2 828
1 1275 348341313
2 2326
1 250 304784635
2 1250
1 885 595418716
2 1348
1 684 618344712
1 1633 551260698
2 650
2 2717
2 189
2 2057
2 556
2 2715
1 2222 530014223
1 551 313885791
2 1505
2 2302
1 1137 7118411
2 1765
1 986 676787139
2 1240
2 2096
1 303 492670119
1 1830 121202003
1 1897 262458494
2 565
2 175
2 2719
2 882
1 1179 308190320
2 1864
1 618 664207842
2 547
1 737 496638937
2 2580
2 329
1 1407 808603872
2 2252
2 1103
2 2074
2 2565
1 2628 315025345
1 2908 20677624
2 1127
1 655 135855483
2 20
1 469 302893162
1 1781 730508154
1 1108 659124230
1 1764 345068510
1 1757 635066551
1 1712 833193490
1 1040 417025285
2 1784
1 209 178356694
2 292
1 1729 354059754
2 232
2 1312
2 2595
1 2586 736101818
1 2480 349117444
2 1648
1 1268 336224736
1 2482 471781521
2 2280
1 1242 116827199
2 2408
2 2284
2 787
2 339
2 221
1 1206 136448028
2 674
2 2900
2 869
1 2172 70304232
2 713
1 2592 542510444
1 1901 927915214
2 172
1 2518 910245417
2 2283
1 321 612256726
2 1305
2 1871
1 2487 760153324
2 1148
1 395 533683864
1 618 769659925
2 911
1 1899 633158662
1 1371 285290749
2 2253
2 1950
1 1689 730331132
2 834
2 174
2 1598
1 1274 864560912
2 129
2 2130
1 2396 710372826
1 2579 21804268
2 1800
1 2400 702226609
2 1017
2 2470
1 1674 888504816
2 2701
1 1561 479685926
2 1776
1 1188 35717857
2 2496
2 2565
1 1309 655078607
1 2044 831481027
1 597 548273169
2 579
2 768
1 2638 654858826
1 1204 582756415
2 562
1 2614 299098675
1 214 728898491
2 1225
2 193
1 810 987633141
1 1571 613446767
1 2883 188844682
1 1408 812574487
2 2408
1 2232 472953942
2 232
2 395
1 2028 269669122
1 2484 550577520
2 1029
2 1731
1 570 480913939
2 449
1 400 384182337
1 1071 767295831
1 1519 470189616
2 1190
2 2545
1 2077 597823571
1 1676 77385918
2 1791
1 2338 125194822
2 2004
1 1751 276168918
1 378 779971775
2 1221
1 2764 821950582
1 1332 48839364
1 1202 770154932
2 1004
1 2913 927856200
1 1598 850834827
2 302
2 952
2 1550
2 1257
1 1168 365139668
2 1796
1 2126 930649876
1 2289 474971685
2 793
2 2386
2 2075
1 2042 700397311
1 1977 684962258
1 1571 340073489
1 2817 953993663
1 1984 936121789
1 361 528440072
1 2721 639063267
2 578
1 2278 142042466
2 2532
1 1303 998018860
2 1602
1 1906 247137448
1 311 244203959
1 1972 803232333
2 2418
2 2365
1 2815 286097576
2 2494
1 2263 704318772
1 2741 814875262
1 1265 530339610
2 1740
2 1650
1 2773 49545860
1 634 936311357
1 1233 580478445
2 2799
2 2809
2 2367
1 253 603599838
1 1544 271047004
1 1325 76695281
2 915
1 2117 280419298
1 818 878204959
2 589
1 166 850575801
2 808
2 1148
1 2124 754085499
2 330
2 202
2 1342
1 231 83128871
1 134 630593779
1 2220 611787698
2 1366
2 2569
2 2037
2 200
2 410
1 784 173898894
2 2974
1 1183 575516958
2 2691
2 196
2 1020
2 1788
1 2429 504461418
2 1396
1 1830 60440214
2 2048
1 1370 665887559
1 2307 64194472
1 1190 975236385
1 1030 467384692
2 1943
2 1189
2 979
2 2895
1 1780 575239576
2 2005
2 2041
2 565
2 2614
1 1272 526061844
2 902
2 570
2 1327
1 1681 322258522
1 757 928788098
2 2065
1 178 865438801
2 2077
1 333 732801171
2 2793
2 1417
1 1887 963527824
2 2632
1 887 397655406
2 1553
1 1931 445312351
2 2462
2 442
2 2930
1 44 651636964
1 2322 452042610
1 2471 691749512
1 1602 718227907
2 1720
2 338
1 277 144192289
1 1913 663230777
1 49 265611533
2 2922
1 72 828464517
1 1388 374009706
1 2764 695975725
2 575
2 2576
1 1805 417722243
2 1620
1 2102 24076520
2 1785
1 1487 711028739
2 422
1 2036 38615547
1 2554 314892884
2 1124
2 2636
2 2173
1 1753 959957384
1 2441 387964382
2 1093
2 1728
1 2987 454440030
1 519 155630684
1 633 936036454
2 240
1 1830 883833564
2 746
1 2407 265354708
2 2202
1 466 629344637
2 2523
2 465
1 1195 171629325
1 2425 547292848
2 1503
1 1516 161147444
2 2946
2 1565
2 648
2 1914
1 696 117955401
2 2552
2 1290
2 714
2 1861
2 2595
1 1245 34758414
2 245
2 52
2 938
1 775 28356546
2 1746
1 1579 600381625
1 676 358277660
1 241 596974853
1 2033 680912365
1 894 996768804
1 2181 759953970
1 2679 804640837
1 1161 649450515
1 2772 404716221
1 2886 583102611
1 810 264945095
1 2139 288307828
1 1271 50301313
1 1834 438594892
1 320 18056227
1 798 893997544
2 2525
1 65 243248610
1 993 716174789
1 2068 262794366
2 2907
1 1791 645743306
1 129 124937324
1 2618 852723957
1 1407 159867111
1 2019 612500719
2 2859
2 442
2 500
2 1298
2 2778
1 1410 951262479
1 2560 746152971
1 2924 826157026
2 320
1 2156 324372281
2 1998
1 2116 29310025
1 217 308043449
1 878 785382223
1 126 676814158
2 2282
1 2975 103208501
1 1393 33926679
1 1331 984360320
2 2522
2 862
1 404 421041162
2 546
1 2884 856961621
2 1847
1 1361 523195604
1 2656 8878846
2 173
2 1798
1 276 231804632
1 1794 318691818
2 2010
1 1206 516943066
2 1505
1 2412 934202879
2 2434
1 795 409241249
1 189 326369424
1 237 71577665
1 1379 696911218
1 941 774728020
2 698
1 728 783208772
2 185
2 1057
1 1198 916211528
2 1250
2 1445
2 2025
2 2674
2 768
1 1953 490062809
2 2545
2 2165
2 64
1 2007 870302577
2 610
1 2657 342487440
2 1662
1 2978 532753515
1 593 673401138
2 290
2 1599
1 65 283820271
2 503
2 1668
2 2567
1 1441 443609886
1 2760 999165724
1 1228 185930525
2 556
1 969 957308043
2 2910
2 2164
2 258
2 2342
1 886 182077638
1 2034 720680383
1 47 942813354
1 2135 695149483
1 2216 902873119
1 679 632218621
2 2351
2 1320
2 2265
2 658
2 1608
1 2345 388919543
1 2834 170825650
2 324
1 653 50380191
2 2046
2 1320
1 228 854303029
2 244
1 2191 244967509
2 2972
2 778
2 1042
1 1727 384614287
2 2467
2 1942
2 2948
1 1423 248831213
1 61 773895841
2 2001
1 1030 477948624
1 2402 146062486
1 664 83161567
2 2800
1 2006 511896820
2 2632
1 964 106430747
1 1391 928202176
1 2823 448335936
1 2326 432700714
2 254
2 1393
2 673
1 1610 212153510
2 984
2 1035
1 45 873725480
2 658
1 1381 370688597
2 352
2 347
2 2420
2 2959
2 2108
2 543
2 1060
2 2475
2 43
1 2709 282795957
1 2604 701061209
1 1026 989774215
2 2513
2 2875
2 629
2 1231
1 2666 174490916
2 949
2 1713
2 1414
2 1634
2 3000
1 2051 620973884
2 649
2 2860
1 2099 582991517
2 1371
2 451
1 2012 108054947
1 95 700057389
1 1260 41417141
2 831
1 2728 783339527
2 1372
1 1952 812574893
2 2447
2 2416
1 2261 78735330
1 561 528484900
1 1568 616958390
1 2020 876917908
2 1664
1 1776 78099086
1 1027 611377899
2 1068
2 2681
2 96
2 1148
2 2048
2 2790
1 1145 75927111
2 69
2 2344
1 1427 412267491
2 1079
1 2369 343197693
2 1458
1 1894 667801786
1 578 5038975
1 1195 260102521
2 777
1 2834 261428333
2 231
2 1198
2 1163
2 2781
2 1411
2 1221
1 2232 992492325
2 2708
1 2429 525567944
2 1843
2 136
2 1684
2 59
1 1218 871919247
2 2907
1 1600 546678031
1 153 101566639
2 2598
1 2312 303175038
2 504
1 168 846876013
1 273 889057578
2 873
1 183 472127973
1 1043 371151093
2 150
1 2988 158911433
2 2194
1 2553 85369898
1 2048 688106660
2 2970
1 1078 669200808
2 1344
1 1139 146127447
1 2713 926925135
2 1928
1 1246 326946154
1 1264 845418925
1 2467 5931722
1 492 604523991
2 416
2 2899
1 127 242822886
1 825 206874150
2 990
1 2166 859594802
2 1837
2 1057
2 786
1 589 440626926
1 2348 953521319
1 1524 855496288
1 1902 942891853
2 1322
2 622
1 1276 241570227
2 1429
1 1297 231769386
2 1176
1 2208 316106043
1 152 64977406
1 2667 461874607
1 2917 438182982
2 1787
1 896 834794091
1 485 924408241
2 1626
2 652
1 1728 109761870
2 2384
2 2914
1 1742 605118066
2 2251
1 168 437212882
1 1849 163565187
1 1687 786204562
2 2703
1 2871 306373524
2 194
1 1787 788462828
1 219 794381872
1 1578 912107035
1 1747 2208461
1 872 866780811
2 1076
2 3000
2 382
2 2954
1 495 732920435
2 1601
2 264
1 1943 404501793
2 325
1 2643 643194457
1 2820 928348358
1 1890 31523089
1 2432 279034261
1 2412 551084963
2 2367
2 193
1 737 159534731
1 2901 203944557
1 579 815508693
2 2273
2 2212
2 786
1 1174 893392749
1 2591 114301409
1 2800 48455741
1 1806 89968246
1 1746 842186065
2 1526
2 2418
2 1723
1 2277 153083824
1 1438 520202121
2 1505
1 844 431602594
2 2521
1 2490 673539504
2 185
2 1702
1 1683 870232363
2 1015
1 226 841208354
1 2912 739505250
1 878 728624556
2 393
1 1583 873747488
2 2376
1 1183 464791669
1 232 195211908
2 2954
2 159
1 2256 713877690
2 237
1 365 873650054
2 2266
1 1119 728811876
2 1808
1 585 288849056
1 2889 493560471
1 1550 252657297
1 83 63985718
1 1137 626191798
1 1018 899976604
1 2835 293928209
1 1301 823652123
1 885 842069187
2 509
2 2296
1 1130 409829216
1 697 817108918
2 728
1 1146 16628177
1 208 133979895
2 134
1 250 271392651
2 1987
1 914 48972134
2 190
2 1058
2 2434
1 743 649715527
2 114
2 511
2 1736
2 546
1 1093 676343681
1 2799 279160239
1 2723 878235689
2 762
2 2184
2 762
1 2509 661797591
2 2873
2 407
1 1694 549212016
1 1308 357397679
1 2622 340175616
2 2728
2 204
2 361
1 1804 5386714
2 1897
1 2223 321641308
2 1115
1 1099 363068006
2 1481
1 2786 158709138
2 772
1 1997 542175433
2 1235
2 1672
2 1464
1 2608 452909629
1 1777 379496923
2 1172
2 2579
1 2297 600433808
2 1997
1 1561 467290418
1 1146 402073979
1 613 905719203
1 2655 280614658
2 1505
1 1023 365963746
1 639 815957229
1 2708 170541889
2 2960
1 216 589905482
2 959
2 915
1 2175 878272452
1 2022 177221880
1 288 661162208
2 2688
2 2828
1 1792 435653093
1 2727 785054681
1 2451 724000204
1 2367 567973945
1 415 402626621
1 664 545302184
1 352 860077449
2 428
1 818 511908322
2 131
1 1111 377335806
2 846
2 2306
1 2081 309341635
1 1059 684188458
1 1128 640503612
1 981 495104794
2 833
2 1125
1 268 882766324
1 1637 167829874
1 2352 138496754
1 1072 310497897
2 1806
1 127 82332578
1 2818 769425091
1 2285 242996668
1 2224 780364888
1 1462 981437839
1 2324 604884017
1 662 292773195
2 862
1 1784 632878290
2 2660
1 2245 97119576
2 233
2 887
1 173 535797954
2 316
2 1774
1 2663 974082369
2 214
1 2012 416788537
2 422
1 1844 250817955
1 834 577602338
1 1841 546505816
1 1293 296808846
1 1387 213556422
2 231
1 538 888284297
2 1477
1 2565 139210568
2 1889
2 276
2 2986
1 1618 968113272
2 774
1 2790 804594093
2 2750
1 1538 964217308
2 1386
2 1996
2 2245
2 2868
1 667 303873993
1 726 874112076
2 1304
2 2297
2 1715
1 1112 509314250
2 2964
2 1087
1 851 353492436
2 1233
1 266 286652956
1 649 121110259
1 1140 771389548
2 422
1 2207 6052326
1 868 935841856
1 454 419936354
2 2423
2 2755
1 2121 88916770
1 2356 443683596
2 1463
2 2916
2 160
1 12 552270547
1 2902 913024086
1 970 126719695
2 2441
2 649
1 1985 230643002
2 1930
1 938 805233974
2 1866
2 1950
2 1525
1 254 225732958
2 2891
2 186
2 2624
1 2755 441029847
1 185 435543319
2 661
2 1076
1 2457 477525655
1 2080 269443426
2 2883
1 494 372072454
