10 100
4 9
6 5
4 8
3 4
4 7
2 4
10 4
1 4
5 4
1 10 421105506
1 6 758739169
2 3
2 8
2 3
2 5
1 9 290658303
1 4 223138745
2 8
2 9
1 3 714723103
2 2
1 6 763319205
1 7 341783466
2 8
1 2 937626093
2 2
2 2
1 6 612971581
2 2
2 5
2 9
2 5
2 2
2 3
1 1 542813617
2 7
2 3
1 4 280225570
1 9 19752433
1 4 267955330
1 4 115819127
1 10 604187366
2 5
2 7
2 9
1 9 100535274
2 7
2 5
2 10
1 8 464451632
2 1
1 8 921950852
2 4
2 1
2 8
1 8 87228522
1 8 213333274
1 4 508926586
1 8 366888745
1 9 787847587
2 5
2 2
1 1 513017060
1 10 691254238
2 4
1 1 204250783
2 5
1 9 30693615
1 6 949244701
2 1
2 8
2 1
2 6
2 9
2 3
1 7 10318993
1 1 864983437
1 10 101008578
1 7 759946554
2 1
1 4 834101440
1 9 453031718
2 7
2 9
2 9
1 10 648276716
1 9 648401015
2 5
1 3 868818185
2 5
1 6 247106091
2 10
1 8 309293498
1 5 671277608
1 1 946462937
2 9
2 2
1 5 875160477
2 7
2 3
2 4
2 1
2 5
2 7
2 7
1 7 607247006
2 2
2 4
2 2
