3000 3000
182 1308
381 645
1612 1109
30 1646
2663 2227
779 660
2853 1430
662 2045
1304 79
14 2964
897 942
1095 1970
971 2351
277 2418
1115 2707
220 175
2789 269
2392 291
2718 1782
660 2774
2984 2508
1710 2746
649 288
1484 1247
1568 1304
1430 2395
2663 1025
2418 1598
2383 288
1192 48
1304 1600
2015 2683
554 1304
1304 775
2939 2789
224 1304
1280 2531
701 2901
2950 1819
2539 2124
14 1325
2087 466
1670 2677
2721 2777
2539 544
1584 1782
370 2539
1731 781
1339 1553
2182 211
2799 1789
1831 856
873 1430
479 299
2310 1973
2907 840
1612 1911
896 1288
1612 2374
2207 2147
673 1236
1304 2737
2201 2746
2591 1785
1718 516
660 1430
325 1688
1668 788
1818 2499
1304 1118
771 2531
964 30
808 2531
2130 574
1111 1700
1942 288
893 1585
510 1308
1745 2714
923 1881
278 416
2663 2594
77 1308
14 2253
2736 68
351 1004
2811 74
1274 475
932 621
665 2046
1518 2714
2079 2804
287 2632
351 2736
2663 1940
1805 2539
2052 427
2607 1261
871 2207
617 1762
1746 2170
2418 2143
2677 679
2053 1274
1808 1668
263 1274
351 33
2629 2714
2130 2500
2969 796
42 1430
2475 1236
1626 666
2714 1159
351 97
1192 1149
2457 1062
211 2748
30 1434
1585 1677
713 2907
2531 146
897 1667
2804 632
896 785
2950 1098
1430 518
2621 2209
394 1071
1195 1304
2419 1287
1688 2421
30 2032
219 2796
267 2950
660 101
1379 1085
1302 1274
1975 2607
2607 1854
2207 2951
537 856
225 1304
2862 1818
2235 1711
693 351
351 2085
1880 30
2978 1304
2000 351
681 2950
2211 2498
2054 1062
2830 1585
133 2588
1127 1612
2214 1060
2571 30
2961 1060
290 2130
261 1746
108 2663
482 986
2572 291
142 499
683 1049
927 2663
2947 2714
402 291
2632 2327
2789 660
660 1262
2621 2897
233 158
660 320
1078 2130
1552 1310
664 2663
2207 725
2980 2508
2774 1295
336 2207
2667 2045
1380 802
1746 1817
660 2907
2950 2619
351 1039
226 2789
2539 2283
1420 2480
65 2950
2907 203
2663 2517
15 2407
1972 588
775 1252
2508 1376
569 2130
854 2281
2742 2777
1907 2755
2679 1814
2950 1851
1080 660
2539 1022
2247 2185
2774 2758
341 2508
189 320
2286 38
660 1948
2714 457
1062 22
2905 1785
2045 2821
456 2542
660 596
2541 2146
2222 2663
255 660
1725 1157
1764 142
1787 2607
660 14
1304 734
660 1904
2789 1277
825 2881
1548 2918
42 253
1593 1639
2621 2167
2207 1238
2609 2338
468 1576
1308 1852
2539 2759
1746 861
621 1844
1136 1430
545 856
961 997
1282 480
944 2420
142 1574
2531 1826
1600 2249
2532 2418
940 1066
2789 1402
1157 756
113 14
2136 1671
1861 1414
1705 2130
2705 897
1896 2950
1070 897
11 30
1785 1742
2055 1192
291 1328
2619 252
897 2768
2531 2804
2024 919
775 747
1683 2539
1740 1426
1653 1637
1746 1379
727 497
218 1606
2791 944
1165 1192
30 1005
2045 2336
660 2618
2703 2663
534 1585
645 1746
1189 2907
856 2610
1627 1304
1222 274
2198 1507
1652 775
398 1375
2824 577
897 2568
2498 1430
1585 2925
1740 2269
299 2972
1896 176
1713 2844
658 1746
2950 874
2689 977
827 2950
777 1893
1569 2746
83 2430
2793 1810
143 1414
1430 2364
1818 301
1785 313
47 225
2531 2091
2944 1372
2912 1430
2447 1740
211 2314
54 621
299 2624
177 1626
1364 2621
1327 482
2329 14
769 300
2901 660
1221 2339
897 660
1746 1470
2643 30
1986 2607
34 1626
1746 1622
1062 2362
1612 1825
1552 2717
1810 890
142 2449
1110 704
453 1626
259 1326
2607 1547
2382 396
536 2207
2200 14
2348 1049
1308 2823
1818 2414
2621 865
1740 309
775 1966
2800 1612
1122 2130
2535 14
2776 1430
2907 316
1347 1236
1060 389
660 2612
2024 2010
2950 2153
762 291
455 1785
660 1950
2045 766
2692 2677
2531 151
1236 660
521 142
1740 2952
1619 533
2240 1548
1274 909
637 612
288 1430
2525 1585
2417 1746
2135 1746
2552 1379
1600 815
651 2677
2077 2539
1304 2860
322 142
2130 2926
2777 87
1989 2950
2526 90
1684 1585
1500 1785
1095 1616
288 2728
270 1782
373 1532
30 1938
1430 2446
2619 1686
660 154
2130 1618
726 30
1711 2321
1269 897
306 944
147 1062
211 1181
2950 2497
720 1690
1177 2844
2844 672
660 864
1782 2300
1038 2153
1576 1178
2296 1304
2844 2252
2305 2207
1100 1192
2770 2161
2207 1042
739 1552
1077 1718
1413 1746
409 2207
2297 449
2829 1413
76 2950
660 2531
2789 2883
268 211
30 1964
1746 930
351 2547
1746 2929
528 1062
2648 853
1192 173
1688 10
897 1915
1679 2851
211 454
1274 339
30 738
1304 2437
1520 1017
1726 2663
1708 2177
1414 765
1393 1287
2844 367
1818 2322
2774 635
2901 1099
2710 2531
2539 417
2418 1620
1458 2130
2539 1321
1007 1746
443 1520
2069 1499
1308 946
1640 211
2839 2130
1857 2644
2359 1287
2463 1062
360 1304
1718 2122
2130 2363
1599 1746
897 907
1576 913
660 451
2663 1498
1341 23
732 2146
1068 2539
2539 1110
760 142
875 2901
1895 1414
2086 2469
228 1430
2459 2588
1049 1931
1842 2907
2145 1746
2785 2774
767 2950
2907 1344
2557 2824
1739 2950
1576 1044
1062 1106
1504 1304
2777 1382
38 2274
482 1696
2207 61
211 614
2034 2339
2950 1941
2746 2427
2598 1062
1785 1050
2663 2869
944 2519
1716 2130
291 1839
1047 1341
1278 1872
660 1520
1095 2242
2531 2798
1115 1755
1062 221
1438 1740
1475 687
1095 50
1785 2154
1060 1642
1508 1480
2531 1305
882 1304
2613 2281
2516 1414
2789 1227
1120 2950
2301 1746
1352 1171
307 660
1613 30
994 1718
1746 2725
1308 2455
30 2866
1743 2588
2637 1154
1095 650
1506 1875
1285 432
2207 496
2789 593
495 1576
745 1736
1430 39
1803 2714
394 2173
1062 102
1782 2396
2248 660
1430 1340
1723 1782
142 264
2663 1256
2756 175
849 1060
2607 1390
1967 1782
2318 995
2777 1456
549 1192
2607 675
2531 239
1226 2983
30 494
3 2663
178 1558
211 382
2903 1600
2303 2045
1785 2749
2539 155
2429 621
542 456
2037 2789
1711 2074
2508 1533
121 2339
1754 2045
2539 2950
2551 1744
2774 20
887 1430
660 1744
219 2658
2 2754
1718 894
1139 211
2607 2991
1688 1832
1785 2996
1899 1507
2618 1180
2789 1691
1744 311
2130 2845
2654 451
2789 1656
1746 2045
2435 2418
439 291
1293 2281
2477 2950
1304 1003
2950 1446
30 2787
1308 2854
1027 1585
980 1746
2075 351
2367 2677
466 1401
660 2677
38 620
2407 2604
2950 856
1232 2132
1430 1929
2860 1468
1231 2146
1308 2997
2944 2505
745 2950
857 482
1170 621
1146 2015
142 2354
139 1612
2545 2207
856 2788
1414 1023
770 1507
1430 67
877 1304
1881 1383
1430 2870
30 2815
349 560
2035 660
472 1599
1304 2082
1243 2907
1274 1373
2886 1430
1746 660
2291 1718
1746 354
1834 1585
1430 2339
351 1993
1746 1420
2936 2950
2293 30
2058 2789
1875 1304
2146 2349
168 897
2273 2261
2373 1746
1353 1304
1836 1746
152 2714
2684 2580
1758 2746
49 2677
1140 2901
1346 1810
297 1688
1956 1475
2607 1762
1371 660
1896 1728
660 1765
291 412
1035 142
660 1484
351 1157
1614 564
103 2153
527 660
2407 1772
1746 1695
2146 2950
1384 1430
2066 1308
2179 2714
2663 2331
979 2907
1062 2745
2789 2216
1304 1075
2809 1304
2950 1250
2914 1484
2418 2470
1062 2243
171 2844
1992 2754
1554 621
1576 1729
1192 1018
2390 1875
1571 1993
1576 376
95 1250
136 1896
603 2789
288 2849
1540 175
799 897
1746 1400
1430 1918
285 2898
2389 1746
1308 2016
1060 110
149 2679
2746 677
2118 2699
2677 1104
1354 1612
1477 30
2950 2668
1304 2706
1450 1062
464 1612
1535 2146
2634 2130
1062 62
1225 1737
2515 1236
1707 1507
2642 351
159 775
2131 2578
2569 660
1695 508
1062 2100
2950 631
379 299
2132 1746
2083 1379
1124 2539
2789 1235
744 700
950 2950
2410 2755
456 1386
1155 2104
2042 2561
2879 482
1494 2746
211 2889
2950 2508
2565 2138
1439 1520
116 142
1475 2563
1304 21
856 1858
2770 1841
1064 1062
660 2418
1274 1933
749 2418
2134 2045
2697 2950
430 299
1612 1901
288 1168
2599 2746
775 477
1101 2146
63 1304
2607 1069
2950 2027
2373 1578
14 204
2663 832
1187 1972
718 2498
2844 1272
2537 1308
660 1626
2663 2708
1767 406
2526 660
1274 524
420 1507
2056 660
2306 1568
2360 2860
2950 2666
1718 2938
2977 944
1711 2408
1087 1637
1356 2789
1164 30
2539 215
2698 2868
2065 2621
660 1422
898 1475
1878 660
1746 1335
1046 2746
2950 2391
1507 1883
1403 2299
59 1688
2048 38
1688 782
2407 2502
2304 1972
1727 2714
759 2789
2391 314
2041 1552
1746 2826
957 2207
1143 775
2418 2538
144 1746
775 1076
1266 2950
1552 2450
2607 1602
2230 1668
351 438
2895 1690
2250 1095
1999 2927
2391 2560
1062 81
482 863
933 2844
1430 1283
131 1062
1304 1009
757 1585
1669 1274
2907 914
482 1937
997 2186
1619 1746
813 1896
251 2539
1894 1062
1507 2827
271 1782
2146 1704
897 1694
2507 1475
2281 570
2729 1668
142 2287
2539 920
1292 2789
2714 1856
1740 1367
1219 2539
2045 1898
1576 573
1720 660
1430 2365
1768 1711
2587 2035
2814 2015
1052 456
621 937
351 440
1746 563
711 660
897 2822
466 2732
2875 1552
2418 1291
476 1062
1782 1563
124 2539
1304 2679
1160 2130
2950 2584
2619 2958
1130 1274
1184 1905
1430 2955
358 1379
1041 1520
1061 621
1612 1830
12 1192
2539 1416
2663 820
1483 1948
2714 2573
794 2789
750 2959
2790 30
1286 1520
660 2754
645 943
1308 717
190 1740
908 1896
1444 2418
2117 1304
887 1541
1343 142
2663 585
2218 30
1304 2534
2902 1308
1548 2223
1460 2588
2789 303
2418 2638
1290 2207
2950 1442
211 2942
1795 351
1308 1748
1590 1062
2950 1936
2663 844
1200 660
2073 856
312 351
1576 1203
2512 1612
2207 2686
351 968
1394 621
2872 2531
775 1338
848 466
1668 931
627 2844
2443 351
1543 1744
2412 1304
856 741
1304 104
728 2539
2180 887
1957 645
787 456
2906 2607
14 1663
2292 2045
1576 1916
351 2263
856 688
2038 2015
1585 2833
2674 2789
2550 660
2153 669
2963 373
621 46
2045 1812
114 211
1414 1509
2328 1520
2774 1545
2146 2921
122 2324
212 1818
1972 2397
2365 906
1225 2607
2467 897
2607 1738
660 1414
473 1711
2607 2114
1115 2531
660 373
1619 584
336 405
2063 211
1 30
1114 1746
2677 1249
781 1680
480 1658
2901 783
916 142
1234 1304
302 1430
940 2949
1824 349
2491 1893
2146 1331
2714 526
1891 1785
30 502
14 1634
99 2339
2716 1896
2365 643
2086 2049
1380 855
2196 775
989 2901
337 2663
1132 2672
2281 866
2663 2771
2844 2290
285 1297
1208 2663
231 2207
2824 138
2345 142
958 1746
2207 2702
2844 2874
30 285
1963 660
2746 1135
13 1184
899 775
304 400
2393 1548
1626 2442
2096 2901
1274 2403
856 670
2100 2225
2772 660
1575 1972
2146 2229
2700 38
2901 126
2620 1308
1260 482
660 410
1576 478
2901 2882
2607 328
299 1464
1428 2663
2159 1612
211 26
142 1676
1414 883
1760 897
1605 1430
342 2907
1600 193
1870 335
2207 2887
1475 715
2094 2677
2663 1058
1637 257
2820 1264
2950 483
2377 1430
1840 5
1445 2950
1414 1867
1430 2600
1528 1548
1304 1253
2089 2318
1576 716
2015 976
2015 1724
5 2663
2605 2365
795 1055
1308 1920
1863 1413
1430 2865
2950 1639
2950 657
1016 2339
2746 902
1746 2615
676 142
2508 1036
2868 142
130 2531
299 1820
1823 2950
480 850
1430 1606
2669 2508
1315 2663
775 232
142 1318
1304 750
851 1062
1548 2399
1113 1746
1265 2860
2976 1308
348 660
466 667
2339 2691
800 944
985 1484
1413 246
2152 416
2647 1304
856 1267
1496 480
1408 142
1308 423
2646 30
660 1375
2789 2506
1633 2539
1763 1671
2901 2239
2539 805
1274 665
1304 2017
1964 2974
1924 1972
2789 2843
1503 2508
2892 2378
618 1746
1746 2778
2207 971
2907 935
1091 2607
163 775
2539 2440
2531 2059
2109 1668
897 1345
2928 1688
1585 2029
2153 2792
2207 2461
576 2045
2950 1287
2146 2448
1102 2607
2940 1585
2753 2146
761 2607
2773 2950
1451 2607
1688 678
30 2244
1341 489
1274 564
260 2663
2531 2044
394 1190
1601 1062
663 117
2663 1209
553 663
1971 1414
2922 2022
2207 2727
2811 2751
1414 1802
2423 335
2950 1095
922 1520
1961 432
897 1355
1430 2818
441 1192
1089 1414
546 897
1657 1414
1649 2774
2434 1414
2539 878
2956 1746
645 723
648 2950
2641 2774
2184 351
2713 1452
1690 1304
1118 731
2123 660
1218 2663
459 1552
2663 2111
1746 1245
1304 1279
1637 481
1274 262
142 1807
2042 742
2746 1334
1949 660
2755 660
2778 1174
1746 831
1511 30
660 1715
482 925
1237 2130
1191 1688
30 1105
493 1192
1510 897
1507 2095
2207 335
2281 2950
539 2789
668 2153
1527 1308
1553 1013
833 2844
2907 954
1576 1374
730 2844
999 2386
142 235
2251 1419
1746 1366
1979 779
1552 517
1953 2545
1051 2950
1484 1516
1301 1896
2319 1184
1287 1984
897 2846
1266 892
660 2650
1750 1308
2418 1169
295 2950
211 1399
142 740
1538 291
2907 1621
2418 1410
1333 2553
2493 142
1430 164
416 305
1132 1746
343 1576
1848 2130
960 2746
2617 897
393 2774
2950 380
394 1430
775 773
2901 889
1896 2521
2746 947
2014 660
1594 274
660 2148
1746 868
2743 2789
663 674
1484 2877
482 1969
158 351
2418 921
66 1430
1308 1751
1668 166
1624 211
897 52
1361 357
2177 2126
211 2909
1370 2663
1388 2663
1579 2418
1133 2531
2264 142
2738 2130
2989 1304
1246 2588
2736 806
2418 579
14 1714
1903 1548
1576 1983
660 1612
1625 1612
1600 1717
949 1062
142 1897
285 1093
1304 2277
1655 211
1576 1512
1690 953
2539 628
1626 1466
2007 2146
944 1761
660 2863
2950 347
803 1746
2740 645
2619 2807
14 1481
30 2310
839 1612
2805 1783
2777 2279
1730 142
2219 2924
1948 2601
2539 1045
1576 746
2418 1358
1478 1585
1671 2385
1405 211
862 1274
2777 829
1308 1659
660 1700
896 1935
1746 434
2789 249
85 351
2944 843
299 2160
700 2533
2632 1323
2539 2712
2090 1964
2979 2086
1060 1629
1603 2418
1430 480
42 1990
900 821
120 1507
466 222
1981 2086
2207 2850
462 745
2808 2539
345 2950
1430 1719
258 2774
1746 1843
1576 1240
997 2125
2478 1553
2789 2559
2630 2663
1612 543
2844 1395
2944 2221
1919 1612
351 44
2238 1284
1430 2611
38 368
1673 2754
2789 2651
2468 1746
84 211
660 351
660 1576
2993 1430
1184 1430
831 2431
1065 1287
175 1567
2904 2418
2744 2536
466 2960
2860 538
1746 71
2627 2545
1441 1612
317 2714
482 660
1954 1414
2663 996
1785 2985
1753 1744
315 1304
745 504
2923 2365
660 1217
2789 2971
1775 2508
692 1711
404 621
2636 1810
735 351
1311 274
1537 1520
282 2318
406 1430
2714 275
1192 778
1552 1274
1785 1947
2663 686
394 1000
2151 335
1379 699
1287 1435
2365 2008
2622 2677
2268 2418
2679 1215
43 211
2445 660
250 1304
1304 492
897 2645
2860 2187
2714 2994
1816 2621
1585 2950
2276 776
463 1740
1688 230
963 2679
1015 30
2757 1711
1627 2260
1304 951
1274 86
1896 37
1572 2082
660 1769
2207 1244
775 2213
1507 660
2418 2197
2607 2380
2746 127
1479 1690
1644 2531
1810 2192
466 2841
2207 1562
1304 411
599 1668
234 2045
2531 2203
966 351
2438 2539
1304 1855
1414 319
482 80
712 1315
2276 1033
2224 2146
160 1785
2131 2607
284 456
414 1896
1746 1559
2739 2207
1377 2281
2422 2777
2237 1896
2950 2831
408 2531
2407 2325
1316 2663
1994 1688
2950 2682
14 1072
1037 1192
2565 1001
1810 2816
559 1274
2280 645
709 2531
2031 2526
1207 1746
2950 654
1520 361
2536 1430
928 2130
1276 2755
2417 2975
870 2774
1902 2663
882 2670
1192 2202
660 1687
2539 2848
532 645
30 1418
621 391
2588 714
2588 660
1581 2746
2590 1612
1546 1062
4 142
42 2596
529 2777
1144 2789
2950 1544
1810 1233
2676 1274
1430 2857
507 1606
374 2531
1999 2207
1632 211
1284 2663
1688 1467
486 1746
1796 1576
364 2539
2950 2881
896 1248
2365 2474
1192 1103
229 1585
394 421
2256 1576
551 1308
1475 1925
1431 660
1183 1782
1192 1962
660 1988
2937 1972
1951 2663
1274 1866
1558 660
2789 53
2539 703
1560 351
1668 2734
1457 971
2001 14
1835 2417
2576 299
2281 2873
1637 1822
2789 1638
2045 145
1059 1606
2177 2656
513 1274
466 1462
1733 1304
2774 1721
1304 774
2045 2320
1896 2298
2607 2592
1785 2649
2607 660
1414 245
568 142
2207 2302
1304 2458
384 2607
1201 1430
915 351
1645 2607
1985 2531
810 1475
992 396
100 2584
2076 882
2733 1430
791 2531
998 2679
2663 660
1238 1145
142 660
2069 2175
1740 660
1580 2907
1668 2970
2607 1403
1300 2508
1718 1134
2950 1084
30 1921
1056 700
1060 660
1671 1651
2062 1304
30 346
2407 748
587 2950
2531 786
1304 2492
1706 2153
967 1619
1239 1520
1142 1192
1475 2358
969 2407
2781 1627
2024 2220
981 2663
1668 733
330 299
2025 621
2103 621
2370 2950
1409 1062
2275 1746
2259 2584
1274 1756
2084 1612
1484 763
562 2907
1828 896
2789 1996
2430 2607
2015 1531
2603 1896
1555 1430
344 1201
237 2153
2772 817
266 1548
1746 2924
621 1129
1150 2417
1155 2539
373 2763
859 1308
1186 1896
2950 2015
351 98
351 1472
2387 1612
972 1857
1637 2950
2871 30
775 1890
1672 2418
1606 558
2789 1230
1785 356
1380 1774
1414 1492
1095 2424
822 1284
660 685
1873 2714
1688 1879
2813 1241
2950 1997
30 446
2281 1524
112 288
2607 1610
660 1281
2609 2950
42 881
600 1904
1688 401
2566 1192
897 2119
2892 58
2777 241
1062 1815
2544 351
2789 1781
1788 2746
1308 29
1430 2722
36 1430
2847 1340
2019 527
2597 351
2531 2806
2015 2149
1782 386
2273 2779
351 363
581 1558
1304 1869
482 2723
2950 2575
2746 199
1615 299
897 789
1348 2950
292 351
1192 660
2177 157
653 1548
1062 181
1128 30
1857 1430
1785 2072
897 948
1514 2407
1304 540
1274 450
2628 2950
2418 1799
660 466
2485 1308
660 1062
2754 1689
2950 816
1671 1798
351 1404
2539 497
975 944
2018 1606
897 200
660 2621
2950 1360
1274 2555
208 2746
2663 1906
2992 2907
2236 1626
1785 660
238 660
2987 2892
660 2999
1420 2496
2633 2860
1654 1746
939 142
621 2043
1974 1475
2130 2451
2311 1576
1939 2901
811 1893
2746 1212
904 1380
2120 211
1626 1094
689 1430
2158 2276
2456 997
503 2544
1845 2508
482 2577
856 2941
1379 1490
2607 858
2900 2860
2015 1138
2504 1688
1437 288
2764 2746
1591 142
2950 1888
2844 194
2169 1782
2762 2907
1557 1782
192 335
2917 1690
242 2907
1809 1782
2341 2619
708 1576
1379 125
700 1746
997 2950
982 1896
2990 1612
1020 2607
2326 335
1414 88
2789 2602
1447 1668
1977 1746
2945 2618
2407 2144
2021 2677
2539 294
2473 1612
2824 2207
645 1117
594 621
1688 660
1529 2273
1421 335
2284 1192
2324 660
355 2086
1576 6
2366 1690
491 2663
256 2539
1912 2545
1523 1857
1526 1287
818 211
425 373
634 351
1158 645
2834 1576
970 482
2860 506
2678 2789
595 299
30 2405
1430 2589
2774 27
1493 1195
435 1520
115 2714
324 1308
1793 2391
2494 299
1125 1184
1896 2479
351 1417
2418 721
1131 2086
1396 1132
525 1746
1612 2760
1030 1785
1746 2713
912 466
365 1746
1274 2934
1026 1062
1268 1746
2425 897
775 2352
2164 897
2185 2344
1553 1611
385 1192
680 1413
926 1430
470 2950
2191 2907
1666 2746
219 2207
1389 175
1192 1849
630 373
1692 1553
1304 656
2950 1210
1592 2365
1626 885
2916 1430
2297 1349
2852 660
1688 1913
1785 2210
1425 940
1308 2586
2789 2580
660 2969
2548 2045
2663 2070
2677 697
2308 2339
70 14
1474 2901
1718 296
2950 196
775 597
897 1685
566 1304
351 399
2860 1406
2631 2207
247 2901
369 660
2663 2864
2714 350
2531 2384
211 128
2950 1722
2746 2930
2153 2687
1650 1274
14 1792
990 1711
2188 1308
1612 1573
38 2786
1340 1566
2255 2508
431 1612
30 1777
636 2789
1668 2379
2626 2407
1800 1668
997 2614
165 14
1513 621
1711 2323
2769 1308
575 897
1746 432
400 2195
753 2901
2789 2162
1315 1641
140 1184
1475 2935
1357 1746
2015 2361
1896 1871
2281 2309
2207 2163
590 2789
2860 458
2539 1126
142 1398
897 156
2714 2241
2471 2539
202 1553
578 2950
1308 2890
1637 2174
351 652
984 1637
997 690
30 2704
2766 1430
1711 1701
2407 2891
1847 1746
836 2774
660 1274
2715 2609
1430 2770
2789 962
918 1972
1014 2607
1060 323
2015 1495
2711 1304
1695 2381
30 2177
1612 2606
2141 2950
2585 142
1647 1304
830 2907
2524 2901
1525 2418
30 1156
2663 691
396 660
838 30
660 211
1060 2967
1746 1432
500 351
2531 1780
1074 2539
482 1791
2207 1476
1699 1062
2045 2371
2139 1746
2797 1304
442 944
1746 2042
1192 586
14 1865
482 308
1668 272
2607 1491
2172 351
2677 1433
2632 1746
2030 1520
2915 2825
2281 1153
1718 2068
2619 644
2774 2357
2276 1746
2482 1688
279 2418
2207 216
1588 1430
1732 1304
1662 30
2130 1770
640 2418
1785 75
846 2907
2663 333
2226 1818
1875 2110
1999 707
1785 1519
299 2681
1304 515
938 14
852 2619
1746 465
150 1896
1679 1607
2281 2316
1384 2099
148 1430
482 362
1639 661
1702 2373
1583 2789
1448 2035
1326 1746
2913 2146
175 872
2880 2907
2901 2413
2663 2675
351 1463
2915 2406
1454 2588
2589 1173
2130 660
1060 1586
888 1192
1946 299
2754 2372
14 105
82 775
1304 1313
768 2736
2855 1690
1308 2386
2950 2995
621 1678
2281 2036
1341 1043
14 183
944 1582
1430 2006
1308 2208
1887 897
1904 2199
1304 1154
1876 1999
2844 352
2353 2281
1668 1609
2156 2677
2950 2234
2071 1062
1412 2130
1062 1489
1060 615
2207 660
1740 161
1885 1690
2207 1759
944 2150
1274 2943
2295 30
1307 2746
2176 1606
1430 2107
2981 1576
645 1119
30 501
1810 2112
2789 2003
2789 2105
2258 1475
141 2045
1746 1188
1539 1904
2789 2799
2522 2207
1623 1548
629 660
1415 2663
14 1551
1661 1308
1746 724
357 2607
1083 1948
2950 1116
1746 1324
1152 709
1521 1782
1948 2233
153 1637
1740 1549
2245 2607
428 2789
205 2276
118 1062
2819 2207
326 1380
2690 2207
1304 2355
1718 2950
2948 451
2747 621
2677 1196
1631 291
488 1304
2907 2701
1006 2789
274 660
2619 1330
944 626
2127 2950
1917 660
1679 2487
1259 1304
1668 1097
2285 2804
1530 2663
1612 2694
349 2677
1868 2944
2950 2183
327 660
1711 660
2736 1934
366 1095
2679 169
1585 1141
2289 351
57 2086
1380 2093
1060 2635
548 2950
2965 1746
30 1930
1744 2495
616 1304
1612 1275
2910 2498
1414 2088
2944 1746
1690 1073
2836 142
429 30
1904 45
2531 129
1363 1688
394 2946
2039 1308
934 2950
660 1864
1600 1926
978 2607
2679 433
1886 2130
2789 550
2794 1507
1192 2254
2655 14
660 860
1392 2024
956 2950
1319 1600
293 2789
598 351
660 30
2194 335
436 2746
2680 466
2347 2536
415 142
1746 1968
1698 2950
2789 32
936 1711
1351 2746
2950 1927
1274 1749
2086 2962
684 2950
798 288
2130 1369
895 660
775 530
1875 2696
991 2531
351 2002
1414 334
2621 1255
2130 1040
448 2755
1553 1709
1314 2539
1264 2663
1734 175
531 1430
660 1485
64 1062
737 2677
1081 2418
1303 2207
1778 1304
240 1626
2765 30
1637 2653
1430 318
1430 2726
1744 1473
2508 1011
2409 1896
897 814
1522 1155
1782 842
2774 2476
1029 38
2153 552
1193 2735
2332 351
2337 288
1287 758
1304 170
2908 1606
14 2501
1818 660
2558 2772
993 1553
2157 349
944 2828
2899 1060
2801 897
14 1273
2275 2837
2531 2775
30 1352
2907 1959
1612 845
2026 1782
2531 2878
2102 1201
1274 565
2813 2418
1965 1195
2662 1184
2045 388
2746 1332
702 1782
372 158
1185 2130
1626 1958
1304 2648
1688 1741
1407 30
227 2663
1480 1430
2608 1671
983 2789
1746 509
1378 2746
2130 784
2047 1690
1443 1746
1308 2165
2015 273
2663 1411
2098 1321
373 2720
1505 456
1096 2860
1785 905
1877 2539
2607 2546
660 2267
1198 2969
1179 351
31 1548
2051 2130
1201 2489
1746 1991
856 2520
2607 1811
394 2750
2483 2607
289 1896
2257 1304
42 2780
1430 2553
1263 1585
1637 2313
605 781
880 291
2177 418
2153 254
1132 1829
91 2777
1430 2215
1585 1429
2130 1536
897 2028
2140 2789
2530 1308
736 351
2774 2885
1568 392
2452 1507
2789 567
2567 456
2663 426
1884 775
2702 2155
2607 2166
2069 351
2663 804
1585 1846
1430 2185
1397 1430
1711 2543
1576 460
134 1746
2583 621
485 416
14 1213
469 856
1553 580
2045 2315
2388 291
2663 1482
1553 1746
1821 2531
2536 2137
2418 655
2746 209
55 1627
2810 2536
2339 819
2752 660
856 419
1746 2453
1612 945
660 869
2207 824
2714 646
1320 1711
2177 601
607 1062
1927 2920
482 377
1785 1471
1585 2579
1718 2343
1576 2554
351 1123
2950 298
2040 142
1612 2342
162 2746
351 1813
2318 1304
2609 321
2207 988
900 1166
660 781
211 823
2789 2466
1380 187
2273 2531
2593 660
2528 175
2100 2556
2746 1922
1342 775
1088 1304
1773 1304
351 589
1833 1304
523 1600
623 1612
1896 1298
1312 14
940 1254
1606 1455
2531 427
1660 2207
225 1565
2663 2335
2741 856
2755 622
1387 1746
2011 2365
2774 2462
1192 520
2133 351
1391 2417
184 1777
897 2464
911 1304
1688 2802
1430 371
14 1928
2932 775
452 299
638 1782
1299 1475
2106 2746
1480 941
1229 2774
1932 1585
2954 1896
1062 633
2950 400
1746 1534
2130 2246
514 291
283 30
2950 1548
1430 1487
274 696
2919 2207
291 660
1304 612
447 621
834 2130
2621 2513
2433 1304
929 2774
767 8
142 2811
2860 2078
775 135
1308 1786
2677 698
291 2081
2657 1711
891 14
1484 1987
2113 1062
1019 1711
660 2616
1576 572
1596 1896
466 2368
1881 2950
2086 1589
1766 1746
437 621
1904 397
1693 1785
2998 2531
1266 2376
609 2042
2339 591
16 1274
2944 1436
2950 1810
2312 2339
2005 2663
2607 1258
2607 1251
2950 1090
2045 123
882 2426
1002 2339
2950 2894
973 660
2950 2232
671 1520
2795 211
1161 944
1746 2333
1628 142
610 1304
2896 1857
900 2020
1859 2015
2407 424
1682 2045
897 582
2607 879
1553 1635
142 280
2673 1274
56 1718
1872 660
1381 2621
2067 621
1908 42
1192 2270
1430 2510
642 1875
1746 2340
2272 2086
1960 2619
2207 512
1274 1945
1341 1010
30 2129
244 1782
2689 1304
41 1718
1857 826
30 2884
1274 413
1681 14
764 2207
2735 1517
1211 1746
407 896
1427 2907
2824 498
1797 2907
2671 2746
1274 1675
30 195
2663 137
2588 1488
299 2950
660 2570
497 910
621 660
2735 142
1430 416
1289 1785
2695 2621
471 1612
225 72
2207 557
2789 172
2950 73
1082 1896
2130 2428
331 1627
188 2539
1062 487
466 903
2714 1910
2950 940
1380 660
265 1062
1430 1636
2050 2418
1341 1860
2153 1955
1507 2013
217 211
185 470
2168 1308
624 2714
660 2922
1746 445
2057 14
2271 2609
1837 2207
351 1679
1465 351
2789 2307
2146 1752
2789 2782
1199 1548
2407 60
660 2950
38 467
1576 2549
2950 1459
2294 1308
2640 660
1619 965
1784 2607
809 2632
2767 1668
1062 2832
2774 1648
1108 2632
2950 555
2518 2035
42 1665
2844 1746
1336 1308
213 2407
96 1746
1542 1711
2531 705
1740 835
2702 2693
1308 602
775 167
30 625
790 225
2131 1216
522 2789
353 645
1980 299
1838 2373
663 706
710 299
1874 299
1228 1637
2404 14
2663 2334
2531 606
1430 1055
1060 461
2181 2777
2153 2784
2677 1703
7 2944
1718 2033
2407 2805
1062 1385
2375 2539
2817 291
2663 682
291 2812
2777 2189
1062 2688
1900 1062
1048 2677
1274 94
694 2663
2842 2679
387 1507
1062 2835
745 1202
2511 940
1746 422
111 1430
897 1976
2265 2531
1548 1294
660 2714
2539 1079
1121 2207
867 1818
847 1060
897 2346
1430 1341
722 1576
1449 2915
210 2663
394 383
2754 2097
1379 1978
1308 206
378 2045
1550 621
299 1034
2540 30
621 2142
1062 743
2101 1718
2130 1664
1923 944
2901 1424
1062 490
2719 1600
2915 660
2273 876
1226 1304
660 1308
2950 2574
351 2400
1430 1206
2714 2204
1032 1606
1095 1067
207 1740
1671 1630
608 1688
1790 1115
896 93
1643 1600
2356 1606
2950 583
1608 1818
1612 2838
2950 2481
1943 1896
944 1853
2391 2564
1423 1637
484 1192
2130 2411
604 2663
2623 1095
2746 2369
2207 2529
1740 1337
403 351
1548 1570
1359 482
2950 1893
1695 2004
1688 2115
1284 1735
1304 797
191 2207
660 1304
2108 660
1062 541
1671 1304
2146 1151
621 2856
1577 897
647 2844
807 896
2212 2789
1626 2060
1612 1012
1597 351
2207 2777
2929 2432
1746 2931
2665 1585
78 299
2539 375
2607 2953
828 1637
1486 940
1746 2023
2907 1497
351 751
801 1993
1308 1175
2632 1952
2064 645
1785 276
175 660
812 211
897 2415
1317 2907
2514 2318
1365 1304
793 1304
1617 509
2907 900
952 42
861 119
2844 180
2746 2444
772 1507
351 1057
2746 1771
2677 1271
89 14
2607 1224
2407 1982
2086 2401
1712 2365
1306 660
1484 2282
1515 2648
2386 2982
2531 3000
2907 2121
299 2228
1576 2966
359 351
1274 663
2950 2840
959 291
1304 1194
2950 896
944 2950
2772 2484
1350 335
2146 1223
897 1137
2663 1176
897 1995
535 2663
619 621
2407 1747
2702 884
2116 299
1308 792
1205 1612
69 1308
2783 1192
2677 18
1453 2944
1475 660
2407 660
1548 390
474 1553
2531 1892
2193 2086
2861 1520
1794 2607
1901 1587
660 1502
1785 2685
1671 2730
1182 1711
660 2746
1430 780
1818 1242
660 2490
2281 1362
2677 35
2394 1785
179 2531
132 1304
1147 2056
2968 2907
142 2061
1430 2911
1626 1914
2531 1556
1167 2146
92 2907
1192 2988
2761 2789
1637 2416
1561 1612
1322 2531
2465 2755
1637 2527
1711 1031
1284 28
901 2844
519 1274
1220 1430
1779 1785
1304 2436
1972 2207
896 1604
660 38
30 639
1309 2607
2607 641
2907 2731
1718 2957
2950 2024
1028 2663
2012 1414
1054 2950
1507 2398
1882 2531
2441 2774
886 2418
547 1896
1274 1214
2045 2876
281 745
2531 1909
2418 2231
837 2663
1606 2986
1850 1746
729 2663
2177 613
2724 1274
2881 2803
660 2892
2621 571
2607 2330
1192 223
1053 1746
214 2508
660 769
1776 1619
1944 1619
332 621
2178 1430
1270 2663
2580 2190
1585 2288
2118 2789
1430 456
2486 2207
25 1627
1564 2531
1674 1192
2664 2508
1197 2531
2539 1697
2317 621
660 1469
1785 2888
1062 1063
1718 974
1671 1827
2539 754
1671 106
1419 2746
186 211
841 2539
2531 1162
1329 832
286 2207
2660 2950
1746 2503
198 2418
1274 1595
1576 107
456 19
1184 752
2350 2273
2207 2652
2709 645
1746 1668
755 775
1746 2086
432 109
2217 2539
2339 444
2858 2789
897 2460
1148 291
2278 1688
2679 556
2297 351
1889 1062
1757 1507
2950 2893
1049 1746
1740 611
1430 2625
211 2205
1062 1440
2581 2621
719 856
2009 351
357 2454
505 2418
1998 2281
2128 2866
1375 1801
288 1204
351 2439
2789 1086
1192 592
1296 14
1782 2171
2207 174
1024 1274
1746 51
1612 2509
2080 14
9 1619
1060 2262
924 2584
1112 2663
2607 2402
2867 2663
1172 1414
2539 1257
1804 1304
1904 1368
987 2746
40 351
2595 299
1782 1107
243 2508
2659 1668
201 1552
2663 2206
2276 561
2339 1501
2523 1274
2339 2859
621 2661
1461 1972
695 2539
2933 1746
248 466
1062 2639
2562 285
1746 24
1972 236
2973 2373
1782 660
340 2153
1192 917
2266 1746
2844 17
1818 395
2488 1430
1671 329
1972 338
497 1862
2207 1163
1806 466
291 659
2582 2082
2998 2472
511 1612
2565 2207
1008 2024
1308 197
38 1092
1021 1308
2746 310
955 2531
2092 1115
2 1859
1 693 628165522
2 594
1 711 771864176
2 119
2 1289
1 1594 863929871
2 1390
2 1582
1 1941 315492480
1 2703 217912977
1 195 955675209
1 1877 206433888
2 653
2 833
2 2530
1 159 437478152
1 473 856826077
1 2804 80713889
1 1166 284265372
2 2658
1 1427 642566304
1 634 253859769
2 364
1 225 375110880
2 219
2 262
1 2909 357443132
1 539 91741159
1 2716 146838965
1 1281 636000816
1 1862 63909499
2 2968
1 2974 731897648
1 2663 618294899
1 690 670391355
1 937 755018480
1 500 229056344
2 1337
2 2756
1 2983 183675298
2 149
2 706
1 1544 280719852
1 1912 541603768
2 166
2 1564
2 2145
1 2127 508103682
2 884
2 1010
1 1865 564843492
1 2019 973495351
1 1372 346983446
2 798
2 2559
2 541
2 1437
1 771 554282100
2 1762
1 301 236733611
2 586
1 90 865840270
2 1241
2 628
2 2939
2 2182
2 2029
2 641
2 275
2 1138
1 1843 59814101
2 2158
2 906
1 2816 697872195
1 1501 767139562
2 2721
2 2226
2 50
2 1952
1 1294 267706589
2 2228
2 2059
2 1789
2 2186
2 2650
2 2844
2 2553
2 2727
2 1636
1 938 748127249
2 1599
1 2613 546916183
1 653 603228256
1 1604 256793696
2 828
1 669 868793754
1 1325 420360871
2 1664
1 2200 765467407
1 1503 776664513
2 2735
2 933
1 962 907500359
2 1947
1 1643 711277838
1 88 922761014
2 762
2 2889
2 2195
2 1825
1 671 874559730
2 2611
2 2336
1 1933 252691197
2 2616
2 143
1 2108 437166887
1 1909 454909394
1 413 607084253
1 848 816625410
1 2503 375131992
1 507 183305994
1 1093 19360851
2 980
2 2884
1 41 929490023
2 479
2 1693
2 1659
1 1764 451007434
2 1780
1 435 530479181
2 1303
1 2747 655425723
2 9
2 630
1 2424 411280197
1 2954 79117798
1 2840 922829811
1 727 823038961
1 1312 616822520
2 364
2 2062
1 1342 983707955
2 1416
1 42 330041417
1 2612 407717112
1 290 260599952
2 1042
1 831 132670989
1 2504 129751994
1 759 303475075
1 278 917921262
1 2006 292568096
1 1107 367841402
1 2521 505718120
2 1671
2 1776
2 891
1 2636 955276032
1 1318 371995160
2 1746
1 1352 532170380
1 1853 220964850
2 2956
1 570 980199713
2 817
2 2800
1 1049 17871466
1 447 6549521
2 598
2 1259
1 1618 471738760
1 2496 554594326
1 2805 234238570
2 1863
1 2948 75368679
2 697
1 2760 8526313
2 492
1 1892 678530576
2 2748
2 2443
1 36 717079508
1 1970 346956754
1 820 250679826
1 1873 232108187
2 2108
2 1007
1 2258 671053328
2 1462
2 408
1 100 407728557
2 2866
1 2388 652157097
1 2302 257786223
1 108 468390200
2 636
2 2272
2 752
1 663 857972029
1 2030 190322297
1 188 187556710
1 1861 670634346
2 471
2 2751
1 1605 356620401
1 1615 504794122
2 1797
2 539
2 2916
2 1228
1 315 991136086
1 2579 587634257
1 1127 512524507
2 1567
2 1673
1 1788 311458720
2 375
2 2094
2 2707
2 6
1 1946 156435804
1 1379 551771752
1 327 913757569
2 44
1 2505 225488049
2 1925
1 697 273372289
1 1361 686329817
2 328
2 2543
1 417 835042942
2 1647
2 555
1 2294 660436788
2 1961
1 1623 382832908
1 2349 935551915
2 1453
1 850 17080510
1 1863 881487928
1 1969 949718313
2 2026
2 2678
2 341
2 2987
2 648
1 693 876693124
2 526
2 1174
1 1549 260146576
2 2435
1 1244 294534027
2 854
1 1964 730624828
1 2542 99072083
1 1633 422061630
1 2125 843285860
2 1818
2 2
1 1575 748981675
2 1625
1 1683 119488539
2 2711
1 1026 798363902
2 2297
1 260 365298693
1 2215 643002846
1 570 837352966
1 397 971906774
2 441
2 291
2 692
1 2630 864920313
1 2710 313256902
2 2541
2 960
2 2256
1 1064 537034026
1 853 693536979
1 2819 719736465
1 837 345757277
1 2307 402147693
1 2831 987104758
2 1468
1 275 620463843
1 2499 779601872
1 2801 985072868
2 24
2 2186
1 742 468633719
1 1975 593245078
2 1720
1 2873 196322082
2 2558
1 1537 176805708
2 2000
2 2456
1 1106 248690847
1 2338 114781704
2 720
1 350 279346356
2 2987
1 1344 888920079
1 381 113292384
2 2107
2 1081
1 201 300596077
1 1790 576989559
2 1468
2 2382
1 2682 915068784
1 881 837477748
2 1100
1 1127 206350963
2 591
2 62
2 1335
1 617 651414756
2 1729
2 1761
2 2647
1 1360 829413077
1 1081 998300898
2 1243
2 850
1 1175 102143984
2 2624
1 2800 495144820
2 1424
1 2757 861068737
1 1192 165061239
2 2031
2 127
1 260 688509755
1 146 225518501
2 775
2 952
2 1986
1 888 839994892
1 2206 766352652
2 337
2 2818
2 1707
2 2274
2 1987
2 2762
1 236 214010629
2 851
2 836
1 2612 94541625
1 2100 99079743
1 21 781909973
1 2605 732729080
2 2656
1 183 42134788
2 2872
1 283 717422375
1 2750 411624163
2 2635
1 1394 291433545
1 743 471301232
2 551
1 2371 688253933
2 1329
2 624
1 1475 143852728
1 152 532496089
2 1548
2 1070
1 49 575414140
2 996
1 2425 656813093
2 2502
1 244 887889362
2 2744
2 934
1 2115 695807722
2 2507
2 1141
1 2802 66615282
2 2585
2 2470
2 1316
1 2763 631407990
2 1050
2 1126
2 2369
1 1768 805460703
1 2348 625511021
1 892 399601542
2 2434
1 2990 351819738
2 2287
2 86
2 2098
1 341 240191670
1 1249 147534844
2 64
2 2178
2 2954
2 779
1 775 120706687
1 1212 828357037
2 246
1 2836 536290677
1 133 906878421
1 353 900006045
2 1515
1 1299 236517860
1 330 633996279
2 234
1 1067 882705807
2 2431
1 1063 700308643
2 2569
1 955 293403618
2 632
2 1907
1 839 117692619
1 890 109611367
2 1781
1 1920 214179993
2 2557
1 1797 355698408
1 1255 796641170
1 1244 867825113
1 534 190490859
1 2172 170038741
1 690 894420515
1 2123 287423122
2 2729
2 2700
1 1545 64881120
1 2298 514138618
1 2065 485463599
1 484 676493284
2 169
1 132 697282985
2 1126
2 1123
1 1075 151034071
2 519
2 2028
2 2023
1 244 750648469
2 2221
1 2025 324201499
1 2357 284544475
1 343 592472969
2 1557
1 2490 22529520
2 862
2 2071
1 130 938493661
2 2429
1 1373 167477810
2 2903
1 1921 310358684
2 1541
2 884
2 52
2 1821
1 1883 53684650
1 1031 756463752
2 2648
2 2012
2 458
2 1102
1 999 512295098
2 1089
2 2704
1 2653 944123913
2 1771
2 1274
2 2498
1 2276 564744357
1 1666 10638127
2 106
1 1926 553835233
2 937
1 2133 436021219
2 2222
2 329
1 1564 320600163
1 1033 85699661
1 346 724353296
2 32
2 2240
1 688 323935773
2 2603
1 1281 985074434
2 2423
2 526
2 1269
2 2154
1 1565 223104763
1 1726 682020292
2 2404
2 1375
1 361 704804021
2 13
2 1957
1 966 15494538
1 681 325026774
2 2620
2 580
2 1428
2 636
2 1280
1 1237 280728037
1 1367 826514597
1 592 301366642
2 2308
1 22 687797447
1 1956 468256892
1 13 647773783
1 1187 642211356
2 2641
1 1873 947380460
1 414 696736378
1 912 89769162
2 2036
2 1545
1 1076 478901931
2 281
2 1035
1 1813 944161634
2 2148
2 13
1 1523 522368700
2 2088
2 1335
2 547
1 2422 570714501
1 1168 106343242
2 1807
1 1589 444605710
1 2236 919976196
1 2426 707390408
2 175
1 2175 265767899
1 1878 441134459
2 932
2 2097
2 2875
2 2051
2 1859
2 287
2 2534
1 1029 679431241
2 1941
2 1909
1 2273 665706001
2 723
2 142
1 2196 891265690
2 2155
2 2959
1 1021 832984076
2 2895
2 2996
2 743
2 669
2 2983
1 1530 755795043
2 1486
1 1615 947315545
2 2008
2 366
2 626
2 1940
2 2659
1 2885 741259628
2 430
2 2782
1 69 656773177
1 1898 789479919
1 1679 807781423
1 2551 730170978
2 76
1 1080 286906113
2 833
1 1454 866449210
1 1351 249123508
1 1939 129378482
2 1513
2 1734
1 2853 258350238
1 2606 547246743
2 746
1 1304 919808404
1 731 839456735
1 1043 295978823
2 2826
1 775 375824805
2 929
2 2089
2 180
2 2473
1 2491 999746276
2 1639
2 2959
1 1163 650091834
2 2954
2 1836
2 675
1 28 174153575
1 2490 689036079
2 2401
1 2337 242146791
1 2278 278075446
2 1588
2 139
2 970
1 218 690974759
1 555 23496811
2 2172
1 1204 282316711
2 1275
1 2689 246874486
2 873
1 1899 553320743
1 1728 293584058
1 594 318585475
1 707 528745480
1 2819 312966840
2 1117
2 1373
2 1472
1 2697 192734899
2 408
1 2392 188835233
1 1545 942436882
1 1569 22511445
2 1310
2 2803
2 2459
1 607 594770495
2 2486
1 130 958107186
1 241 255434400
1 1049 740478967
1 2338 594404768
1 877 217197075
1 1726 728115183
2 2001
2 2027
1 2658 441835231
1 814 975724292
2 2054
1 2244 883924201
1 111 545118179
1 2228 992512434
2 1562
1 308 659611710
1 1347 293224595
2 171
1 523 315978877
1 2479 604233898
1 532 394053128
1 1295 226767296
1 1803 3826232
1 2316 32433372
1 1056 373837435
1 2763 974364125
2 18
2 125
1 1470 406419661
2 251
2 2658
2 1892
1 508 182983168
2 81
2 2992
1 2835 647702881
1 1025 726627517
1 2 549353674
2 1711
2 1273
1 530 699667662
2 2640
1 198 352174041
2 978
2 2632
2 1424
1 959 946243334
1 1357 687002848
1 1126 596472016
2 763
1 2176 428261050
2 2637
2 2501
1 911 83169188
1 2780 609515405
2 2947
1 17 845334577
1 501 120450466
1 2106 494540286
2 865
1 1804 591275200
1 2530 474249574
1 954 771793902
2 1823
1 1624 228039515
2 105
1 565 839604257
2 743
2 1991
1 2918 837804262
2 2515
1 2834 959908609
2 1597
1 2642 97964479
2 2892
1 1171 419726360
1 2674 314185849
1 2131 32101270
2 2827
2 1649
1 891 169535993
1 1579 427589510
1 2316 187602479
2 1144
1 1144 505589460
2 287
2 260
2 1671
2 285
2 2799
2 1143
2 417
2 291
1 2378 457756051
2 2137
1 237 483310033
2 1511
2 2593
1 664 147487162
2 2600
1 1447 812600317
1 1114 717378309
2 2350
1 1712 102973735
2 1898
2 2341
1 1001 298714155
2 193
2 1591
1 1655 794566132
2 1285
1 2786 436913280
2 1627
2 956
2 542
2 2575
2 1997
2 463
2 273
1 2927 571325983
1 1603 965129009
2 434
2 2339
2 2645
2 1613
2 1258
2 2070
2 2768
1 2263 892928438
2 602
2 849
1 1845 998057512
1 1010 167825428
2 918
1 2974 59197918
2 1770
1 505 1570055
2 2223
1 2716 343855489
1 2803 530164063
1 382 944662623
1 2860 767142979
1 2221 390595653
1 736 700887293
1 1349 62089232
1 540 478785891
1 215 932496322
2 98
1 2589 979232176
1 2055 680813596
1 1557 888496111
1 2475 18461522
2 1212
1 1093 715926608
2 2397
1 1957 213482793
1 2506 293542482
1 339 211853666
2 2185
2 2704
2 234
2 731
1 1184 313217462
1 2438 933212354
2 1751
1 1562 334075978
2 669
1 2601 521362876
2 1707
2 1930
1 2037 687658654
1 690 56931820
1 911 8656881
1 1272 721431365
1 1219 721432902
2 849
2 433
1 2310 487325088
2 1878
2 1522
1 2447 308721861
1 344 879014664
2 1519
1 275 96990931
1 895 141217955
2 1568
2 1949
2 609
1 1480 438702741
1 2356 772874373
2 2067
1 1923 555360750
1 1280 155637569
1 1980 733534375
2 86
2 1556
2 1638
1 1775 946959599
1 1402 355631035
2 1203
2 831
2 877
2 2476
1 604 673310400
1 2643 277436823
2 2685
2 984
2 1047
2 2039
1 879 268951144
1 1290 525056310
1 1021 533685454
1 1539 4583582
1 1976 427637911
2 247
1 120 835683682
2 732
2 107
2 2419
1 2418 683939584
1 2737 149606990
1 212 515636603
2 1330
2 1347
1 2503 873439641
2 2518
2 2642
2 2590
2 239
1 444 524007063
1 197 457422258
1 1954 669698827
1 381 817713566
1 57 307952380
2 1338
1 1523 872498330
1 897 177223185
1 754 177895008
2 219
2 760
1 2184 549291998
1 2184 439712890
1 2062 373197828
1 1829 385136647
1 2714 671452667
2 2386
1 1685 122781091
2 1409
2 1811
1 1743 614395849
1 400 25745857
2 2087
1 1460 819629114
2 574
1 2032 520221440
1 2199 364814926
2 2233
1 2207 684041211
1 2268 689884389
2 1940
2 1483
2 505
1 1447 624849241
1 1845 867927192
1 2629 912182515
2 333
1 1630 568687657
2 982
2 2569
2 1807
1 2508 85312648
2 1823
1 691 819945040
1 842 428398743
1 1311 932028043
2 2178
2 618
2 2515
1 1874 648206506
1 1054 585608875
2 2468
1 683 808586854
2 2051
2 217
2 337
1 623 742907356
2 957
2 1439
2 2037
1 841 84107749
1 981 200583119
2 886
1 1608 484107555
2 711
1 2103 535599984
1 125 163581714
1 2176 857101765
1 841 881671527
2 1216
1 2078 722872416
2 747
1 1149 502281028
2 251
1 1305 926355509
2 2328
2 868
1 2663 862290314
2 1498
1 2181 206859331
1 1308 284533393
1 1741 194034562
2 48
2 2296
1 1199 629662973
1 548 716268783
2 1758
1 1528 90639791
1 2537 554192072
1 2047 202535603
2 2020
1 1811 885647851
2 1483
1 2660 491637906
2 373
2 704
2 2572
1 2037 838305463
1 544 641316668
2 1421
2 2005
1 1392 194309423
2 2297
1 1112 309665273
1 2507 242833665
1 2785 243599211
2 2960
2 1239
1 15 268389871
1 1061 85803457
1 847 654707833
1 2266 211274925
2 2702
2 54
1 1254 270113582
1 166 658899980
2 1435
2 1020
2 1056
2 1858
2 1130
1 1896 271098764
2 1533
1 92 997477620
2 2286
2 89
1 40 337230447
1 499 546847399
2 138
2 1937
2 1296
2 2132
1 2161 408826682
1 2071 988394687
1 521 137896767
2 663
2 2737
1 757 573801197
1 2267 596331449
1 2865 520880050
2 1897
2 681
1 2704 177661963
1 2226 666657691
1 2136 620313123
2 933
1 64 601434180
2 830
2 1616
2 649
2 2310
1 750 587580150
1 909 852645847
2 423
2 1794
2 1878
2 1080
1 2212 48327329
2 2943
2 1719
1 2400 614304832
2 860
1 2892 617298329
1 1421 806095011
1 294 186873227
1 220 820068182
1 637 362846584
2 2760
2 399
1 191 182678735
2 378
2 541
1 244 291644015
1 1651 33067736
1 2669 960182931
2 683
1 11 274038591
1 1003 784783465
1 2326 870837993
1 480 652626505
1 765 906527265
2 269
1 2992 467826715
1 84 710066983
2 1119
2 452
2 291
1 2555 965307627
1 1915 772551346
2 670
1 2610 369723312
2 862
1 1727 41395638
1 2092 532092208
2 1916
2 1745
1 747 657774710
1 2463 398338486
2 206
1 1387 791162456
1 109 432261734
1 1287 238584274
1 917 258462389
1 667 311888933
2 975
2 756
2 102
2 1767
1 2957 902685245
2 543
1 2856 719929308
2 1349
2 1706
2 2496
2 2863
2 613
1 138 723002415
1 2416 984220443
1 2113 583113027
1 627 768479065
2 1103
1 757 941196561
1 58 162470930
2 1407
2 1150
1 1187 441198776
1 1577 933359535
2 382
1 96 466015931
1 2096 406755486
2 2154
1 2041 647935904
1 1868 432557420
1 2838 718289588
1 1365 747252257
2 2387
2 1706
1 1147 677012432
2 2588
2 1605
1 1800 727100382
2 2657
1 2503 599993309
2 1924
2 1023
1 1584 437877729
1 953 264296533
2 352
1 2277 19031734
1 2049 338510454
2 1650
2 1076
1 1346 864638486
2 2083
2 597
2 330
1 477 463954983
2 2313
2 2986
1 1342 941864416
2 2302
1 656 175501007
1 659 249884744
2 153
2 2739
2 2315
1 1521 737862955
2 118
2 1950
1 1968 590506848
1 726 736821618
2 2750
1 2539 295099105
1 1826 942669987
2 2026
1 149 239007864
1 2317 184804880
1 1927 922577470
1 1784 574233388
1 1101 511855862
1 280 544749008
2 2009
1 40 271906183
2 2896
2 206
2 1632
2 13
2 2752
1 2188 226831011
2 300
2 2039
1 1465 266686488
2 444
2 2045
1 2576 821362970
2 2467
1 2562 983689423
1 646 622586650
2 2977
2 19
1 1778 187915500
1 1451 237519017
2 996
1 2193 249206850
2 1030
1 2680 70935341
1 2513 281598474
1 2409 719045910
1 107 929659776
2 1804
2 2260
1 156 94542456
1 147 452859964
1 2400 485523436
1 1107 317280103
2 1446
1 2266 827474979
2 1842
2 1458
1 88 251102874
1 1899 99061154
2 998
2 576
1 2125 621209547
1 130 408213801
1 1474 299080200
2 2178
1 2815 487872881
2 1474
2 1359
2 2389
2 1058
1 214 247073061
1 165 679443562
1 71 507257836
1 2117 329501706
1 306 832833038
1 1333 598322566
2 2285
2 1206
1 2425 956781289
1 1215 708592623
2 2899
2 1581
1 31 748224698
2 1388
2 625
2 2862
1 2670 443050377
2 587
1 98 69256568
2 2610
1 2451 910728163
2 1302
2 2374
2 1204
1 1760 759785047
2 244
1 1383 417786641
2 2718
2 650
1 1799 76793345
1 742 363311998
1 2547 503185931
2 2282
1 1661 878273891
1 685 590338042
2 837
2 326
2 2601
1 1692 697184625
2 670
2 479
1 2824 850281157
2 2655
1 2865 287376218
2 1499
1 2343 510606691
2 36
1 1185 32865270
1 514 179585753
1 66 762742833
2 2391
1 214 328639586
1 283 911936549
1 228 15169399
1 912 609708047
2 965
2 1798
2 1029
2 305
1 319 389863799
2 1698
1 2485 676218245
2 3
1 2167 776565669
1 494 840427765
2 2283
1 488 636032062
2 1142
1 1338 95298500
2 642
1 1640 614726137
1 481 97847064
2 2214
2 136
1 1735 285381510
2 1047
1 2079 371826413
1 2992 499050047
2 2251
2 1462
1 2375 190922451
1 1527 578887334
1 360 552866352
2 1397
1 1747 674570027
1 2521 102524897
1 502 675818055
1 1169 674030416
2 2277
2 1467
2 2623
2 1610
2 1034
2 1121
1 2852 52501219
2 965
2 1619
2 1855
1 327 352089976
1 1002 768192251
1 702 58924786
1 394 247134964
1 2665 226466832
2 2853
1 2308 552019074
2 822
1 2299 694113948
2 1639
2 2051
1 167 71624923
1 2046 17037138
1 861 392755377
1 1540 868629560
2 427
2 1894
2 2781
2 1220
2 2572
2 2520
2 2462
2 2652
2 1184
1 1450 248157713
2 2967
2 450
2 1131
1 985 189924706
2 1093
2 2848
2 2554
1 2979 734645353
1 1848 404378196
1 1843 80807938
2 312
1 789 637182069
1 2772 346749970
2 972
2 2226
2 2764
2 2706
1 1776 201618024
1 2269 634990072
1 566 791165993
2 1454
2 137
2 2693
1 239 60495938
2 2512
1 2196 655169660
2 2653
2 311
2 1406
2 2315
2 972
1 160 681446217
2 127
2 1827
1 1348 502880594
1 1019 350643904
1 1663 443233274
2 2694
1 2331 198875258
2 1514
1 832 202902129
1 2696 258714037
2 1900
1 1542 573875176
1 61 974022937
2 1811
1 2965 528813612
1 760 626759483
2 1662
1 485 546595458
2 416
2 706
2 1305
1 470 380881984
1 845 737911704
1 997 956092204
2 1982
2 845
1 2908 881501376
1 2018 769146243
2 1976
1 995 400100809
1 533 291425914
2 1627
2 217
1 1620 496761721
1 10 120015063
1 1521 881355196
1 1172 495951300
2 523
2 1338
1 182 735356013
1 1298 648897554
1 2181 788500682
1 2678 234777012
2 691
2 2680
1 1083 111139560
2 2853
1 1049 849804356
2 1997
1 18 383382317
2 578
1 346 490150481
2 39
2 1060
1 211 831574255
1 2727 411544492
2 1245
2 1406
1 538 941826923
1 1769 91069940
1 2004 393801804
1 2866 348791509
1 1597 587226101
2 1018
2 2533
2 2574
2 568
1 315 955563798
1 259 192788219
2 385
2 1695
2 519
2 1935
2 58
1 711 640793023
1 1292 589095674
2 2373
1 186 572664105
2 2148
2 951
1 1023 784373478
1 639 444158251
1 203 688009679
1 1598 80583970
2 1431
2 2890
1 551 957358942
1 1013 461571715
1 1247 856166176
1 280 531645414
1 2846 130272903
1 372 400420179
2 227
2 1666
2 171
1 118 865453077
1 1043 751090544
1 127 900990629
1 763 145452226
1 90 109063054
1 2708 776344669
1 711 375928667
2 1003
1 2355 856944715
2 1526
2 408
1 2806 727786394
2 793
1 1069 266351959
1 899 629111652
2 2578
2 160
2 1146
1 2813 258224955
2 121
1 2390 253028210
2 369
1 1528 118007977
1 578 110049189
1 856 807397488
2 2539
1 1194 82265913
1 120 843848914
1 612 125738080
2 2500
2 1283
2 2360
2 1421
2 2308
1 1497 391345542
1 213 900500135
2 804
1 2679 535349420
1 1173 566518896
1 1309 420969749
1 1844 559378187
1 1759 198452623
2 134
2 2771
1 1675 493157700
1 2215 405957711
2 587
1 389 821468183
2 518
1 2656 596701964
2 307
2 1414
2 443
1 166 687810568
1 1943 921825355
2 819
2 87
1 1937 102645548
1 2084 199717005
2 120
2 920
1 1279 654781314
1 2971 83289750
1 1434 79792662
1 193 119228860
1 1567 69754554
1 1403 230557082
2 1916
1 2635 821959898
2 581
1 1452 491464656
1 1677 770069705
2 1281
1 2 293195458
1 2132 734214133
2 2030
1 1473 16479550
2 651
2 892
1 607 2113239
1 2064 291031397
2 1120
1 561 673014930
1 1625 283940136
1 1628 44329868
1 125 296931042
1 925 339642007
2 1499
1 2106 960491660
2 2018
2 1910
2 430
2 2424
1 1692 878818573
1 1524 945046155
1 2075 967721778
1 1041 140323417
1 116 877784542
1 21 850171295
2 2819
1 22 284573485
1 2317 347072271
2 963
2 155
2 1122
2 2248
2 1418
1 968 610968462
1 267 989423303
1 2010 18682388
1 2812 856313204
1 727 551490558
1 2966 997343917
1 1450 340578819
2 1671
1 2762 424574662
1 1178 849446102
1 14 655218055
2 1252
1 1872 264921867
2 1321
2 1301
1 1672 782941246
1 2923 577331798
1 356 984661277
1 1748 840878355
1 341 798634778
1 1386 237704725
2 2958
2 2851
1 2800 10252375
2 463
2 366
2 2423
1 2418 773639277
1 752 714441496
1 2039 166447504
2 1720
2 2529
2 2184
1 490 227521182
2 418
2 1742
1 1309 473771598
2 505
1 2591 339157549
2 822
2 2601
2 2595
2 721
1 1075 970331694
2 476
2 285
2 882
2 699
1 206 651632355
1 1845 23042659
2 1102
1 2638 188017924
1 311 369586562
2 798
2 989
2 1058
2 570
2 249
2 2811
1 1249 633977131
1 827 500160308
1 1777 533153193
2 106
2 1031
2 54
1 612 379095428
2 1925
2 1775
1 985 132397191
1 799 597784496
1 1269 568268747
1 309 866085597
2 1479
1 33 899698598
1 1438 999677239
1 2955 203195642
2 1038
1 380 665880222
2 41
1 478 680902904
2 2440
2 393
2 906
2 1088
2 2067
1 1283 559562325
2 1016
2 437
1 2082 998736263
2 1345
1 266 871684175
1 921 462845747
2 2580
2 1119
2 191
1 2878 512964931
1 1379 313795284
2 2611
2 2426
1 1128 635160655
2 2300
1 2402 418108651
2 1542
1 2516 106930971
1 1811 551403427
2 1123
1 1430 339169730
1 2698 225494383
2 662
1 2232 46521552
2 2275
2 337
2 127
2 2035
2 832
2 1553
1 1733 515195634
1 1876 35463051
1 751 36196662
1 273 741386797
2 2
2 213
1 1691 516073960
2 2960
2 2460
1 1017 608900670
2 173
1 214 513461389
1 2701 604101729
2 879
2 690
1 2962 551489890
1 1757 284236720
2 970
2 2569
1 1475 267708075
2 1805
1 2033 392329838
1 1344 180193560
2 522
2 2973
2 1137
1 1174 318434998
2 1789
2 2317
2 1608
2 1537
1 99 42680414
2 293
2 2866
1 983 186772607
1 1092 982915885
1 207 50308982
1 2174 131325843
2 2782
2 1464
2 2617
1 1408 102892602
1 2958 919941833
2 1253
1 2966 805566399
2 550
2 2588
1 548 813021295
2 900
2 2437
1 1943 36778719
2 1427
1 2326 891019617
1 1244 365054384
2 1916
2 1051
2 657
2 2485
2 1652
2 80
2 993
2 1297
2 2627
1 2038 549406512
1 1459 676561796
1 787 638690377
2 450
2 1208
2 323
2 1491
2 563
1 1065 172838025
1 133 796583127
2 1970
2 657
1 2797 955835526
2 2285
1 266 1110183
2 1416
2 15
1 2018 395861370
2 2917
2 1183
2 1211
2 1261
1 610 558864175
2 1067
2 1147
2 2516
1 2798 315777645
1 1925 294567174
2 1980
1 1923 596639413
2 1567
1 2520 556792685
2 2912
1 2992 892096730
2 665
2 510
2 2772
2 68
1 2179 968293571
1 1627 972310715
2 889
1 31 693043021
2 2945
1 2223 777789677
1 2309 182100150
2 2707
2 2538
1 2198 602136895
2 2377
1 494 412848251
1 1937 783422165
1 2337 302324721
1 2259 185365704
2 130
1 1950 743894446
1 1228 863957862
2 828
1 2926 771506401
2 1195
2 2399
1 1776 617442479
1 308 48067108
1 145 650987091
2 1048
2 2139
2 1843
2 667
1 2445 161910226
2 1872
1 2229 911291085
2 689
2 2669
1 1954 97777910
2 192
2 188
1 854 636519045
2 1822
1 2071 503828025
2 1686
2 1854
1 1948 837732085
1 1144 848036837
1 985 509047887
1 797 275435017
2 291
2 2221
1 1645 821177834
2 1263
2 661
2 445
1 1317 624962522
2 524
1 1141 276525914
2 2611
2 2880
1 2169 256042690
2 1494
2 956
2 1506
1 735 39782380
2 1085
1 547 311083989
1 1042 42341227
1 1929 104055674
1 1507 964629116
1 2102 798322464
2 964
1 2952 56618018
2 750
2 1720
2 23
1 9 458745281
2 367
1 1320 323491447
2 1190
1 579 735489749
2 1492
2 1014
2 136
2 2708
1 1966 878638374
1 1571 814024668
2 2002
2 1899
2 2642
2 2208
1 498 981294357
2 1717
2 961
1 339 563114507
2 156
1 842 994647578
1 882 507740132
2 2632
1 2424 104676525
2 2735
1 1156 837917324
2 1579
1 448 139255058
1 2980 979267715
2 15
2 1393
1 651 939337391
1 638 495159948
2 1027
1 1454 16865009
1 614 585649078
1 2084 944513813
1 2581 39645641
1 1926 58952770
1 1008 308034717
1 2723 827989985
2 455
1 1951 516477535
2 1476
2 372
2 2271
1 11 431140367
1 937 613279292
2 2811
1 261 638239446
1 441 711241729
2 203
1 464 111547676
2 1567
2 378
1 1834 750517645
2 1440
1 2646 740880358
2 470
2 543
1 1987 812276329
2 2448
1 1487 76992517
1 636 681090772
1 1893 478348979
1 1942 521704518
2 1803
1 907 948426531
1 1431 433819017
1 78 31419800
1 1724 317698723
2 1740
1 1245 977073614
1 1617 77885707
2 2545
2 2514
2 2448
1 1684 711403498
1 2533 125098430
1 388 857549200
2 2340
1 2104 332696454
2 1621
2 2646
1 424 183580083
1 1628 220165299
1 2428 747360560
2 1624
2 1675
1 2368 144142154
2 1912
1 516 329051403
1 1540 680911506
1 169 698562472
1 2740 110332692
2 481
1 1167 220346615
1 1234 438705196
1 886 511921822
2 2021
2 132
1 2568 208992442
2 536
2 12
1 1905 654950022
1 2075 154696764
2 1194
2 516
1 2502 381833052
1 129 431468062
1 2476 355337182
1 2932 245967315
2 1454
2 644
1 2431 546146503
1 2390 347358218
2 2483
2 2577
2 787
2 2730
2 2928
2 1282
2 2407
2 1644
2 2990
2 315
1 1367 462027251
1 2019 204153226
1 738 806578710
1 382 78336011
2 951
2 1026
2 908
2 2433
1 443 284251750
1 1953 146874749
1 55 476132555
2 2669
1 777 628988663
1 555 467586832
2 2510
1 2423 544140693
1 755 274776365
1 223 818815428
2 2483
2 537
2 1543
2 73
1 2111 611795100
1 1095 344223819
2 1177
1 729 673131362
1 911 694204190
2 1844
2 1621
2 1873
1 372 709864626
1 1749 493234117
2 232
1 889 434882970
2 2352
2 1707
2 735
2 1196
1 2430 601756064
2 1387
1 420 198353736
1 938 596380143
2 1032
2 1375
1 2190 107271002
1 1990 880906295
1 2848 324252657
1 285 819833614
2 2215
1 1951 98272292
1 826 332341863
1 2101 313819187
2 1078
1 1377 275587193
2 902
1 2445 467718019
1 1684 178395565
2 2820
1 217 192725470
1 2399 949972277
1 2266 515341281
2 2338
2 1395
2 903
2 2599
2 1179
2 2880
2 1007
1 2412 407399984
1 2514 59135444
1 145 637119589
1 2741 962030989
1 2251 566329130
1 2615 319743327
1 2307 92663546
2 682
2 2321
2 2565
2 285
1 2787 226311497
2 521
2 2395
2 435
1 650 905072076
2 2194
1 2005 195353978
1 2039 919469271
1 1003 300573356
1 183 124673943
1 1451 954808947
2 669
1 1369 62723139
2 2108
2 1095
2 77
2 2897
1 429 840865011
2 2433
1 2819 279250975
1 284 148252934
1 1856 855378908
1 1972 652130176
2 984
1 288 970786168
2 2656
2 2584
2 2512
1 2253 893246505
1 2754 585277673
1 1032 444482824
2 1091
2 1954
1 850 92521405
1 940 293558061
1 2895 928780672
1 879 387748351
2 374
1 2574 156858881
1 939 614559379
1 1586 544976008
1 2887 949788321
1 1150 226352840
2 339
2 597
1 1389 18191160
2 744
2 2425
2 1812
2 2561
2 219
1 464 97640496
2 1513
1 2810 376036016
2 2523
2 2848
2 114
1 2483 857443567
2 2806
1 2351 824679513
1 2240 538832046
2 2082
1 2488 857540658
2 1324
1 2480 533943558
1 1857 920357710
2 768
2 1789
1 980 203781516
2 1455
1 58 672468686
1 1136 867648611
2 977
1 806 239987084
1 1406 388821500
1 2748 899063205
2 1464
2 1139
2 1702
2 415
2 2983
2 971
1 66 164146026
2 1534
2 2439
2 1603
1 469 914583371
2 1667
2 549
1 701 739896913
1 583 85631781
1 2665 1767323
2 436
1 2864 254000602
1 1507 952691250
2 568
2 2415
2 567
2 25
2 1685
2 1649
2 1238
1 1355 920709794
1 2952 873914119
1 720 458103639
2 1546
1 2394 304788174
1 1470 60751509
2 2971
2 2913
1 984 896234686
2 2079
2 2634
1 220 999692101
1 2685 566902530
2 1560
1 2988 610341070
2 866
1 516 205860074
2 208
1 2528 66745510
2 1101
1 2213 163201550
1 996 769942762
2 2007
1 2413 452985462
1 2268 477086152
2 2229
2 782
2 1026
1 2566 690573495
2 1263
2 2255
1 2604 980374814
1 440 389858364
2 1266
2 2639
1 1277 939217410
1 2066 621920766
1 1155 538198258
2 879
2 1036
2 318
2 498
1 717 98821459
1 1458 310634966
2 2108
2 2091
1 2418 60593541
1 615 417651101
2 2928
1 2303 423473807
2 2756
1 2939 757492696
2 1104
1 314 244629764
1 2219 386352314
1 671 433102891
1 2960 68147125
1 2685 245710099
1 614 139680786
2 1780
1 983 950972268
2 1956
1 1125 698657234
2 160
2 74
2 247
1 2702 481933807
2 2823
1 2134 680249932
1 1178 474845562
1 1739 225850208
2 2302
2 241
1 2199 957215175
2 2177
1 311 375906872
1 2296 206798491
2 2057
1 2168 338975286
2 1402
2 159
2 609
2 1751
2 1264
2 270
1 1899 993820331
1 1615 575923048
1 1944 639693752
1 1320 12187320
1 2223 350477549
1 982 286741147
2 2564
2 2165
2 1338
1 2427 130652745
2 1923
1 1903 738812866
1 2093 266337133
1 182 387690630
1 1966 366013689
2 279
1 2796 613823215
2 648
2 2494
1 1511 251454877
2 2486
1 652 472762260
2 2418
1 207 870042654
1 2273 742984364
2 1487
2 1251
1 211 790988716
1 1500 576193153
1 2371 942176696
1 1339 13855583
2 1409
2 2949
1 2852 605824512
2 1983
2 429
1 219 797616107
2 1414
1 226 636398644
2 1327
1 2796 835840626
2 2842
1 2179 876978833
2 1417
2 918
2 1782
1 1060 949765253
1 2068 726853444
2 719
1 1348 209540032
1 2340 335161477
1 1354 298467498
1 2519 147279475
2 73
2 1908
2 1187
1 1091 735117734
2 581
1 1779 483938293
1 155 842312292
2 1442
2 95
1 180 747046979
2 280
2 986
1 2680 808158531
1 2892 659534683
1 1670 61816576
2 1914
2 1582
1 295 742623910
1 589 636324000
2 1847
2 49
1 1634 505990003
2 271
2 2985
2 999
2 8
1 1637 693422445
1 1141 149870494
2 153
2 1200
1 1201 42404012
1 2179 779713104
2 957
1 2571 290636733
2 964
2 223
1 1764 549231528
1 1809 69525986
2 2247
2 2147
1 772 283172960
1 859 143585511
2 475
2 2057
1 909 408489455
2 616
2 2628
2 2875
1 2430 227296578
2 490
2 239
1 324 238932303
2 472
1 639 265424924
2 2250
1 607 88724554
1 1711 447725689
1 2771 63987069
2 1595
2 2205
2 1462
1 2171 496543073
1 2389 759563365
2 833
1 2017 256966327
2 2673
2 2472
2 2166
2 1395
2 365
2 2520
1 2533 552688980
2 1384
1 1504 584721420
1 2867 858458464
1 1554 592997825
2 1747
1 1473 861590367
1 2773 989951650
1 798 170014015
2 1655
2 619
1 390 579952426
2 612
2 1751
1 75 775821646
2 96
1 1230 661371324
1 144 125509209
1 2195 216353898
2 2388
2 2496
2 1227
2 1476
2 1653
2 873
2 606
2 1278
2 209
1 2591 791938623
2 2283
2 2328
2 1028
1 2370 396503768
2 421
2 692
2 2663
2 46
1 1792 129575559
2 393
1 3 892723284
2 1643
1 272 319879272
1 1298 265189790
1 897 160806196
2 446
1 1574 751067682
2 2052
2 35
2 1904
2 1329
1 2626 6511607
2 178
1 1812 779535440
2 2281
2 299
1 480 569392633
1 2284 552536319
2 2707
1 632 579983509
1 2942 544076479
1 1562 224425514
1 1018 29000677
1 1408 669985181
1 2709 772047937
2 17
2 1818
2 446
1 2543 569960728
2 1307
2 2254
2 2016
1 2981 349607836
2 1459
2 1521
1 2096 321635409
2 1640
2 2531
1 2142 85733494
1 1580 503478859
2 2570
2 2620
1 2834 454135152
2 1335
2 2100
1 419 664901903
2 2215
1 1296 721245232
2 57
1 448 620649837
2 2105
1 1841 634727081
2 391
1 528 650937906
1 1602 172947822
2 391
1 595 747533369
2 1162
2 1600
1 1406 444222970
2 2619
2 1355
1 2748 680108488
2 2964
1 2979 671209275
2 2780
2 2106
1 2083 705623924
2 211
2 2417
2 838
2 1778
1 614 334892094
1 1274 542994443
2 372
1 819 537484785
1 2827 534501121
1 548 623360505
1 101 587908055
1 1708 878805435
1 349 687130470
2 1311
1 198 797236719
1 2344 667812492
1 452 535280957
1 2455 144815381
1 2394 57541361
1 2021 496481763
2 2940
1 2133 244303774
2 1309
2 1501
2 1292
1 262 990758811
1 2930 694906568
2 2599
2 62
1 2912 147054037
2 740
1 277 93395400
2 243
1 2434 388081206
2 1918
1 1414 765265513
2 1989
2 1835
2 1237
1 228 881246175
2 1485
2 2768
1 1819 806745652
2 654
1 2326 917028590
1 1776 156554772
2 2292
2 21
2 774
2 1113
1 51 33103151
2 2888
1 2354 471207321
2 2523
1 2523 84580364
2 426
2 1560
1 2874 45582576
1 2200 772379570
1 2528 788830833
2 1237
2 2855
2 646
2 2534
1 215 766261420
1 205 631423884
1 2695 759891472
2 1785
2 2793
1 1326 813877861
2 2711
2 1156
1 2932 527179741
1 789 272424276
2 401
2 2286
1 483 894592173
2 2508
2 2418
2 760
2 732
1 822 254344306
2 107
2 2698
1 2044 307247747
1 659 595281020
2 2154
2 2765
2 457
2 1865
1 879 318002502
1 2943 484065200
1 648 658843036
2 2567
1 1056 671799853
2 2084
2 1087
2 2250
1 216 604722509
2 1266
1 793 368291546
2 891
2 2354
2 1730
2 559
2 885
2 1032
1 2932 343884461
1 1092 211789153
2 1377
1 2761 304977377
1 1450 523378328
2 2422
2 1868
1 1620 765290713
2 1786
2 1626
1 1757 357805690
1 1200 534760407
2 350
2 383
1 850 970278783
2 1806
2 837
1 863 79279124
1 130 230255522
1 355 262362126
1 2753 488206180
1 123 750408062
1 474 610191917
1 905 981887268
2 721
1 2726 477255622
2 1322
2 2220
2 2575
1 2823 638509106
1 2087 969957983
1 1359 260194824
2 1209
1 329 342895052
1 1 524367824
1 47 610343756
2 482
2 221
1 2773 191510079
2 837
2 1232
1 1325 246070410
1 474 354190124
2 2687
2 2333
1 2360 792454166
2 597
2 2693
2 1225
2 2091
1 2039 437741743
2 1590
1 2700 655078905
2 2468
1 172 222807288
1 1234 208695893
2 814
1 2911 777736439
2 2004
2 2519
2 2969
1 843 681044297
2 2420
1 2975 53947918
2 932
2 2691
1 1675 560699287
1 318 389995865
2 2072
2 1008
2 2888
1 206 627448428
2 756
2 1379
1 2377 386595666
2 2901
2 2027
2 1614
2 1515
1 2364 244002689
1 1307 319294720
2 1707
1 2830 458143712
2 2832
2 2581
1 2641 406728456
2 2504
1 1171 321108385
1 954 487093700
1 643 748313391
2 80
1 1394 116052496
1 1778 630540007
1 1538 223436799
2 610
1 1238 720578398
1 2509 834854105
2 569
2 32
2 1709
2 452
1 655 819721740
2 1941
1 784 744744844
1 2743 796565114
1 374 550127913
1 2850 883591596
2 1149
1 1943 137138694
1 2672 276941746
2 1842
2 2708
1 1419 110063905
2 1871
2 2240
1 1212 432273472
2 69
1 2570 88442803
2 1942
2 1605
2 948
2 165
2 1158
2 1205
2 2329
2 1471
2 2571
1 126 386632889
1 388 831440558
2 1451
2 191
2 2388
1 1815 864705931
2 1554
2 596
1 2146 640052200
2 3000
1 1366 777728850
2 237
2 140
2 81
1 134 434288445
2 1876
2 2820
1 1553 279989337
2 1495
2 1884
1 2591 780433322
2 763
1 583 777734988
2 1159
1 1663 8917383
1 1460 653110294
2 2410
1 2798 639479130
1 889 551463152
1 2095 730403045
2 1279
2 1198
2 1326
1 2850 685568763
1 2746 739670421
1 159 878554374
1 852 583779532
2 1280
1 129 264143726
2 46
1 524 36211261
1 55 791452995
1 513 86138977
1 290 44028414
2 508
1 650 646986709
2 1585
2 593
2 1308
1 2366 776175978
2 2259
1 1522 811004877
1 811 192255575
2 1847
1 1545 352387731
1 1474 642657151
2 1001
2 114
1 860 182609787
2 1881
1 2173 422095531
2 562
1 2548 300066135
1 348 613728193
1 1998 550488717
2 494
2 2980
2 2875
2 1108
2 247
2 2093
1 2570 100637583
1 622 253901132
2 61
1 2609 7065367
2 2546
1 2140 754226415
2 2265
2 1088
1 1271 582558803
2 1445
1 1185 602231572
1 1292 804068085
2 2210
1 983 614605062
1 241 690626547
2 2790
1 591 488874423
2 124
2 279
1 1393 2862412
1 966 886326008
1 2177 631020440
2 756
2 2365
1 1139 687859111
2 431
2 2144
2 1419
1 16 863410746
1 2284 938573146
1 2653 548038700
2 1637
2 1344
2 865
2 392
1 765 380889651
1 2628 532198944
2 2764
2 902
2 1539
2 2184
2 549
2 1571
2 1281
2 61
1 1059 618042999
1 1610 594309481
2 1417
2 470
2 918
1 2002 580164590
2 2604
1 2589 451321414
1 5 51820664
2 676
1 1578 372775443
2 1253
1 48 223240073
1 905 242636339
2 966
1 2680 65168987
1 2588 256171764
1 2168 372796290
2 2105
1 1225 11781160
1 660 830502042
2 2034
2 1957
2 2784
1 2628 354424287
2 113
1 1498 911033817
1 1651 730581414
2 1582
1 1746 247323439
1 739 765009906
1 585 915780608
2 1231
2 2489
1 927 337493502
1 1384 307644444
2 9
1 1515 181244700
2 18
2 374
1 2681 3425290
2 1587
1 371 378393150
1 1065 655350646
1 2945 368306775
2 1687
1 2478 887974083
2 898
1 981 956214897
1 770 741567913
2 2194
2 507
2 239
2 2979
1 1962 142288029
2 1551
1 197 956575122
2 378
1 1285 149042779
2 952
1 687 284816550
2 2320
1 1976 632571442
1 1008 698881839
1 1420 575613600
2 2326
1 2769 116520318
1 2723 617124809
2 2269
2 2554
2 1533
2 482
2 278
2 1959
1 1801 485892424
1 1240 822908640
1 2322 956165039
1 1156 878079943
1 1162 710418006
2 1358
1 2758 318080144
2 1635
2 38
2 1552
1 2754 867537873
2 193
2 2210
2 207
2 1574
1 2810 875247326
2 2645
2 2200
2 1345
2 2300
2 1882
1 298 275537026
2 2401
1 369 410832749
2 2640
2 1466
2 1920
2 328
2 2107
2 264
2 2315
2 2730
1 2939 255031792
1 2368 825854710
1 1156 281055313
1 1455 569897637
2 1114
2 1868
1 1071 316121105
2 1929
1 615 706426089
1 279 723143137
1 798 513439172
1 70 626340198
1 887 734610848
1 2 459378648
2 2655
1 2592 5440839
2 1609
2 1650
1 2018 269530906
1 1654 90444942
2 352
2 2693
2 1894
1 2739 325583652
2 251
2 1170
1 2940 497813927
1 2827 32544983
1 1167 10847997
1 376 309899334
1 848 557755501
1 427 581601496
1 265 44683510
1 451 358811769
1 2117 30787326
1 777 379996988
1 574 518587871
1 2469 397776519
2 2696
1 1262 630084221
2 2669
1 2625 349477293
1 538 260219121
2 2889
1 697 897389563
1 568 172774345
2 1504
2 1484
1 2402 793934937
2 894
2 1980
1 1783 192045961
1 842 47502583
2 1011
2 4
1 1162 642825547
2 2587
2 2684
2 992
2 2774
1 1974 47079603
1 2778 286882233
1 998 665142856
2 835
1 2859 795965723
1 2184 393074727
1 1447 222046324
1 840 597334603
2 2518
2 408
1 2354 22532154
