10 100
1 6
6 2
2 3
8 10
10 7
5 7
9 4
3 9
8 4
2 9
2 10
1 7 218593556
2 6
2 8
2 6
2 7
2 5
2 6
2 4
1 7 128083218
2 6
1 9 446700558
2 6
2 6
2 7
1 5 591607816
2 9
1 4 342254971
1 10 761407987
2 7
2 10
1 6 997395427
1 9 693770378
1 2 890922302
1 6 239816948
1 7 990540809
2 5
2 10
1 4 503319237
2 9
1 3 122071844
1 8 286742815
1 5 987116297
1 5 126472887
2 8
1 6 450464887
1 8 161129084
2 3
2 5
1 7 953300952
1 2 972260319
2 3
2 2
1 9 16743551
1 8 895774581
1 3 168462705
2 6
2 8
2 2
2 9
2 4
1 1 985716438
2 1
2 5
2 7
2 5
1 5 405106265
1 7 131454740
2 1
1 7 281405255
1 6 479526971
2 3
2 6
2 4
2 3
2 4
2 2
1 9 804158430
1 9 525306668
1 4 787874379
2 9
2 1
1 5 377433593
2 3
1 8 119121714
2 7
2 10
1 2 640703743
2 3
1 3 429285735
2 3
1 10 45833698
2 1
1 10 422043367
1 9 88043501
1 8 235250955
1 4 846706859
1 7 256559791
1 10 559238744
1 2 335250920
2 10
1 10 99635375
1 2 808746083
2 7
1 2 485794505
1 2 360414459
2 1
1 6 477874919
2 7
