3000 3000
2394 1829
507 2628
1083 2394
1378 2741
2285 790
2156 2577
790 1098
2766 579
2021 702
790 2339
460 958
2866 1454
402 545
1627 2394
2307 2394
1407 2394
745 2021
2938 2394
805 507
2139 714
2181 1389
691 2021
1416 958
2021 451
2394 1559
770 2394
2632 579
2394 299
2572 2394
790 1553
2215 790
790 1563
2021 191
790 528
2058 2394
790 1737
2394 1036
591 507
579 919
2579 2021
648 579
1151 583
2500 2394
2394 2279
792 2021
790 1915
2902 2394
443 790
876 2394
251 2394
2394 2554
2394 28
240 790
1378 2217
1236 2394
790 1969
2583 2156
1557 579
958 2413
777 790
2454 545
2072 790
653 2394
2497 2021
2394 497
2219 790
1165 790
2300 2394
579 18
2446 2866
1784 790
2845 579
790 2698
2021 1412
545 933
790 2615
281 579
1595 2394
2921 790
2394 257
2479 2394
2133 507
1364 507
324 2394
2493 2181
2163 1993
1828 790
2394 1176
2394 480
790 430
2394 869
1455 545
2394 263
1651 1119
2064 958
2866 1324
1695 2021
927 790
579 2773
2239 2394
2897 958
2021 2233
2394 2668
2394 2343
790 1352
747 545
2552 2021
2866 1372
247 2394
2394 2498
1273 2394
2242 2394
2021 793
807 523
1914 545
790 2713
2394 369
1889 2394
270 545
32 2394
2983 2394
2769 2394
644 790
2394 2076
507 2617
2139 496
226 790
2360 790
2394 829
433 2394
579 2401
2166 2866
2394 1560
2394 1788
1733 2163
127 545
579 2995
1715 2394
2394 991
790 2444
2394 2487
1688 2394
1368 2394
124 545
790 976
249 1119
786 545
2394 2055
2975 790
790 884
2021 673
507 1285
1378 2394
545 696
2139 1858
1742 545
2711 2440
1185 2394
2021 50
2184 2394
579 2154
2394 2395
2620 579
790 2840
579 1457
790 2218
962 2394
579 734
2283 2021
731 790
2156 1874
1713 545
2624 2394
2394 1526
2021 1898
2394 1764
545 2859
560 790
2711 2868
2925 545
2458 579
545 1293
2109 2394
440 579
2394 1586
2394 1673
1260 2866
49 545
790 331
2021 1317
2021 2140
623 790
579 2708
790 2747
1878 2156
545 1851
2021 1602
579 1728
545 200
172 958
1567 790
1305 2394
790 109
790 2873
2013 2394
790 2934
2394 153
2394 2915
1425 2394
2685 2021
1336 545
2394 1710
129 2394
450 790
2514 958
1249 1880
507 1382
2021 1259
216 2394
1423 790
2394 1375
2021 1529
2139 2208
790 2124
2394 236
2394 1156
2461 790
790 1440
626 2394
1353 2394
1219 2021
545 2663
202 790
2021 667
579 1274
2394 2737
2021 1292
579 2821
790 2019
2022 2021
1597 2394
2394 2673
545 2061
2338 545
2394 40
2866 2476
507 390
2448 2394
136 958
2021 1638
790 979
2394 1091
165 2394
2581 790
1726 507
1950 2394
2884 2394
545 1538
790 2489
2394 1400
2394 1269
790 875
2832 579
507 1105
2021 2111
1684 2021
715 1797
830 2139
542 790
545 334
2394 1428
2394 339
1767 2394
790 2892
2071 2394
2394 2256
2275 958
790 100
2964 2021
367 790
2828 2394
1608 2394
790 2146
545 2751
545 1739
790 651
689 790
2394 1831
958 1121
2394 608
1506 790
545 794
1929 790
2709 507
2391 790
2459 2163
2394 2797
2054 790
2916 2394
2394 1090
464 2866
2163 2877
2394 2946
2394 2078
2586 2394
507 2801
1238 790
1254 2394
140 579
545 982
1643 2394
449 2394
545 1947
2660 2394
834 2394
1705 579
1460 2394
2703 958
2394 2611
2021 2667
19 2394
2394 616
2879 545
663 545
994 2394
1046 790
2021 489
2394 2170
1776 2276
790 2846
2085 2163
1801 2394
2021 2508
2188 2021
2450 2156
1975 579
2394 1122
2394 1922
2021 318
521 790
218 2394
2021 2998
790 399
2322 2394
790 243
118 2394
2394 1173
1061 2394
273 2021
350 579
2394 2043
885 958
507 1170
306 2394
2702 2021
1117 579
1521 579
1976 2866
2021 1383
545 2228
790 886
1033 2021
2394 1408
2856 2394
579 2470
2394 60
1184 2021
1905 790
507 1966
1800 2394
1849 583
2394 44
2394 158
2749 2394
2119 2394
2331 2394
2999 2139
2163 2161
790 238
579 14
579 2642
149 790
1622 790
1745 545
790 2169
1414 2156
178 790
790 2720
2394 1668
790 2304
1740 2021
2116 790
2394 1192
844 579
2021 993
2721 545
2021 1925
1029 545
790 590
2715 579
1796 2394
2340 579
790 1223
2394 1356
2021 2981
2394 1496
2163 1826
2394 2398
939 2394
1885 2394
2394 2495
790 1585
459 545
2021 620
2584 790
1119 2480
2394 573
545 2185
2866 2485
190 2394
2394 197
2394 766
545 2273
1897 2394
507 388
1331 790
1512 790
2407 2021
790 2812
2411 1249
819 2394
790 452
2952 507
2711 1927
519 2394
1663 545
1442 2394
790 1346
790 1491
579 2036
2113 790
2394 1902
790 30
2866 1857
2394 1782
2021 1093
790 1461
2420 790
756 2394
1834 507
545 2723
2383 958
1082 2394
2201 2394
579 2823
958 1564
790 2829
790 1160
2394 1466
2427 1345
2175 2394
2871 790
545 1937
2095 2394
137 790
790 1818
438 579
2021 1548
579 1060
538 790
507 94
494 2394
2394 429
1232 2394
2394 121
579 2905
2630 2866
2092 579
2394 2679
790 1100
2394 1956
2394 2795
1415 2394
790 1659
2394 477
790 1736
545 394
851 579
2394 1479
2874 579
579 2232
2394 1952
958 821
2163 63
1869 790
2866 1789
1068 790
548 790
2784 2021
2021 1753
2394 391
545 250
1836 507
2575 1119
2945 583
835 583
1143 790
1576 790
579 1335
1193 790
932 2394
2394 1719
554 790
1635 2394
2951 2021
2021 1926
2021 265
790 2991
2727 2394
790 2481
2394 298
2394 662
2712 2394
2780 2394
2394 847
2394 2382
2710 2394
2394 1846
609 790
790 2869
2394 1207
750 2156
737 2394
2046 2021
2394 1798
1955 2394
2394 753
790 1359
2021 1724
672 958
1119 262
579 2740
2933 545
967 2021
2021 1821
790 1278
1212 790
545 2851
1355 2021
545 1958
545 377
966 2394
1823 583
103 2394
579 307
411 1378
790 1720
604 958
2606 958
2394 2739
2394 1205
838 507
507 1528
507 177
1418 2394
2293 579
790 2235
576 2394
2394 2367
1119 1650
1042 2394
511 579
2561 579
1854 2394
2021 619
1349 2163
545 1296
1439 2394
778 790
2394 4
2918 790
1797 1644
2907 2394
1225 507
1924 2866
2888 2021
2866 1113
1209 2021
2883 2021
90 545
2394 2027
271 2156
1134 545
2053 507
507 2297
693 790
1056 2394
2394 1447
274 2394
2394 1481
682 579
507 2822
2394 974
2394 1709
2394 2517
466 2394
790 2847
1647 790
772 790
545 943
2139 1133
2030 790
2418 2866
2451 2021
2394 285
1119 2311
545 823
2428 2156
2394 2225
507 1177
2394 2785
259 545
1000 2394
580 579
790 2245
804 2394
787 790
1982 2021
1429 2021
2134 2156
2511 545
111 2156
1662 2394
2394 1888
1631 2394
2021 2102
545 907
2394 1701
2403 2021
2394 1807
379 2394
2531 583
1534 790
421 958
700 2394
790 154
156 2394
2394 1656
1321 2394
2538 2394
2793 790
545 2857
790 1666
889 790
2490 2394
2002 2394
2394 1773
535 2394
2139 476
564 2866
453 2021
65 2394
610 790
545 1374
2171 2021
1864 790
2394 839
545 382
1901 2021
790 555
790 1420
1234 958
579 88
545 1406
2021 1497
2670 2394
1198 2156
545 779
2394 1242
2238 790
507 2047
2021 2635
2021 2068
790 2473
507 139
1138 2394
2394 1149
2866 2396
2394 1630
857 2866
1494 2163
1436 2156
1731 579
790 1458
545 1146
1021 545
2394 2189
2394 1804
2928 2394
2744 579
2021 1787
799 2021
1502 2394
2452 790
378 2394
2394 2291
579 2226
2394 2427
2394 1748
579 882
2365 2394
2369 545
1164 1544
790 1633
545 1856
252 2866
1871 2394
116 507
2930 958
579 1692
2394 657
1094 2394
2129 545
579 10
2394 1308
802 2394
2394 2963
2985 958
1459 2394
2866 1064
2021 1513
2394 1101
1671 2394
2394 2984
2654 2163
1865 579
1980 545
790 625
1482 2021
1451 2394
2021 655
2732 545
2067 2394
1599 2394
2394 1683
2810 790
2535 1119
33 2394
721 545
2394 2167
2802 545
1348 545
1013 2394
253 790
677 2394
790 1995
2021 2576
2231 2139
2298 2394
1792 2394
683 2394
507 918
2156 1877
2345 2394
2394 1879
545 188
2864 2021
2414 958
105 790
2148 2021
1797 2616
1741 790
445 2139
1201 2394
1405 2394
2394 574
1182 545
1022 790
2770 2394
282 2021
2394 54
790 1270
2961 507
507 2081
2394 2516
2394 396
912 790
1816 790
2742 2394
712 2394
2374 790
775 2394
423 2394
507 526
2021 37
2394 1179
922 958
736 2394
2394 108
2394 1863
1290 2021
1147 2394
395 790
738 1378
1797 2636
2139 2775
2827 790
2598 545
1941 1378
2394 2977
2664 790
2015 2394
790 2701
790 1794
47 583
790 2672
1777 545
2021 231
1322 2394
2394 418
2139 115
545 481
6 545
2589 2394
790 1979
2605 2394
2753 2394
811 2021
2021 827
1125 2156
790 2457
507 213
1850 174
2394 1271
1237 2021
958 1141
1131 958
2394 2923
2177 958
507 2467
545 1584
1530 790
2394 234
632 958
2156 2687
2578 790
579 1357
2394 1827
2394 1542
2960 2394
2021 373
2394 921
579 2992
2011 2394
328 2394
790 2394
790 2483
2021 1126
2040 790
1930 507
2394 338
1932 579
2394 612
3000 2394
790 2060
1379 545
1443 545
2021 1088
2394 1667
790 664
708 790
790 2439
545 478
1562 2021
958 845
1328 545
628 2866
1463 2394
2394 518
1708 2394
2021 1448
2571 2394
130 790
2057 545
1449 545
2394 2592
956 2394
2734 790
2394 727
5 2394
2394 67
545 592
945 507
622 2394
507 2260
2394 1558
2653 507
1540 2394
2097 807
192 2394
2021 840
1248 2394
2658 583
1017 545
1208 2394
871 958
2394 773
51 790
2394 52
958 2394
166 790
545 2240
2394 2867
2650 2394
2394 575
549 2394
630 2394
909 2394
545 1313
1320 790
2394 2425
1378 1077
1006 2394
2866 1588
2021 784
1514 790
1417 2394
790 2220
545 2151
2156 487
1249 2394
790 1961
725 2394
1030 2021
970 1119
1840 2394
372 579
556 790
2903 2394
2021 2394
790 1743
2021 2927
1986 2163
958 410
2813 2394
351 545
1785 2021
2643 2394
2394 2024
539 2394
2021 95
1441 2394
2394 2548
790 2159
545 517
1507 790
1689 2139
2021 2622
2308 2394
2394 1940
507 812
1998 2394
545 1746
856 2394
2394 1591
650 2394
1018 2394
790 2292
790 803
2394 292
1648 507
790 2973
507 942
2394 1632
531 790
2521 507
1866 507
2174 790
2949 2394
2394 801
2021 546
2394 859
2394 1171
507 208
1421 2394
2114 579
2848 2394
790 986
1334 2711
545 618
545 720
2021 1832
790 1258
2394 2863
1161 2394
2394 1306
790 2295
2633 507
1309 2156
1249 2993
287 2021
2394 923
2394 717
2394 2035
2394 457
2126 2394
520 2394
2394 2968
958 2809
1967 2021
2394 754
1867 2394
35 2021
1411 583
2388 579
1424 2394
1911 790
2659 2394
958 1809
2394 2610
2290 507
2394 2248
260 2394
2394 2639
2394 826
381 790
579 78
583 1550
29 507
507 1228
2656 2021
2139 2988
2394 2574
2394 2817
958 1402
1626 958
790 1694
2394 1893
1476 790
2120 2394
507 2125
2021 2286
2835 2394
905 790
790 1780
1931 790
2021 563
579 333
1593 545
2139 417
2202 1119
2394 710
2394 1111
507 448
545 246
545 624
347 790
492 2394
790 529
2364 507
2644 2394
2021 2107
1802 790
2631 790
1855 545
790 1687
2394 2156
2394 2996
995 2394
2394 1533
2394 1640
2688 2394
2276 1155
507 1806
2394 113
790 1040
545 1808
2394 468
790 2602
2394 989
2394 902
509 790
408 2394
2728 507
2394 1110
726 2021
924 583
1508 2394
2021 2042
703 545
578 507
1203 2156
2612 2394
2380 1119
1847 2394
579 1282
2394 85
579 2394
1611 2394
2866 530
233 2021
2394 1913
507 2553
790 125
2394 1051
2375 790
239 507
2394 1704
545 1387
1943 2156
1137 2394
540 790
808 507
790 2390
670 2394
1637 790
2139 2772
1012 2394
1019 790
2021 949
2262 2394
2768 790
1388 790
2156 1464
545 1676
1119 1272
958 892
507 2074
790 2348
661 2156
2394 1062
790 2173
2371 2394
588 2394
2958 2394
1291 790
790 157
1066 579
2156 1793
545 2979
1148 2394
2172 2021
507 1812
790 1020
2394 1769
1124 507
1256 790
2006 579
790 2486
1470 579
288 2394
507 1487
767 2394
2021 295
2289 2139
2394 2805
1598 545
1515 2394
1323 790
1081 2021
2394 1492
2394 2588
2471 2394
2394 757
988 2394
2394 2392
790 1267
2394 2160
87 958
1477 579
2529 790
2394 314
2394 2757
1923 545
2394 652
790 817
189 2394
2445 2139
937 507
1330 790
2203 2394
790 419
1987 2139
2527 2394
2021 1034
2021 499
790 2165
579 1646
2394 138
2394 2861
1401 2394
2394 2421
305 790
2791 2394
1031 2394
2394 1004
915 545
2394 680
2394 1009
2394 2115
2394 2901
2704 545
2394 2880
2143 545
256 790
2021 813
2412 2021
475 2394
2216 2394
2706 2394
2021 2385
2065 579
1045 2394
790 944
790 1067
2021 1614
583 1008
98 545
1921 790
1523 2021
1654 2394
2815 958
2059 2394
507 2101
2328 2394
2724 2394
2318 545
1264 2394
2394 1619
2394 900
2156 2649
579 1432
473 2394
507 1672
2941 790
242 2139
2156 2788
2394 203
1104 2021
2394 1303
2394 621
2156 1341
1213 579
2163 1288
2271 545
2394 1574
2394 2501
2394 697
832 2394
2306 2394
2463 2394
790 660
313 2394
899 2394
545 1554
414 790
545 2394
2394 1007
2394 594
2394 2681
2025 790
2394 990
507 2555
1522 2021
1129 545
2394 1968
2394 2733
1249 2743
1386 1119
2866 1054
790 1605
992 2394
1172 579
343 2156
958 117
2394 952
2394 1525
2021 2843
507 2186
1157 2394
579 2565
2394 2416
2394 1210
1716 790
557 2394
589 2394
2394 1551
969 2394
790 806
1996 790
545 2083
579 853
2430 958
790 483
2394 2276
2394 2335
790 1541
790 358
2394 566
2394 1307
1803 807
2417 790
280 790
1127 2394
2394 1642
2971 2866
319 2394
2394 2661
490 579
2634 1119
2690 2021
2033 958
2163 455
2021 2834
790 763
2090 2394
2394 1815
914 2394
2533 2394
2469 2021
2021 765
1475 2156
2394 148
55 2394
340 1119
507 964
2394 1732
2569 2394
2394 2269
2001 545
2 2394
384 2394
2394 978
545 1582
2394 671
2394 474
2156 1938
579 2792
790 2953
790 424
2021 1500
2394 2149
2394 2693
816 1797
2807 2394
2021 1988
2455 2394
2550 2866
401 579
1603 790
579 1791
790 2956
2394 278
958 1607
1289 2021
1604 958
1240 790
2139 1044
790 2332
2394 961
2394 1577
2394 2200
1221 2021
880 2394
2018 790
128 790
436 2156
1682 545
849 2394
774 2021
790 2609
2021 2305
2711 2491
507 2358
2384 1797
791 2163
790 484
1249 1839
1908 958
1378 1204
2436 579
2790 507
2144 579
1057 790
1243 2021
2004 545
2021 210
545 1371
2435 790
559 545
599 2394
2394 1657
2394 984
3 958
1592 790
1833 2394
545 694
2394 1842
2394 2222
2021 461
1196 579
790 2858
790 212
579 643
2021 2356
2394 2447
2207 2394
2394 146
605 545
2394 1300
1822 2394
958 2419
2210 2021
1229 579
290 2394
2891 2394
222 2163
958 2940
2066 790
2267 2394
2294 2021
2021 2336
2394 887
507 1239
2394 2128
2021 571
2394 1050
275 790
2394 2762
1904 579
1378 522
790 2803
2000 2394
1759 579
2394 2106
627 2394
2337 958
2619 2394
2346 507
8 2394
507 971
2532 2394
790 439
2684 579
2394 798
638 2021
2394 742
2080 2021
2021 370
636 790
584 583
790 2752
2394 1369
1946 2394
579 38
2394 322
42 579
1761 2156
2123 790
2394 1620
507 2404
583 2394
2394 276
2234 545
161 2156
822 790
2394 593
2767 958
579 2540
507 2842
2394 2786
2716 923
2163 336
2850 2021
1136 2394
2437 2427
1813 958
960 2394
752 865
2156 1504
790 606
790 2423
2021 1536
2247 2394
2021 1217
2394 1351
2197 2394
1486 2394
790 634
2638 2021
2021 2303
2394 611
2179 2394
2021 1089
790 2505
1249 2761
790 1959
2464 2394
2394 2881
1233 958
26 2021
545 2164
790 1997
1606 2394
361 2021
790 746
2394 997
2836 2394
2394 364
769 2021
2394 2764
1377 2394
220 545
2326 2394
2754 2394
2472 790
2394 996
1699 579
2280 790
1249 872
1398 579
2156 315
815 545
2021 2251
375 2394
168 545
2394 2599
1751 2394
2394 41
2394 858
2394 237
2070 2394
1253 958
958 558
2536 2394
2093 790
365 2394
836 2394
790 1366
9 790
958 1617
790 1645
2910 2394
2432 958
332 579
790 279
2021 1944
2494 507
507 2361
2394 1347
790 639
1378 598
2394 277
685 1378
2394 2729
2394 1758
2021 45
579 102
1159 2021
507 2900
92 2163
579 1197
1266 545
2394 224
545 493
2748 2394
740 507
583 491
2965 790
2394 194
442 545
2394 2895
733 2181
2021 406
2139 2756
2537 2021
545 2717
2394 2837
2156 180
2394 695
741 790
2394 2939
601 507
1539 790
790 512
2456 790
790 1978
2021 2313
545 1337
790 1281
790 2990
2697 790
482 545
1972 2394
2852 2021
1052 790
303 583
2193 2394
2023 2394
1951 790
70 2021
1837 2394
235 2021
2021 1727
2349 2866
2021 1679
2394 1994
790 486
809 2394
866 2394
579 2603
2021 2366
2394 267
2394 420
2585 545
2507 2394
2422 790
2394 600
2394 2546
790 456
71 2394
790 2781
2021 631
1226 2139
2394 2087
865 2394
507 183
2254 579
2315 2276
2021 2652
790 2224
2021 1747
579 2253
2954 507
2394 1108
2394 2562
2021 2136
254 2021
465 2866
507 393
1384 790
2394 1501
446 2394
2394 1547
2394 341
2853 2394
545 2150
1623 790
2205 2394
2139 2556
2394 16
1049 790
1873 2394
579 182
2759 2394
2942 2021
2168 2394
2394 1653
12 2394
1444 790
2021 2970
2726 790
2394 2309
1005 790
1872 958
2394 2875
2394 317
22 2163
2063 2394
2021 572
678 2021
1299 507
2618 2163
2324 579
2441 2711
2162 545
2917 2394
1845 2394
1404 2394
2394 516
1304 2394
2955 2394
527 790
545 1628
810 2021
913 2394
301 2394
2089 2394
2914 2394
874 2394
2021 441
842 507
2039 2394
647 2394
2394 432
1174 2394
471 1119
2394 1385
2394 2893
506 2394
2021 272
2394 1899
1817 2394
565 507
790 508
2021 84
552 2394
2566 2394
2021 360
790 1641
2866 2342
2223 790
2492 1249
13 790
2394 537
790 110
2826 2394
1244 790
1311 2394
545 2811
2515 1249
2394 2750
2021 2008
2394 2312
1983 507
2048 790
2021 74
221 2021
640 2394
1949 807
389 2156
2394 2506
641 579
2394 1519
2596 2021
1422 507
595 1797
790 2034
2394 833
2021 2510
507 1763
925 579
2139 1875
579 1629
545 1884
958 1489
2394 2911
1621 2394
2819 2163
2021 2700
790 980
507 1075
579 2044
583 1771
1430 958
936 2394
2544 790
2394 2833
345 2394
2394 1485
269 579
2163 2357
2394 1191
245 507
2394 316
2394 294
582 2268
2394 112
144 2021
1076 2866
790 613
2474 2394
646 2394
790 2499
329 507
2321 545
2838 2394
2288 2866
790 415
2394 2950
1001 1249
1960 2394
2156 1397
2299 507
545 392
790 374
2504 790
1615 790
2141 1119
1070 545
596 2394
187 2163
878 2394
145 2021
545 718
2394 2502
1437 2394
2763 2163
142 958
2394 1216
2195 2021
848 2866
1392 579
946 2021
1086 2394
25 2394
579 2666
2662 2394
2246 2394
2394 2982
545 862
790 2069
1190 2394
1327 579
507 1245
2394 349
579 1706
2394 2689
579 2190
2139 1380
1700 2276
2394 1435
2394 2199
304 507
507 181
2394 1861
2394 561
357 2394
790 283
2100 2394
2394 199
2156 2771
1103 2021
903 2394
2866 2789
507 355
790 722
2037 2021
1187 958
2394 1859
2394 1295
2394 1890
1907 2021
545 2839
2681 2158
186 2394
1918 507
1251 507
1870 2021
2394 676
2163 2394
2156 1957
790 2178
2021 126
507 1825
2394 2593
2156 2182
2394 957
2394 1723
947 790
807 1329
2359 2394
2021 2582
790 2722
2657 2394
2394 898
579 1853
855 2394
431 2394
790 1503
2978 2394
1696 2021
2021 2637
2394 2266
1180 2156
920 958
123 790
2163 1910
941 2394
790 1625
1028 2394
2038 790
255 2394
2394 2310
2394 2264
2675 2394
2021 2482
2394 214
2021 1730
790 2052
2394 1319
507 1942
776 790
2394 841
2394 690
2021 1678
790 2086
2394 1003
1532 582
2394 1468
879 790
583 1655
412 2021
2394 1483
2236 2394
2394 1805
2021 692
545 771
2156 1301
2394 917
656 507
790 2112
500 579
2049 2394
2021 2755
728 2394
2394 59
43 545
2711 755
1729 507
1594 790
1162 790
977 2394
2394 470
790 462
2714 2021
2021 1616
1762 545
2192 2394
1670 2139
1797 297
1565 2394
2676 790
2806 790
2394 968
958 2974
1725 2139
1600 2394
2394 1409
2841 2394
2394 2896
2694 2394
545 2363
2882 583
1750 2394
790 1168
1527 579
2163 2541
228 2394
2394 1573
790 11
579 2627
204 1378
579 785
669 1249
617 2394
2096 790
2394 586
550 507
790 2522
2021 2389
2394 2353
2394 198
545 155
790 2948
704 507
2163 2919
507 2651
1810 545
2394 1164
674 507
2460 579
958 2966
790 505
1350 507
790 1963
2394 881
2394 17
2394 215
2394 1214
2394 1561
2088 790
2394 1948
2284 2394
2394 1268
1520 2021
2394 2406
2394 119
2394 1579
2394 1145
545 1917
790 2530
2394 2519
545 2600
1480 958
800 583
1047 545
790 1202
2021 1130
790 356
790 425
2394 1063
2156 940
2021 380
760 2394
2394 551
2477 2394
790 227
583 850
463 2866
958 547
2379 1249
2394 2010
545 1434
1895 2139
2534 2394
2139 1786
2021 1462
2394 1896
2957 790
2394 904
883 2181
1378 2351
2394 2265
2394 1195
398 2394
2783 790
579 230
1556 545
579 2334
507 2567
2777 2156
545 1024
790 2518
998 2021
2909 507
2394 1114
958 931
2282 579
973 2394
716 545
62 790
541 2021
877 2021
1965 2394
1188 545
1158 2021
790 2758
2814 2021
955 2021
2139 965
790 141
2394 807
1691 579
2394 2155
723 790
434 2394
179 2394
2394 1991
2394 1498
2711 2394
58 2394
953 579
545 1752
2276 2825
2352 958
2855 790
895 583
1361 2021
1230 790
405 2021
507 730
1843 2394
790 724
2394 1971
2912 545
1096 790
1465 790
24 579
536 545
1636 2021
2394 2707
1119 81
545 1575
901 2156
120 545
1287 2394
2394 2595
2394 1714
545 1059
1164 1433
1478 545
1014 790
958 1391
579 2913
2394 1025
2394 761
790 2560
1087 2394
83 545
2327 2394
2597 2394
1153 2394
2573 2021
545 686
2590 2021
1887 2394
1199 579
1055 2394
2468 1119
790 97
579 1578
2894 2394
510 2394
958 2032
2394 2157
2021 1984
2394 69
545 930
790 2073
61 507
2776 2394
2156 106
2394 1488
1367 2394
790 1358
2394 2820
681 2394
790 729
2625 790
2394 2139
2021 2442
2686 2021
2139 312
659 579
383 579
99 790
2394 76
330 2139
2394 1779
2866 2488
2394 1721
2394 1048
2394 498
790 1613
2449 2021
2041 2394
507 1167
1702 2394
713 2394
2394 1778
507 2429
545 1220
2394 1754
2259 507
151 2394
2426 545
790 1095
579 241
1332 2394
2394 888
2520 2394
502 2394
1249 48
2621 790
790 2559
2394 1935
2139 1781
790 435
959 958
2021 2831
735 2394
1297 2866
790 64
2243 2394
1693 2394
2099 2394
132 2156
507 1152
790 2545
567 2394
790 2373
1257 790
2021 2320
579 2130
958 1053
2683 579
2394 553
790 2187
1811 545
1535 545
413 2394
164 2394
2926 507
972 2394
2994 2394
2156 906
1099 2394
2866 447
2691 1797
2394 1939
1023 507
782 2394
2525 2021
1112 2021
790 2127
1795 2394
635 790
790 1868
2898 2394
2796 579
2021 2317
2394 2212
2394 2281
2394 1106
583 1999
1277 790
790 514
185 545
2296 2394
1517 2394
196 2394
2077 790
107 790
790 1140
2860 790
545 1452
1399 545
143 2156
1677 790
2394 1318
1518 2394
987 2394
698 2394
1472 2394
1071 2394
2156 368
261 2394
2227 790
1652 2394
790 894
864 2276
2394 1665
1928 2021
1363 579
80 579
507 23
2394 266
2394 2718
744 2156
2394 160
2394 2608
2302 2394
2394 2623
2394 2344
1580 2021
2009 2394
1135 2394
958 2908
790 2794
2180 2394
2394 2674
645 2139
790 363
1011 2394
2509 2394
790 1919
1119 1509
2394 2221
562 545
1543 790
1027 790
1734 790
2394 2962
2394 2695
2021 1035
852 790
309 790
2394 308
2021 2410
814 2394
2745 790
2257 579
2394 1041
2947 579
2648 2021
2021 387
545 954
176 2866
764 790
296 2394
790 2153
2394 1618
2394 1900
2156 749
545 654
225 2394
579 2731
790 1128
1770 2394
1139 2394
2139 891
607 958
545 2272
602 2394
790 1362
1990 2394
2736 790
2021 485
2394 1572
1390 2021
2394 75
1453 2394
2021 104
1981 2394
665 545
2924 2394
1685 545
846 2394
790 577
2021 2564
1370 1119
2394 1703
57 507
790 1294
544 545
545 428
533 507
958 2824
1249 2347
545 134
2394 2014
162 2394
2156 1490
2394 352
790 1058
790 2145
2997 507
790 1973
950 2866
2394 359
1073 790
232 958
344 2394
2886 2394
2394 479
545 837
2394 2523
458 2021
1284 2021
545 1570
2301 2394
780 2156
570 2394
2394 2378
1085 790
1499 2866
386 545
796 2021
293 2394
790 1069
2542 2394
507 2138
2156 68
2646 2394
507 1686
2705 2394
1790 579
545 2214
167 2394
1166 2394
2394 867
79 2394
219 2021
579 1970
2394 2568
545 633
2394 935
545 2570
454 790
2929 2394
2866 2394
1537 958
2394 788
1326 790
2084 2021
2394 1589
2972 958
2333 2394
825 2394
1249 2563
1690 2394
790 310
1964 790
890 790
2394 1438
1084 2021
790 1181
2137 790
1010 545
302 790
908 923
790 1765
2142 790
2866 2607
790 1552
958 1892
2394 2211
2394 2393
2944 2139
159 958
2021 1495
2394 2329
790 642
1722 2394
958 1283
2021 1275
2980 2711
2394 1142
1065 2021
790 286
1360 579
579 46
928 2394
579 1883
2176 2394
1756 790
2028 2394
2139 2194
2394 687
2350 2394
2394 170
545 2647
2021 2601
790 1241
1343 2394
1132 545
637 790
790 1200
2181 2645
2263 2021
1315 579
507 1189
507 1038
2394 668
2021 1235
244 2394
1115 2394
437 579
1431 1249
264 790
1107 2276
1249 2362
2394 2870
1211 2156
56 790
545 2899
1265 2394
1569 2021
2475 2394
2394 1848
790 2075
790 2782
2959 545
2394 1609
507 2394
2021 171
790 326
2969 2394
2156 679
2196 2394
2394 2118
507 2513
2799 2394
2021 1471
2787 1119
579 2026
2021 1989
2394 195
2876 2394
614 2021
2394 1150
2244 2394
868 583
2021 748
311 2394
209 2394
1718 2021
1079 2394
2394 795
2139 831
2021 2147
790 2594
1314 2394
525 2394
1819 545
545 2671
2394 1373
1246 579
205 958
2844 2711
2377 790
507 337
2394 354
719 2021
2341 579
1344 2866
366 507
587 2394
515 790
1590 2394
790 2890
2394 2287
1977 2139
1119 2453
2021 910
1755 2021
2808 2021
790 2105
579 2079
545 2920
2655 507
1249 2062
2131 545
2163 348
1830 790
2250 545
2021 1881
169 2394
2354 2394
2394 768
2021 597
2394 1279
284 2394
404 2394
2798 2394
790 2274
790 2091
1074 2394
790 1080
579 1002
2735 790
2394 1664
1175 790
2862 2156
2394 983
2021 2409
2394 268
2394 207
2007 2021
2021 2204
545 709
790 1354
790 797
2394 1446
1419 2866
2163 863
958 1768
2394 93
507 2415
1601 1249
790 1194
2438 507
2394 325
2394 1945
790 1032
2399 790
2680 2394
1660 2394
2156 72
545 1835
579 1985
131 2394
507 2987
790 1469
1933 2394
2021 1824
582 2394
2381 2394
2394 2372
2021 2051
2760 545
1376 2394
1262 579
206 2156
175 579
958 2678
1797 472
503 2394
579 362
790 2528
1119 1531
1862 790
1838 579
2400 1249
790 581
2103 958
1183 2021
2431 545
101 2394
2394 629
2021 2932
545 2323
1954 2394
2394 504
1119 2465
1876 2394
790 2478
711 2394
2394 1015
790 1393
2110 2394
762 2139
790 397
27 2394
532 2394
2665 958
2551 2394
2021 2730
1396 790
2906 2394
545 684
579 854
2021 1583
2156 1123
2397 2394
2922 2156
2394 1766
790 1456
545 1658
507 2816
790 2931
583 320
981 507
1467 2394
1119 300
545 1298
688 2156
1797 2394
790 951
820 2139
1920 2394
2094 2394
1395 2394
2774 2394
385 790
1410 2711
2466 2394
1286 790
1992 2394
2213 545
2904 790
2738 790
790 122
2021 1624
2021 73
2394 666
2394 948
507 1342
2394 2003
2614 545
2394 1886
732 790
2443 2163
579 467
1215 2394
790 2108
1909 2021
579 2677
2258 2021
2866 2277
790 7
2252 2394
2394 1934
790 20
2394 705
507 513
534 2394
507 289
545 2050
545 1634
790 759
2082 790
2394 2237
2394 409
790 444
495 2394
545 376
1717 790
34 2394
790 524
790 1841
2156 1903
926 790
2778 2394
1378 89
790 152
790 1707
790 422
2376 2394
545 783
790 2765
135 2394
707 2394
790 77
2887 2156
870 545
2547 2394
1427 790
1186 2394
2021 2967
2394 1154
1610 2394
96 2394
790 1280
2849 2394
2394 1669
2021 36
2641 2394
545 2818
790 2580
2325 2156
545 861
958 2368
2021 1735
751 2021
2394 1852
545 1549
790 2779
2122 507
2889 2394
2021 1169
2330 2394
2394 2230
545 2986
1263 958
2394 1783
739 579
223 2394
2539 174
2021 1
2021 2198
675 545
2394 39
2613 2394
1163 545
2692 2394
999 2021
2865 2021
2394 1252
1116 579
923 1820
758 545
2854 2394
790 2885
2394 1516
1206 790
2319 790
1675 958
569 2394
790 2405
1568 2394
2021 934
2152 790
174 2117
2139 66
2394 2640
2394 701
2434 790
1092 579
958 1649
2021 1894
400 2394
1119 2629
1974 2021
91 579
2021 1772
1037 2394
2394 2696
2394 1757
416 2394
2394 1144
2394 2270
2098 2021
583 1473
2549 2394
545 2937
790 2462
1102 790
174 2394
790 985
1581 2021
1587 2394
2132 790
2016 545
1844 2021
2181 2394
2206 2163
2394 2029
2830 2021
2394 824
1711 2156
2557 2394
2394 1474
291 2394
507 1276
1612 790
2020 790
507 1681
31 579
2424 2394
790 335
958 828
1224 2394
1302 2394
150 2139
1039 545
911 2394
2408 545
2021 2314
2135 2021
818 2021
790 1339
2021 353
1413 790
1231 790
860 545
790 938
1310 2394
2387 579
2394 789
790 649
579 2626
1596 790
2241 2394
184 2394
790 2255
2394 1891
790 1120
2017 2394
790 1218
321 507
2394 1381
2139 975
2021 2056
1799 807
1814 507
545 1365
615 2394
2543 790
2394 1639
1860 2021
790 2209
579 1712
2394 1403
2394 706
2139 2121
2394 371
790 1962
2604 545
1571 2394
2394 1222
579 1749
1394 2394
2394 211
1325 507
346 790
790 1078
545 2005
1566 2021
658 545
2021 1484
248 545
217 2394
2800 790
2394 2484
873 2276
958 1026
2433 2021
1775 545
1698 2156
916 545
501 2394
2394 1882
1119 2355
2526 507
2021 114
790 2496
2394 1247
82 958
790 2804
1674 2394
1493 2394
15 2866
2104 790
1316 790
743 507
2524 790
2394 1511
2139 2669
1119 2229
2394 427
2872 2156
2503 545
1016 790
2156 1312
488 2394
2394 2682
790 2746
545 1338
568 2394
790 1178
173 2156
86 2021
2989 507
1661 2394
1936 958
1340 2021
507 1097
1760 579
1524 2021
163 958
1744 790
790 2370
2394 2591
2261 2394
1119 2249
2725 579
2935 2394
790 1255
1953 2139
507 1912
2394 469
545 1697
1227 545
781 2021
2394 1119
790 1445
2394 2512
1250 2021
2558 1119
897 2394
1906 2394
2183 790
1426 545
2394 327
426 2866
1545 2021
193 790
545 1680
2394 2587
2394 1043
958 2045
53 2021
543 2394
258 2394
2139 1261
229 790
133 583
2394 893
2278 545
2878 2156
2021 1109
790 896
790 1505
1333 2394
2394 585
2191 790
790 1774
1450 2866
2021 2012
790 1118
2936 790
2394 1072
2943 790
1546 2156
407 2394
929 1119
323 790
545 1555
699 2866
2021 963
2394 2699
2394 843
2394 21
403 790
201 545
1916 2394
2394 2386
790 2719
1738 790
1510 2394
2394 2402
2976 1249
2394 2316
1249 2031
603 2021
147 790
1119 342
2 2516
2 2503
2 1119
2 2647
1 2407 940414864
2 1105
2 94
1 2037 746755590
1 2531 425494359
1 322 284205828
2 886
2 2948
2 2250
1 277 344742466
1 1688 834991585
1 1218 628528389
1 2 285437196
1 2865 904432237
2 2646
1 2376 325878411
2 757
1 1288 212427485
2 1004
1 1154 875391375
1 1945 264508938
1 817 874482169
2 1441
2 1522
2 2376
2 2264
1 176 605873546
2 291
1 1911 842808232
1 387 47779910
2 435
1 2752 857102683
2 352
2 141
1 2349 568974671
1 397 173349830
2 578
1 1036 981712179
2 1246
2 650
1 782 88778478
1 2821 43455651
1 841 827747326
1 2022 792509136
2 2498
2 1477
2 1886
2 2279
2 920
1 1552 868443871
2 322
1 69 264355875
2 814
1 340 161328298
1 2580 801462683
2 2350
2 318
1 2156 522733792
2 697
1 473 666759821
2 197
1 1336 819014962
1 1279 587866902
2 1046
1 2093 653141976
1 433 69672166
1 1003 498044815
1 2794 836194334
2 389
1 2216 367558742
1 2973 151689836
2 1526
2 2278
2 1214
1 1880 990780972
1 774 370602532
1 2294 38405887
1 2723 618794037
1 253 265326787
1 1572 488374555
1 1463 99467421
2 2601
1 1944 987257623
1 2652 844199214
1 14 649000319
1 1688 226477615
1 1871 60082819
1 568 851951073
2 559
2 1434
2 1816
1 1668 490843404
1 1430 718605912
2 494
2 281
2 265
2 2101
2 343
1 400 741037872
2 1692
1 2579 239056927
2 2572
2 1171
1 1830 752414773
2 1593
2 2616
2 1119
1 2380 779744446
2 517
2 1777
1 2508 397063932
1 2286 258531938
1 1096 676353492
2 1763
1 2364 163398929
1 1865 593904240
2 1330
1 237 222805574
1 2465 812733797
1 575 173643534
2 1579
2 2680
1 102 123611366
2 948
1 1834 995502004
2 837
1 2099 684252664
2 2609
1 1432 51647413
2 686
1 612 611518450
2 2372
2 1068
2 2930
2 1921
1 868 678234338
1 151 278105279
2 1195
2 1437
2 158
1 1831 880532775
2 113
2 1
2 957
1 1333 60621839
1 23 429608969
1 104 320993548
1 2227 87961002
2 2113
1 2411 63458993
1 291 492561407
1 2339 140131882
2 2323
1 2841 341158912
2 2820
1 2010 384810815
1 1066 694054077
2 1454
1 2237 708365511
2 1591
1 207 443405723
1 942 398767217
1 1504 292711318
1 1720 457044527
2 1824
2 681
1 1086 528193982
2 759
1 1768 222276869
1 2752 924327385
2 123
2 2542
1 164 476248623
2 2675
1 1374 85342474
2 2513
2 1101
2 1684
1 1619 933733064
2 1179
2 1627
2 2035
1 1243 453699091
2 365
1 2054 841994868
2 1778
2 2457
1 501 65463924
2 2293
1 144 39684098
2 2829
2 202
1 865 815599399
1 1576 510839701
1 2275 211451867
2 1523
1 2808 909067055
1 2417 907154273
2 1778
1 2279 253596008
1 397 449397856
1 2686 637756114
2 183
2 2580
2 2972
2 2365
2 530
1 778 263495985
2 1177
2 1202
1 1886 463854085
1 2215 250742530
2 1256
1 2988 944598912
2 2779
2 316
1 1460 678896001
2 348
1 2061 173605438
2 2724
2 2267
1 2355 68038206
2 1325
1 2754 629077455
1 406 60958232
1 1419 342704885
1 2709 405492353
2 1506
1 2459 857556932
1 1179 932253572
2 2958
1 1780 52044482
2 2924
2 2045
2 99
1 950 213954288
1 1640 435699430
2 1833
1 2989 668486205
2 1713
1 847 724615266
1 1634 563222184
1 80 4076676
2 1977
1 601 54837589
2 54
2 666
2 2224
1 2262 830026308
1 632 626976774
2 1833
2 2554
1 1620 386469224
1 1192 881260029
2 540
1 112 314794779
1 686 891764782
2 2527
1 2086 446716744
1 1870 300041874
1 2265 731878070
2 1693
1 2825 603787315
2 1207
2 912
1 349 892719367
1 2302 820125867
1 2846 141236783
1 2327 983634966
1 1846 877517530
2 2344
2 1821
1 2529 64581683
2 1083
1 737 688459268
1 841 358187832
1 524 820892574
1 249 200996508
2 537
2 1873
2 1154
1 277 621266420
2 1820
2 1388
1 1833 724444838
1 2117 315152128
1 1778 320656543
1 1514 250711622
2 1361
2 2380
2 2311
2 1168
1 1315 487632325
1 297 359278564
1 2227 92270391
2 855
2 2222
1 919 240648131
2 2753
2 1827
2 1745
2 173
1 2266 327136917
1 2950 166315067
1 254 547613641
2 228
1 1593 899283525
1 109 942856326
2 1572
2 566
1 1486 100638751
2 2776
2 1602
1 1107 119377260
1 1574 591950544
1 1196 517381838
1 817 613218386
1 2172 354035462
1 895 122435196
2 2106
1 264 446970570
1 443 755405817
1 1359 647065146
1 1063 328519709
1 215 574006450
2 1935
2 1684
2 2700
2 415
2 1978
1 523 766556682
2 2230
2 2367
1 1308 898233558
2 147
1 2725 705472828
2 2023
1 2704 131661308
2 2688
2 1071
1 1430 254588136
1 2372 339374598
1 659 99229649
2 1364
1 1413 326921804
2 995
1 535 289116985
1 937 68165511
2 996
1 1228 902729679
2 2420
2 2735
2 1714
2 299
2 14
2 963
1 2511 113028924
1 501 296975888
1 884 71718155
1 55 762644034
2 1604
1 2302 529223995
2 2515
2 2909
2 2503
2 805
2 819
1 2921 25347453
2 1899
1 1188 294804047
2 263
1 1782 812847175
1 955 290335592
2 2651
2 2535
2 2949
2 2844
2 2108
1 16 172273747
2 1939
2 2426
1 710 983661851
1 952 768244211
1 2738 827660929
1 2640 454682875
2 628
1 2532 574070962
1 125 757549830
1 314 52600612
2 1789
1 2836 894084443
1 502 703488616
1 1460 831868736
2 1956
2 860
1 2898 999916146
1 1443 939367896
2 1759
1 2955 249386718
2 2474
2 561
1 410 260499325
1 1917 848326928
1 322 258554938
2 1396
2 1771
1 1691 596419297
2 451
1 1190 134592241
1 70 434780827
1 103 451067870
1 99 687390254
2 2236
1 1504 9909419
1 1139 655172363
2 2289
1 1664 439162635
1 446 988081170
1 1106 722155615
2 1772
1 2297 745272872
1 1542 969469962
2 1859
2 1051
2 384
1 2242 835884128
2 2507
1 1956 979575829
1 571 969752138
1 1970 434158840
2 1169
2 2136
1 916 213422805
1 425 676054854
2 2818
2 883
2 2856
1 1421 797514708
1 1117 509929407
1 1319 166250482
1 491 518095539
2 913
1 534 954080667
1 1167 393686429
2 1385
2 812
2 1390
1 1030 435378032
1 2908 882683585
1 1306 961281552
2 2415
1 1512 471150411
2 378
2 488
1 1593 664297351
1 2717 265237475
2 1382
2 674
2 2034
1 100 829013055
2 1925
2 1607
2 2128
2 900
1 1425 161643397
1 2537 782712170
2 1135
2 1938
2 2768
1 2024 253359039
2 2239
1 1480 547718823
1 2707 467530347
1 2990 249991986
1 1277 772958537
2 2737
2 2449
2 2610
1 1551 44498617
2 360
1 1011 312304092
1 135 171710538
1 643 658469726
1 2297 866899089
2 255
2 2540
1 2903 664306915
1 845 137600183
2 1552
1 1707 590360371
2 40
2 2016
1 515 501302230
2 1533
1 1173 567595642
2 548
2 2346
1 355 499506602
1 1738 735627687
2 1038
1 2938 819848015
1 20 686458174
2 2648
1 358 478038154
2 1742
2 2859
1 2930 737218728
2 2977
2 2124
2 1768
2 856
1 1728 220540379
1 1117 535452700
2 1277
1 550 610443823
2 2048
2 1648
1 2928 323957760
1 468 698779672
2 2250
1 1893 882664062
2 2566
1 37 689437125
2 2058
1 1540 734299759
1 2404 623525399
1 1713 472603115
2 498
2 2118
1 1037 319726532
2 925
1 1007 771772080
1 1432 529106562
2 57
2 617
1 321 970604893
1 1893 53341370
1 2738 342764534
1 199 633251704
2 2933
2 483
2 2472
1 1616 388014092
2 780
2 2323
2 2340
2 945
2 308
1 179 579091039
2 510
2 856
2 1628
2 318
2 1169
2 585
1 369 899618153
2 88
1 1196 715376061
1 749 747695974
1 846 285202738
2 357
1 905 84743035
1 2856 214715772
1 765 653049016
2 2097
2 872
1 2376 980345075
1 2289 1284831
1 2319 238142161
2 259
2 1195
1 1255 627846879
2 244
2 1017
1 1760 364211763
1 1262 493324740
1 779 615140108
1 2261 183663068
2 2147
2 1605
1 1234 176059701
2 1174
1 1427 593095437
2 571
1 1041 557952029
1 862 566360115
1 2101 219468344
2 1718
2 1864
1 214 338824263
1 2848 931034794
2 2038
1 1775 820143739
2 1662
2 2809
2 2401
1 757 998778784
1 1528 269527213
1 151 530696047
1 623 222572241
1 1220 193019870
1 956 123936999
2 798
1 414 382346706
1 482 54885197
1 2859 676235148
1 1367 541302019
1 2557 644509671
2 1983
2 2863
2 1836
1 443 148013071
2 2244
1 1406 752320708
2 1733
2 2623
1 120 307640524
1 932 910680542
2 2512
1 1415 455882814
2 1706
2 1264
1 627 696492919
1 2548 432853608
1 749 446852613
2 1613
1 1202 321067862
1 546 24450029
1 341 226018058
2 1841
2 1109
1 250 396338417
1 2789 409415583
1 391 109792785
2 2113
2 1914
1 274 489809789
2 54
1 1357 62962749
1 1562 252311849
1 831 785106321
2 802
1 2316 142099393
1 142 140696649
2 2385
1 912 121651777
2 2343
1 2193 34834367
2 18
1 140 453395573
2 2778
2 2390
2 1784
2 1740
1 524 185087373
2 31
1 1094 978980501
2 1973
2 2890
1 1680 146438811
2 2704
2 2291
1 43 926433299
1 963 119422209
1 96 731986902
1 667 352896517
2 1907
1 2228 904483565
2 334
2 2019
1 842 574473632
1 2987 564489035
1 393 292227019
1 1510 716930179
1 2156 329129849
1 2759 747395162
2 1577
1 1331 828375026
1 2176 547822363
2 560
2 1567
2 2332
2 955
1 250 45282609
1 98 367333302
1 130 317657270
1 1405 347841197
1 2695 652615068
2 442
2 2918
1 1817 996110133
2 2572
1 2078 737931863
1 239 322667849
1 967 952808890
2 2944
2 63
1 2712 698533509
2 812
1 1258 800600726
1 476 44183205
1 2129 173064009
1 1206 218643692
1 1562 688218636
1 2655 166566827
1 332 246376795
2 962
1 349 476040707
1 2557 955327029
1 63 589083541
2 192
1 780 921628717
2 1704
2 286
2 628
2 1580
2 2230
2 1736
1 2053 693304981
2 1765
2 1481
2 2552
1 776 701623942
2 20
2 79
1 1932 423838926
2 2355
2 2419
2 1833
1 863 518681424
2 1860
2 1958
1 2879 81167132
1 2336 223035833
1 2202 197572577
2 350
1 2896 373894383
1 522 972645487
1 513 665612428
1 2697 599376642
1 1252 697155742
1 1605 48215788
1 2888 415520590
2 2022
1 2964 550137565
2 706
2 716
1 618 776722496
1 2150 506028565
2 2056
2 1804
1 2719 767728332
1 628 15155172
2 1891
2 221
2 1458
1 2492 970474649
1 1898 467932647
2 1166
2 1651
2 1199
2 2167
2 1556
1 1519 430888669
2 1428
2 2665
1 2965 663136832
2 1800
1 388 445815642
2 10
2 870
1 529 540667673
1 350 959629156
1 2883 894510006
2 95
2 1140
1 1979 58394870
2 710
1 2003 282447663
1 1438 11468275
2 969
1 1873 997941796
2 1987
1 2111 563396739
1 2866 355022857
2 496
2 1642
2 1925
1 1235 297731254
2 2529
2 2169
2 2673
1 152 12254279
2 1032
2 1450
2 2526
1 1357 885535380
1 2794 202163427
2 2767
2 2862
2 2748
2 2740
1 402 780006948
1 1479 914115591
2 1555
1 3 155202484
1 2261 547334885
2 488
1 933 515655525
2 652
2 1850
2 1791
1 1119 75209642
1 420 925367268
2 161
2 2541
1 2763 654094835
2 110
2 278
1 2750 358151355
1 2198 832144336
2 2130
1 2106 540075542
2 2755
1 252 223537416
2 2274
1 744 445699698
1 2322 495173312
2 2048
1 1029 127220509
2 2368
1 730 745560648
1 2359 541257373
1 2030 896141455
2 238
1 202 271814028
2 812
1 893 858114725
2 2226
2 2241
1 1467 483023849
1 2371 14077772
1 79 675541174
1 166 520422510
2 161
1 1175 594434695
1 550 459147029
2 2767
2 2815
1 629 528330732
1 202 64536537
2 2651
1 837 783057320
2 180
1 115 835296604
2 339
2 1915
1 1429 614398062
1 758 904789999
1 515 583174125
1 1208 900841408
2 505
1 1153 900279635
1 899 934604389
2 1477
2 2034
1 729 173602368
2 1650
1 2784 74070886
2 1927
1 654 177622497
2 88
1 2340 597393474
2 1683
2 876
2 2553
1 2349 595930739
2 676
1 754 665087276
2 2791
2 1463
1 582 486798323
1 1197 236520176
2 366
1 270 909958140
2 2799
2 2227
2 1856
1 1741 811039019
1 1730 878709489
1 2650 457262621
1 641 563839041
2 2250
1 703 315766682
2 2097
2 114
1 1838 120696182
2 2495
2 2652
2 2520
2 2863
2 507
1 1674 864281541
1 692 815199974
2 552
2 260
2 1296
2 2002
2 2285
2 1018
2 1142
1 484 534405208
2 290
1 575 345014996
1 2695 197394441
2 935
2 139
2 2715
1 979 455192980
2 1962
2 867
2 2696
2 350
1 1612 225067900
1 344 21651617
2 1869
2 2968
2 365
1 970 14385115
1 1382 628214212
2 2917
1 1027 601256232
1 1978 806745594
2 344
2 1013
2 2276
1 239 999152500
1 1759 223648735
2 2460
2 2448
2 513
1 2065 307146565
1 1785 103786742
1 286 68184139
1 1632 707723343
1 130 706000978
1 1488 272486627
1 2508 52815338
1 251 938539805
1 2777 655240078
1 497 561376262
1 1282 41597790
2 1692
1 2136 290596890
2 2417
1 845 237025631
2 32
1 285 181661477
1 2055 695864858
2 1830
1 1538 328620004
1 221 802568054
2 1038
2 2171
2 2655
1 2662 114449128
1 143 913803545
1 1275 841313864
1 306 857956813
1 1507 268975591
1 510 508026259
1 75 877011131
2 2543
2 1802
2 1411
2 1302
1 1865 79354195
1 2623 789133354
1 1552 646380351
2 1775
2 54
2 2704
2 2135
1 2271 998207238
2 2536
1 584 313261631
1 1139 479725646
2 1499
2 420
2 2479
1 2588 169880409
1 2381 546571154
1 1285 541621587
1 2318 855399268
2 1502
2 2256
1 2672 860217859
1 958 582088409
2 617
2 2342
1 2208 396805371
2 1488
2 1128
2 428
2 2153
2 1364
2 1812
1 659 919875951
2 2798
1 2420 419108893
2 2256
1 1983 371572813
1 1989 75161908
1 1752 845112160
2 2308
1 1545 859096030
1 1312 996055278
2 74
1 1341 219950785
1 1646 62944794
1 2772 479331078
1 697 378947516
1 1857 838801922
2 680
1 1436 123620327
2 2080
2 2950
1 1746 593636116
2 676
2 1870
1 2298 864480465
1 2727 672602855
2 1041
1 2270 233964600
2 1753
2 554
2 1534
1 2815 361319680
2 429
1 2117 246387744
2 1934
1 1667 171562476
1 2775 457074042
2 236
1 2567 566774330
2 2777
2 609
1 1768 933981605
2 490
2 2509
1 702 691151526
2 2071
1 1222 177705858
2 2181
2 950
1 2873 151697892
2 1845
2 2188
1 1676 873628597
2 2490
1 484 631797633
2 336
1 2354 701610291
2 1221
1 1725 524875479
1 1694 815782913
2 2210
1 1005 585798465
1 590 637398541
1 2803 336999642
1 1180 550297592
2 668
2 1857
1 1739 478634326
1 2061 151844057
2 790
1 588 578828351
2 1868
1 2036 388156810
1 2901 328566811
2 2272
1 2617 421300210
2 1742
1 2381 113914993
1 284 788339820
2 2114
2 2409
2 2678
2 50
2 256
1 2274 85146653
1 2815 412051196
1 2071 6252588
2 564
1 1777 938617071
1 1184 300453572
2 2493
2 463
2 1049
2 1605
2 217
1 1873 144574872
2 2467
1 1272 618851968
1 2863 742811545
2 1724
2 2443
2 270
2 2668
2 592
1 2319 892099482
2 1847
2 2954
2 2911
2 2701
1 320 32040920
2 1829
1 2096 153176440
2 1980
2 42
2 2226
2 1078
1 1391 40542182
2 490
2 1892
1 1896 166869661
2 2303
2 2888
2 2959
2 2081
2 104
2 1331
1 728 601534891
1 2975 634956025
2 2178
2 2234
1 49 546234743
2 2606
2 519
2 1323
1 2904 751185471
1 2981 719707371
2 401
1 838 307768341
2 590
2 245
2 548
1 1304 485574758
2 378
2 1599
2 1166
1 578 309612010
1 2309 949534892
2 1685
2 1668
1 49 670987328
1 1102 906510873
2 1662
2 741
2 2398
1 501 56480417
2 1668
1 2951 969279332
1 1422 963248520
2 722
2 1543
1 1183 876242908
1 2401 752501213
1 2830 805807707
2 1282
1 459 920432382
2 781
1 2566 475939770
2 1043
1 251 104312166
1 1458 846167833
2 1126
2 909
1 1913 60049315
1 2845 310048731
2 425
1 1264 402154736
2 1831
2 112
1 2436 279011643
1 2501 999033812
2 2607
2 1198
1 1594 361771227
1 701 794667570
1 834 197575097
2 457
1 135 113921935
1 2985 735423703
2 2532
1 886 716620505
2 2055
1 41 422436004
2 2100
1 1557 524768458
2 2158
2 1599
2 759
1 1692 765011621
1 385 394446132
2 379
2 1403
2 1452
1 1921 781722961
2 1631
1 262 479697150
1 1608 890993144
1 1684 977202518
2 1986
1 2127 214029208
2 234
2 1597
2 1735
1 770 340737289
1 1784 524952290
2 2834
2 1429
1 271 468169305
2 233
1 2571 558785425
1 1487 35801400
1 41 824799881
2 2307
1 2992 972418426
1 595 485316206
2 2496
1 2351 85680695
2 498
2 1237
2 2129
1 1081 79948788
1 526 248974954
2 2140
2 1203
2 2362
1 1623 863103239
2 2929
2 1283
2 2944
1 634 778675362
2 781
2 927
1 803 762480073
1 1066 897102599
1 434 625341737
2 2124
1 2047 798323029
2 2421
2 2311
1 866 258773779
2 607
2 2051
1 94 371022789
1 1845 472493430
1 638 541518544
2 2012
1 2783 289956316
1 548 979791122
2 1302
1 1088 425331366
2 2605
1 2331 171814638
1 1187 234535036
2 606
2 198
2 530
1 422 886931264
1 1512 200975474
1 2061 6452104
2 2062
1 1853 671489831
2 2884
2 1250
1 822 605484564
1 1584 96230652
1 131 714652613
2 2398
2 2437
2 268
2 1411
1 2913 549378451
2 2029
1 305 97991110
2 886
1 86 36168253
2 1816
1 2606 261982967
2 291
2 212
1 358 678433889
1 2450 977132941
1 2698 303698718
2 837
2 1460
2 530
2 314
1 1473 543430985
2 2489
2 2408
2 2205
1 210 506930397
2 2289
1 1864 57998265
2 824
1 2743 417060359
2 2964
1 1843 146040847
2 2830
2 2763
1 1502 596943766
2 2726
2 1596
2 917
2 1639
2 1257
2 1797
1 648 916067936
2 370
1 2955 190278373
1 1909 424185281
1 707 41684129
1 2808 382160314
1 2691 601908984
1 7 576415580
2 1071
1 2140 101333247
2 2030
1 2889 330943485
1 2526 896907260
2 95
2 2694
2 781
1 312 987976638
1 2251 363733332
1 1295 865582066
2 760
1 2470 4576884
2 258
1 2131 489098433
2 901
2 2634
1 1302 497278472
2 2845
2 729
2 2587
2 1968
1 2831 185311382
2 2566
1 995 428389359
2 2060
1 1981 992138330
1 738 300747123
2 674
2 1161
1 505 419725281
2 960
1 2987 450005788
2 1524
1 1312 688440541
2 1500
2 1524
1 2219 918174248
1 922 191803344
1 1496 688803954
2 2088
1 1660 646297061
2 2236
1 1587 16269973
2 1534
2 2550
1 2256 882304722
2 2343
2 1650
1 1661 397408219
1 2769 35324300
2 1097
1 585 387390401
1 1201 814933494
2 873
2 2587
1 2767 849057961
1 117 28249172
1 1213 26809622
1 1411 262122546
1 939 359456499
2 2809
1 2629 439329802
2 2651
1 2207 782929622
2 2258
2 2447
2 545
1 867 65328540
2 1664
2 1587
2 311
2 2497
1 757 776473895
1 1775 673552987
1 1562 781020163
2 1824
1 2738 541013756
1 282 197659138
1 1276 981101874
2 2147
1 1139 889228496
1 2355 609470196
2 1012
1 153 95579916
1 1760 14558062
2 1889
1 219 478691937
1 613 146271822
1 101 313044886
2 2738
2 2959
1 637 333944529
1 1153 125689211
2 150
2 1082
1 1125 736958316
2 1736
2 2867
1 1794 793650231
1 1779 688846857
2 1963
2 538
1 1320 158264422
1 627 225164580
2 1725
2 2326
1 1803 819152670
2 642
2 525
1 1114 481779730
1 2605 734112747
1 2093 36684981
2 385
1 1337 339800627
2 2467
2 2370
2 2391
2 518
2 494
2 715
2 60
2 1908
2 2734
1 2616 347182802
1 1320 927552632
2 309
1 828 872105225
1 2244 613514909
1 2198 68511536
1 2485 666949935
1 1358 458115738
2 2877
2 2870
1 1973 77405194
1 421 752245969
2 510
2 588
1 1235 747556961
1 2408 46616487
1 182 319493452
2 200
1 2935 604739265
2 2401
2 689
1 1750 645628188
1 237 388984585
1 1732 242145942
1 1924 638596604
2 726
2 2864
2 2581
2 2171
1 1931 540938703
2 2003
1 2881 28110912
1 901 578997431
1 78 244382271
1 328 984505216
1 2922 845974625
1 1340 702615594
2 842
1 739 900269881
1 1381 300850874
2 2104
1 1047 757783245
1 2174 596149414
1 622 68348208
2 283
1 1882 509631636
1 213 30195487
1 1032 488225628
1 244 341044490
2 914
2 1489
1 8 927739403
1 942 741146558
1 250 326817268
1 743 261685559
1 1369 254460605
1 992 656688929
2 1619
2 2455
2 55
1 1332 867020352
1 2177 729254982
2 1128
2 1255
1 2715 241559615
2 1435
2 2505
2 2546
1 1470 71762385
2 2774
1 1703 129878138
2 1992
2 1388
2 1801
2 2332
2 1449
1 2792 919847280
2 2952
1 1412 981281284
2 52
1 1602 886501964
2 1218
1 1560 157056764
1 602 56412915
2 460
1 2949 329941229
1 653 695234172
1 297 370540354
1 1548 210511289
1 376 145721547
1 2308 406580853
1 628 924161087
2 2199
2 430
2 2666
2 1192
2 482
1 1032 464024872
2 1967
2 1070
1 2792 902593876
2 2977
1 2976 869314739
2 2438
1 2089 913176060
1 593 606463991
1 2063 597644588
1 800 93705935
1 1551 447103520
1 1708 199330068
1 1425 717432528
1 2874 80473423
2 338
1 2115 390392541
2 2261
2 2159
2 411
2 1152
1 881 630753944
2 2573
1 1042 790958468
1 1116 869061313
2 1782
2 2452
2 1714
2 658
2 385
1 1876 226922693
1 2426 750996792
2 2203
1 1642 209593135
2 1605
1 2772 679299186
2 699
2 2887
1 1239 845867275
1 1968 661379145
2 521
1 160 616462487
1 2106 167914382
1 2888 122798171
2 1288
2 2962
1 2556 180917517
1 1979 121583704
1 290 430005804
1 775 804182197
2 576
2 2724
1 1242 545053252
1 2458 3798859
2 2635
1 2306 370424387
1 2095 894767120
1 2765 806497337
1 1816 921112878
1 2799 98600312
2 494
2 1717
1 619 219479009
2 532
1 2023 690898487
1 2307 900291347
1 152 143494134
2 2193
1 1684 252354410
1 219 183350537
2 571
2 1512
2 1463
2 1542
1 1935 946669891
1 2129 331637729
1 2316 133823576
2 177
2 673
1 109 8707235
2 1665
1 1350 821232320
2 2884
2 373
2 2843
2 2928
1 1413 578319486
2 498
1 1666 971537017
2 1090
1 671 315680901
2 1333
1 505 878723404
2 607
1 422 474036746
1 2670 189954494
1 1785 965301292
1 2472 640032309
1 2621 181471785
2 1936
1 1365 692616096
1 1435 608395944
2 2187
1 2545 528913693
2 806
1 1225 625493624
1 903 770383789
1 1748 379452018
2 2262
1 1141 601298976
2 1386
1 1088 809431922
1 2087 229637766
2 1322
1 2435 719638792
2 1913
1 1587 465623839
2 2540
1 787 541509623
2 1996
1 459 217034683
2 395
2 1593
1 213 587019403
1 2595 996195864
1 742 634321916
1 2524 987798272
1 2522 260888502
2 2386
2 635
1 2270 948384097
2 1312
2 1829
1 186 399421501
1 2037 165380611
1 875 191497508
2 2851
1 1041 854532720
1 2419 389580428
1 856 795267023
1 2136 898310241
2 2079
1 2669 455864405
1 1253 859013763
1 1756 745664785
1 2396 575485428
1 246 659156970
1 1253 772598886
1 243 372299519
1 2493 51590256
1 2723 246849166
2 2727
1 620 899369878
2 114
2 1782
2 2957
2 2741
1 1162 64762817
2 2605
2 2824
1 1539 429958578
2 1908
2 1130
1 553 287608315
1 1796 475590095
2 501
2 251
2 2999
2 1704
2 1175
2 1762
1 2389 999760311
1 265 824789200
2 702
2 780
2 2531
2 1536
1 219 762014877
2 820
2 203
2 2602
2 2571
2 1239
1 1859 775800766
1 1045 279450059
2 1935
2 639
2 2983
1 2341 58349925
1 1027 423611917
1 386 442565717
1 1486 220525520
1 2331 503188162
2 497
2 2898
1 2675 130103650
1 2539 40641864
1 2350 576110158
1 581 613627994
1 772 568208683
1 867 601687762
2 618
2 2372
1 2092 39993834
2 2689
1 1818 795923346
2 1790
2 394
2 1436
2 1975
1 557 756915295
1 233 882131235
1 2296 231615586
2 1710
2 2838
1 769 992010109
1 2724 997458457
2 1304
1 827 655200054
2 1795
1 1469 110445926
2 1090
1 1802 432166452
1 574 792383857
2 795
2 1684
1 2221 189915303
2 1062
2 2849
2 2420
2 185
2 674
2 1375
1 1842 557875571
2 370
2 1724
1 665 406841152
1 1211 377911985
1 524 473523828
2 986
2 831
2 648
1 1665 781163889
2 553
1 2709 777633125
1 871 216716263
2 2864
2 2183
2 1571
1 1327 923309812
1 1402 858803192
1 935 862746808
2 2484
2 2438
1 2341 120239071
2 663
2 537
2 2516
1 1962 410460532
2 1987
1 1557 928813503
1 2647 881204539
2 1257
1 33 826232703
1 593 545935248
2 239
1 1698 415155612
1 1013 992609842
2 88
1 1849 102910391
2 1140
2 1244
1 889 890337241
1 879 503454163
2 2473
2 99
2 2050
2 1764
1 2749 771508492
2 1071
2 1785
2 627
1 1420 922132750
2 173
2 283
1 231 10040733
2 2739
2 1977
1 1559 416342572
1 705 563556150
1 2388 775501830
2 1969
2 282
1 2119 71661797
2 716
1 2610 898564967
2 2355
2 2282
1 1190 210683142
2 2207
1 686 580905846
2 2477
1 616 507795030
2 2919
1 1867 973747058
2 1227
2 2667
2 1789
2 534
2 1367
1 238 906277749
2 289
2 2430
1 2716 229406124
1 1114 354440762
2 2275
2 2280
1 2973 850112390
1 404 152288670
2 2877
2 2916
2 2292
2 2208
1 16 226620300
1 2605 511487291
1 1637 487420166
2 1562
1 1492 828182561
2 2188
1 281 964275936
2 1374
1 1162 58206375
2 1875
2 1270
2 655
2 2163
1 2715 270263732
2 2380
2 929
2 2065
2 1953
2 1304
2 698
1 1675 978347129
2 1715
2 1106
1 362 262576444
2 1668
1 277 167634580
1 201 402232502
2 2361
1 2602 321344857
2 512
2 699
2 536
1 1369 747332346
2 536
1 720 875829086
2 292
1 959 419936110
2 652
2 894
1 776 216437368
1 343 522805907
1 2703 831656817
1 892 552916405
1 1890 17115372
2 129
1 267 503631456
2 146
1 2867 621424174
2 2798
1 2771 854419903
1 1717 857214411
1 2169 136310494
1 247 547290872
2 2022
2 574
2 1606
2 1373
1 73 453513450
2 1233
1 2713 923191698
1 448 899585899
2 1204
1 488 414749005
2 210
1 2826 379888452
1 1274 279232443
1 696 246963630
1 745 979118879
1 1707 580319503
2 627
2 2257
2 2606
2 1781
2 2347
2 2216
2 1679
2 511
1 1090 191098677
2 2718
1 1015 4239162
1 1157 177439975
1 517 565330344
2 1808
2 1835
1 1588 945788331
2 1361
2 2063
1 486 850725310
1 376 880916637
2 741
1 1472 983980525
1 1916 726054528
2 687
2 2711
1 2459 101843240
1 1601 190775042
2 2317
2 1915
2 2205
2 1057
1 105 688355523
2 1346
1 1408 466412533
2 2247
1 2940 657197707
2 1310
2 1897
1 2232 367100472
1 2319 461894836
2 2497
2 2263
2 2455
2 964
2 1397
1 2912 553469640
1 825 595705533
2 2666
2 1748
2 2653
1 1976 13854911
1 2324 198709772
1 1568 37995339
2 2811
1 1731 631403963
1 2200 904354232
2 1737
2 2074
1 1506 906785967
2 138
2 2436
2 24
1 1964 987302218
1 2856 861927498
1 1544 962368296
1 1277 161981830
2 2347
1 1077 877683736
1 1193 419030042
1 2567 869520853
1 2476 871450818
1 377 329378982
1 2983 633125978
1 1253 35884876
1 1978 473607171
1 957 966332760
1 1390 79963423
1 1941 387283050
2 2042
2 2458
2 1069
2 2001
1 1382 608230549
2 2961
1 2713 299430614
1 2740 132705600
1 740 969071363
1 114 883832180
1 2946 589254266
1 2335 203420700
2 2207
1 2951 910202053
1 2163 812035846
2 1992
2 2051
1 2672 184947045
2 1309
2 2239
1 2858 175156444
2 1879
2 802
1 2946 770117422
2 2228
2 763
2 900
1 216 532069997
1 200 152630591
2 1535
2 1597
2 280
1 1286 481273104
1 114 945725045
1 2174 654971908
1 625 485714243
2 2967
1 2687 599657261
2 2915
1 913 999263509
1 1417 788573209
2 2741
1 1011 590855079
1 2865 664064693
2 2295
1 2838 499242492
1 2546 732697036
1 1517 270378900
2 484
2 2857
1 1153 509902202
1 807 380592628
2 1141
2 1090
2 2995
1 274 464399470
2 2470
1 375 9208532
1 2664 843057957
1 2121 49951598
2 2066
2 2515
2 2347
2 1384
2 454
2 1900
1 118 34109838
2 2103
1 1140 654592961
1 1791 553677919
2 1739
2 2956
2 1026
2 2825
1 2723 627947741
2 632
2 778
1 790 347551438
1 1137 316021075
1 2056 186866679
2 2274
2 268
2 2613
1 907 980957266
2 1979
2 2374
1 747 687295999
2 616
2 52
1 1892 781377167
2 2051
2 583
2 2567
2 2543
2 2761
2 2845
2 520
1 1128 786786151
2 2453
1 2594 181774063
2 747
2 216
2 2787
1 701 940862932
2 2509
2 1607
2 1706
2 1293
1 416 115333012
2 2719
2 2806
2 535
1 1442 538953088
1 1136 391762856
2 224
2 813
2 620
1 1804 981196350
1 2 496169518
2 315
1 965 237748141
2 1066
1 1382 536775061
2 2466
2 1727
2 1117
1 1366 432961948
1 815 563163993
1 486 596556232
1 1572 292194829
1 164 693125743
2 2459
2 134
1 634 263819971
1 802 534783532
2 2594
2 1788
1 2597 352048067
2 1320
2 1719
1 1074 966588443
2 1841
2 1795
1 204 923697637
2 2661
2 1285
1 1170 910218978
1 140 55024156
2 977
1 882 92676483
2 2753
1 1923 775843098
1 1258 168531545
1 929 540485649
2 944
1 2954 815378219
1 82 822400676
2 2108
2 2795
1 223 919814126
2 1975
1 2274 613258534
1 649 282544965
2 2561
1 684 28118402
2 1589
1 2752 797936652
1 1605 638654384
1 574 112108404
1 1829 865759215
1 1910 518259257
1 2150 387081746
1 47 426519462
2 1469
2 767
1 518 379997422
2 844
2 1179
2 907
2 1128
2 1168
2 2170
1 1807 99923039
2 1761
1 857 565484210
1 1322 876713814
2 2433
2 440
1 2704 240337370
1 1068 447035448
2 94
1 859 238462044
2 1764
2 2705
2 2158
2 2252
1 501 476828952
1 1930 982872276
2 357
2 509
1 2475 167174604
2 1487
1 2002 602126100
1 2338 598918375
2 1079
1 490 276330791
2 1946
2 2206
2 1774
1 1107 991678232
2 2892
1 2290 23471011
1 1891 253786927
2 332
1 1092 932305890
2 1731
2 2156
1 204 889410719
1 2137 282121905
1 2971 809081286
2 1610
2 742
2 745
2 1933
1 1036 432612552
1 2793 528672179
1 2651 206683772
2 2780
1 1722 533721539
1 2064 248914590
1 2050 793387393
1 2915 114190505
2 228
1 2945 779747441
1 2430 306372281
1 1451 526456380
2 1938
1 2232 806713922
2 764
2 2466
2 2300
1 1788 875909690
1 1668 751330766
2 897
1 2810 631049100
2 2558
2 24
1 291 614006760
2 2290
2 2567
1 1233 548223843
2 475
1 1063 952516343
1 1521 431918173
2 2851
1 2517 858667963
1 350 749259949
1 1163 386583717
1 1590 782215774
2 1361
2 1650
1 2375 102667411
1 2838 887927446
2 557
1 911 170226979
1 2005 437211207
2 1002
1 2274 484127184
1 2393 160726505
2 2328
2 478
2 596
1 652 830862822
1 198 425325806
1 931 889919076
1 1189 211798759
1 2411 193192351
1 1770 109077513
1 427 453099130
2 2209
1 1740 84712269
1 1907 787932219
1 1384 526044541
1 1680 871220189
1 2031 285033565
2 1541
2 1333
1 2361 82133038
2 21
2 2597
2 2321
1 700 897677154
2 2485
2 607
2 1593
2 1917
1 174 436428707
2 818
1 60 618519902
1 366 768562019
1 923 603300618
2 2072
2 1863
1 1892 884910524
1 64 31549823
2 1713
1 113 751902644
2 582
2 1984
2 1623
1 2350 477302033
1 707 314687733
1 1680 549979099
2 369
2 2526
2 139
2 1227
2 386
1 261 702637116
1 843 268175736
1 78 1084238
1 2417 823303845
2 699
1 2060 274526314
2 659
2 1425
1 1715 573131314
1 898 895027605
2 521
2 2848
2 750
2 415
1 1240 665584112
2 1226
2 2199
1 1152 776351962
2 1935
2 910
2 1103
2 1917
2 152
1 2821 43987216
2 2696
2 2091
1 960 299926743
2 1640
2 1188
1 2387 445973874
2 1914
2 2305
2 1077
1 1706 501028186
1 2579 50279307
1 2855 796536114
1 1612 49825307
1 1617 468263426
2 2597
1 100 822082805
2 1117
2 2053
2 1822
2 328
1 1951 468708392
1 2518 174553991
2 680
1 630 449936699
1 2063 867414476
2 2578
1 241 582176617
1 2548 939644415
2 2396
1 2353 122395951
1 523 118896023
2 1365
2 402
2 648
2 115
1 608 514916988
1 2528 633257925
1 1192 31278955
2 4
2 385
1 892 566747857
2 1006
1 387 424493413
2 1181
2 1397
2 1348
2 2866
1 1752 145365782
1 878 588577300
2 1900
2 735
2 1441
1 2096 192623611
2 98
2 836
1 2162 611515998
1 710 898103583
1 2721 144549435
1 599 102023481
2 1307
1 472 868812154
2 850
2 2153
2 1982
1 1738 171804923
2 2546
2 2089
2 2178
2 2452
1 811 91806851
1 2217 795006058
2 2122
2 2491
2 272
1 302 498067612
2 2301
2 613
2 1547
1 834 176902787
1 422 369990179
1 366 85403518
1 2673 999069250
1 939 26562725
1 1571 24394564
2 615
1 2563 124820135
2 1139
1 672 880220764
2 2531
2 2989
2 344
2 131
2 1467
1 1264 821740556
1 1531 203354332
1 1352 675476654
2 210
2 522
2 915
1 948 520493304
2 528
1 1826 796104827
1 1514 509055946
1 2628 11413081
2 2304
1 1999 88065545
1 1220 607609585
2 2038
1 220 134462395
1 408 174653348
2 1445
2 68
1 2621 919326778
1 2331 808657333
1 642 775651431
2 414
1 566 816709437
2 2153
1 2021 55435836
2 407
1 1713 464142218
1 2414 782474105
2 1660
1 1021 39422013
2 1278
2 788
2 2512
2 2395
2 2609
2 2094
2 2624
2 1016
1 2698 611682240
1 831 151513874
2 125
2 288
1 1909 838324362
2 867
2 766
2 1352
2 2258
2 1650
1 2236 118159383
2 1372
1 876 281551367
2 1995
2 1829
1 851 650779130
1 476 864752684
1 2836 83035333
1 410 289472572
2 831
1 2325 512897058
2 1189
2 2587
2 144
1 2400 102984388
1 644 543254437
1 672 719964406
2 2720
1 2551 756742880
1 2816 449743819
2 2640
1 86 608974721
2 348
2 2737
1 2316 174643002
1 757 100998194
2 1985
2 2724
2 2987
2 2756
1 439 655935737
2 1850
2 758
1 1669 170672206
1 2330 351288998
1 1871 578887664
1 2434 189986963
2 1465
2 657
2 989
2 1603
1 2848 564019449
2 2881
1 17 950205588
1 1822 933905504
1 412 465049927
1 769 227148324
2 971
2 2724
1 1269 371589938
2 2109
2 2600
1 635 985168306
2 244
1 533 883431712
2 449
1 191 488383179
2 1699
2 1589
1 1979 860919562
2 1995
2 1200
2 836
1 2919 740521296
1 1339 358089985
2 176
2 2247
1 2729 961571385
1 699 250762876
1 1936 942851900
2 2270
2 1507
2 623
1 2275 816262628
1 2868 199524565
2 58
1 1139 770313955
2 1617
1 2017 188569150
1 2158 14867452
1 106 34618853
1 2444 121474377
2 2626
1 1788 408295244
2 2434
1 580 938199575
2 1133
2 2541
2 764
2 1970
1 527 71407022
2 1974
2 2374
2 2974
1 2392 250717596
1 1504 488523219
2 467
2 987
1 820 572419414
2 432
2 784
2 2360
2 594
1 2495 330934828
2 1222
1 1855 832668266
2 198
2 2968
2 1300
2 1432
2 633
1 870 231018830
1 1188 455329612
1 2693 297585900
1 1518 976925185
2 2998
2 2268
1 1437 284618247
2 2708
1 2943 869950118
2 1733
2 763
1 537 71739474
2 1751
1 1525 798634638
2 2014
2 1475
1 1904 555878117
1 895 188361024
1 2264 745117630
2 2839
1 573 47431648
2 2999
1 2186 205010188
2 1093
1 711 167634424
1 1528 448970866
2 964
1 1288 948172940
2 2516
1 1361 748632737
2 2864
2 624
2 2756
1 242 351440808
2 718
1 105 273624900
2 2189
1 2865 76143010
2 1023
2 1227
1 2382 633456281
2 953
2 420
1 1594 845695063
2 2414
2 1663
1 2126 148349862
1 1110 273459620
2 1604
1 2381 151289151
2 1374
1 2154 435711564
1 326 135785151
2 2002
2 2556
2 1343
1 2141 398291203
1 470 772919116
2 1835
1 1696 166236394
2 405
1 256 569234267
2 1241
1 2022 801876066
1 239 444081408
1 1066 532394682
2 1409
1 915 299589432
2 2953
1 705 250587426
2 810
2 2337
2 715
1 696 421982080
2 696
2 2666
1 1105 462593446
2 1284
1 1056 322337779
1 1016 861207566
2 1470
2 2024
1 2406 438645153
1 1916 305813312
2 2541
2 800
2 16
2 713
2 464
1 2359 632431404
2 2971
1 928 455031113
2 2459
2 795
2 523
2 1099
2 1112
1 1334 739554369
1 1373 200827033
1 1965 33497501
1 2154 396056614
2 2685
2 1479
2 262
2 340
1 1363 147789066
1 1860 534801226
2 1994
2 1690
2 1797
1 2211 420472947
2 1665
1 2309 175651061
2 2565
2 2894
1 2022 380969862
2 2681
1 1873 136794707
2 1894
2 2337
2 2104
2 2419
1 2892 976717203
2 3000
1 2430 722099988
2 121
1 1311 655601203
2 1672
1 1237 630823535
2 2077
2 1762
1 2622 968631860
2 697
1 252 736387818
1 2261 807725287
1 1923 381016862
2 1747
2 2840
2 921
1 2785 195769902
1 1976 655485695
1 2184 253434574
2 743
1 1673 905235566
2 1345
2 397
1 2280 139941425
1 1558 577861853
2 1211
2 278
2 2772
2 1122
1 2622 814907166
2 59
1 2390 758458977
2 742
1 1319 115110592
2 2626
2 1308
1 1508 395729929
2 176
2 1631
1 425 20851588
1 2287 492168891
2 1269
1 2454 540924593
1 580 353291303
2 390
1 1695 76339998
1 2777 206197966
1 136 135944407
2 2095
1 771 951019471
1 2263 714148999
2 1917
2 2344
2 594
1 689 699192976
2 1763
1 2190 757166342
2 2089
2 1389
2 2812
1 2193 710878385
2 1936
1 557 732823659
2 1545
1 2004 855761901
1 2421 517700003
1 1223 556355626
2 2010
1 1263 381679668
1 1704 324700571
2 1036
2 2353
1 2702 231329524
2 542
2 27
1 2908 489396970
2 265
2 2441
1 2126 63890568
2 392
1 2772 291866723
2 140
1 1385 580815005
1 27 578744488
1 1047 282732338
1 2609 112686863
1 1440 193438201
1 1008 48520558
2 2334
2 2981
2 1688
1 45 291371465
1 2343 816034237
2 336
1 555 357969375
1 2318 261607952
1 1329 196603857
2 1592
1 2407 239226263
2 97
1 209 659951383
2 2261
1 1397 531026418
1 282 576423580
1 2597 255812255
2 2357
1 2492 853759689
2 1814
2 243
1 2903 280654621
2 2101
1 1738 326970449
2 1425
1 986 595609203
2 1847
2 139
2 2165
1 1493 609201420
1 1051 869387704
1 2902 557667757
1 1892 864274122
2 510
1 2327 575159175
2 2303
1 1597 89039057
1 2590 77870452
1 2924 427684121
2 940
1 749 322483318
2 2169
1 98 914695681
1 2754 914417147
2 3
2 2856
1 1113 264435203
2 1884
2 427
2 2449
2 96
2 2897
1 565 179116971
2 2091
2 1192
2 380
1 2469 283405853
2 493
2 1080
1 405 409324342
1 2474 336229980
1 902 172936087
1 2272 769856908
2 1740
2 234
2 2348
2 2552
1 1947 835348429
2 1866
2 1200
2 1273
1 299 285082667
2 2616
1 1246 878759704
1 856 76746025
2 2140
2 1612
1 448 667908287
2 928
1 1127 891588577
2 1016
1 2490 414253061
1 1151 909195413
1 1053 667592648
2 2838
2 1124
2 2030
1 568 63067575
2 1968
1 2685 349235573
1 1756 860861071
2 2159
2 695
2 533
1 585 31459125
2 85
1 2423 156007124
2 984
1 2757 792671472
2 2104
2 447
1 1320 932999742
2 2392
2 44
2 1123
2 593
1 1450 2026701
1 655 508429523
1 1484 732586394
1 1517 634652458
1 115 225439942
1 1516 313936180
2 2189
2 2744
2 1113
1 1979 117532184
1 1238 337181929
1 347 986462884
1 1791 217532901
2 357
1 1522 901850461
1 43 953078073
2 1963
1 1307 952159889
2 1907
2 704
2 1093
2 2670
1 1027 16643922
1 433 28582102
2 1229
2 2366
1 1770 961724358
2 2325
2 2795
1 173 311675572
2 485
2 65
2 638
1 1451 638499036
2 1507
1 2783 455931779
2 1216
1 1722 557839699
2 1264
1 467 784605493
1 2719 313827350
1 1705 789060779
1 669 610117350
2 262
1 2588 44940186
2 1444
1 1092 412416878
1 1222 833634516
1 653 740702659
2 1944
1 94 222643896
1 1993 165922838
1 1397 299868423
1 1513 163299931
1 1982 926434082
1 447 692833981
2 2872
2 605
2 2349
2 1607
1 2249 255805622
2 2936
2 918
1 463 526285438
