3000 3000
1950 1727
977 94
2145 2739
2059 2092
2866 866
2672 561
2692 543
2235 2040
1708 2166
2200 1304
1960 1693
456 2811
1626 2869
377 1163
1570 2277
1120 1636
172 2127
2684 130
703 783
712 220
2328 1908
1875 1464
1582 2952
980 801
2684 1781
444 179
1704 816
2353 2177
1464 2304
1958 83
2982 2373
1433 1763
881 2415
1709 1993
2950 1168
1515 1741
1595 663
1925 1971
1792 159
777 2733
867 939
285 1378
725 1309
965 769
2029 1527
610 1550
484 2461
65 2562
2900 120
2349 2103
2960 1646
1819 1098
671 2380
2762 2449
798 2457
1067 2961
1201 2847
2410 1982
119 2641
1876 897
2439 916
1764 1596
1373 2264
1378 377
1791 2157
649 1877
1019 2531
2088 196
229 2688
2614 1014
1843 2846
2319 2598
2173 1911
1072 1391
444 2263
2161 2883
618 552
2158 2150
2082 2724
424 981
2235 1736
942 2505
2968 2703
458 2905
1432 49
2602 1159
1444 1164
533 803
916 261
1206 775
462 887
2861 746
1993 2862
1328 653
522 833
710 1024
391 1641
2542 2483
1079 1718
1616 321
1979 2717
2406 393
63 2132
400 1454
1267 1447
1211 1700
1306 895
823 2919
622 162
2341 633
2383 2556
2871 265
2388 2817
2351 1498
2589 1514
2819 2064
719 1117
2306 758
497 285
2986 699
2329 2151
2847 1052
2492 1668
703 855
747 831
64 2575
1625 1947
2413 189
1242 2727
2094 2359
2689 1654
1800 1148
2916 2046
1954 1266
2930 2111
1428 2222
2459 315
201 1358
2364 1185
2011 2735
2933 1733
2154 2144
2106 1937
336 859
649 2364
1520 2039
1961 2077
94 2358
1162 1169
2157 2374
483 788
1549 1022
2230 751
1834 386
2090 2371
1641 2775
1564 496
1351 575
1918 339
626 2384
1720 2448
1457 2005
77 2606
2832 1264
1494 1184
994 425
384 1965
2701 1484
720 343
2748 1583
2164 656
2213 2893
418 2920
2838 783
949 1928
2209 510
69 2865
1818 681
708 2351
199 1802
2800 875
471 809
2833 2038
847 1430
2664 907
385 2485
773 1189
586 93
2813 607
2789 2230
1977 2721
818 2451
1810 2592
2293 910
1744 445
555 917
1090 748
1356 2785
1291 2857
2579 608
381 1483
1002 1666
315 942
76 1685
2077 1560
2716 1347
1241 1417
1511 443
2182 1084
1738 1105
2968 447
420 1370
1505 2254
1740 130
169 806
1532 997
370 470
363 500
2465 1372
2498 1521
1182 463
843 1088
2572 2897
2805 1956
1449 51
2691 900
2452 119
1449 74
693 1487
487 1493
151 2489
1804 551
844 1985
1988 2117
40 2661
1932 109
104 148
558 1532
1645 2290
2957 2998
796 196
1359 2186
296 2408
754 2349
2908 1704
645 2629
1581 554
667 408
2052 2820
1642 904
1280 2500
1882 2829
374 2829
2804 29
2995 2622
240 1573
1031 1122
1808 266
18 2011
1461 1155
257 507
210 777
185 18
868 2789
417 46
1539 2410
352 257
1388 820
161 146
1293 2183
556 1100
2271 700
69 985
876 1496
2482 1504
2159 1463
2497 716
2710 2714
1403 2225
2144 2058
256 2105
2820 1285
2712 73
1812 2827
2595 1812
2541 1090
79 1035
2385 2367
2136 110
1101 2781
1033 2668
1961 1063
2146 2293
1012 2539
2455 747
1310 1840
2272 1647
2105 1876
536 635
2740 1547
1644 895
108 668
2450 1754
784 1405
2156 1133
871 1133
214 2806
2142 2212
2569 183
504 563
936 2976
2585 2198
1385 1753
753 1332
1975 390
2175 662
527 2193
924 474
165 2368
2027 142
2293 264
619 2498
1403 474
2870 2208
2449 1205
1194 2078
2590 709
905 2202
65 2891
1525 1346
1589 285
2084 2132
1906 1183
2428 2664
2792 188
2782 1767
1044 373
1668 2868
2849 1959
2090 1764
392 767
974 2747
1914 628
1822 2380
1734 2712
2773 1535
2958 2445
1096 2794
2038 829
2201 2865
2576 818
1396 1144
1010 2352
2927 1391
727 2794
640 1113
1124 1020
2522 858
674 1789
819 668
1114 698
2856 2554
2998 630
1883 2412
2351 1826
1303 904
611 2617
1150 1240
2237 1314
1220 1494
1218 422
171 755
2331 494
1541 537
1639 9
339 772
875 2272
2511 1373
1861 168
2894 2158
446 1899
1128 355
62 1744
1604 1362
591 695
754 126
202 172
587 2350
88 2497
1558 787
664 2059
294 13
1169 1886
1326 1601
2520 101
517 1187
1482 381
1538 606
895 2760
1966 1502
2231 1887
2453 1814
2936 274
876 2143
2255 2708
1735 2540
2368 506
1846 413
912 834
1301 2628
777 644
213 514
1455 469
1649 1921
20 1011
2284 902
1138 2886
218 647
2010 655
2054 1348
2023 2841
687 774
2270 2642
440 1481
2012 1659
498 611
836 34
1625 2229
2444 1122
505 2969
2215 1536
885 2163
248 5
1885 142
2846 2485
1908 294
2908 1656
1825 959
2894 1978
303 523
758 62
579 1515
2085 1768
1167 515
1730 1850
1968 1754
2802 2573
858 914
277 1156
1305 444
411 2507
1408 1590
1995 3000
730 1302
1597 144
924 1409
654 397
670 1917
2580 2830
2821 2345
718 717
2300 2979
1579 2061
995 25
892 2374
2853 1825
2884 1415
1070 2129
267 645
2932 2204
1210 1514
1094 1649
1135 1155
1959 2985
2263 758
1430 1520
2774 429
735 541
1551 2756
1462 2159
2401 888
2645 2365
60 1006
1097 433
1146 2621
1216 159
2504 1656
879 1424
2304 1130
1458 495
1659 858
910 1368
895 1952
1729 1448
2489 2528
343 2326
2523 1307
31 1477
603 1634
1586 501
2188 2233
45 2439
682 2991
1621 2082
933 2427
478 1329
1830 2333
2625 1828
1132 32
2021 2898
1799 494
1176 2271
803 1276
1723 778
2098 406
2764 1396
1123 1937
2850 1503
1585 672
1080 930
121 1730
1852 2281
214 949
2813 46
435 2292
1170 1073
1251 2522
2568 2181
1778 1298
2511 2164
2666 2394
2145 2886
2134 2932
2694 2503
1849 2526
1996 910
2000 2108
1441 1508
1295 2384
60 2706
1805 1257
2457 1166
2436 433
28 1753
492 825
1899 1877
2840 610
2893 688
930 398
2789 1714
908 1969
2764 1803
164 1117
2741 880
478 2393
2360 578
613 75
59 1386
798 1994
2076 268
855 232
2114 1926
918 443
267 2512
1464 2881
809 1041
2276 1475
1159 174
1920 850
212 1559
1681 2906
1350 193
2560 2269
2642 1767
1890 1152
2753 2800
384 2997
2242 2262
224 1069
498 2157
1866 2765
2074 2149
2421 2517
1850 778
1295 2275
2583 1339
2661 1132
392 1858
2550 1864
141 266
1963 565
1651 2050
1943 1178
684 2407
326 2405
1695 1006
2285 1427
198 1799
403 2550
1762 324
1946 1341
1703 1905
2875 315
755 2285
937 1947
500 2243
1298 1124
1242 2399
81 2335
1794 1072
1471 2591
2377 2031
1762 2865
876 2249
184 2674
1781 1108
1429 2055
1864 299
118 2030
617 856
96 2326
1807 2409
785 1434
1712 2238
1318 177
488 2381
2058 1087
975 1570
247 1673
47 1321
1743 2055
2724 453
1651 2707
1142 2418
1654 1522
160 1697
2288 339
231 1691
2462 1245
1544 1795
1114 962
1314 782
2407 2719
2840 2662
1316 267
711 796
1012 268
433 1657
1577 238
1585 2679
2757 1266
1071 1166
2647 1013
2171 835
1068 2425
920 2658
2754 2501
2927 138
1075 2592
2479 1282
1306 1342
1956 2647
1500 2834
1013 2973
588 334
1516 1486
1971 1823
67 2723
1522 669
576 1345
1720 2324
2361 182
2343 2536
2393 372
851 1665
1003 769
171 864
422 1238
309 2556
1931 190
2301 369
2702 2887
652 1975
725 219
1437 1057
2179 1897
1376 489
2638 76
1624 1501
1262 2978
2020 2501
2873 1130
836 1938
22 1829
1153 2387
970 367
1524 1825
1757 1094
2585 793
2124 1140
773 1350
1524 2167
2354 2481
217 1014
2763 790
1017 522
676 1448
745 2637
734 128
156 284
2698 2129
1348 333
1437 1345
2573 1291
2729 1029
1938 1631
1939 777
1693 502
619 1582
782 697
78 114
1889 806
1412 1042
1933 869
2725 508
2340 2777
2851 1672
1474 1064
1254 1530
2441 655
1344 1884
909 37
533 842
1593 840
172 1086
1084 1906
2247 564
103 2131
1142 1198
959 2714
1660 2022
2763 1184
2437 674
2053 345
2021 1497
1228 1060
602 757
1400 1268
1208 2693
479 2965
1489 998
926 7
634 779
1692 247
1761 1606
1969 1670
770 2552
1335 2967
2973 853
1001 2750
2673 2397
1733 1806
815 653
2352 71
1313 1773
1878 2291
2507 1342
1975 1692
1898 1893
2436 2744
1018 2088
656 2379
1774 2564
166 2777
1996 725
1389 1199
1282 2073
1473 266
1777 2872
321 1952
2311 725
1056 2657
1512 2807
637 78
987 1049
2376 416
927 2274
298 499
652 750
2655 764
1605 261
2645 1807
2064 1960
214 519
2126 319
2568 737
451 1577
345 583
2054 2469
1290 1143
1615 1954
679 356
1411 722
2715 817
404 1518
30 823
1574 2596
2874 2323
882 2646
1569 2086
1412 2320
1319 2559
1487 285
2854 1500
709 1558
2196 492
1047 743
2784 2385
2646 1970
1540 2059
2174 191
1894 2345
2257 1717
604 156
2446 2975
2034 2485
1053 1465
2884 127
136 2049
1863 2972
2129 1701
674 897
2255 77
2983 546
995 2768
2844 251
1675 1528
2854 2455
1139 2683
2440 1195
273 1383
285 365
210 1968
594 2706
69 2913
1429 85
1348 559
1028 1043
1770 1977
881 1797
902 853
241 1151
2676 617
2345 787
2855 2662
458 1111
1156 2555
2042 1450
1273 1096
1694 473
504 1330
1717 860
2809 2414
1355 367
2882 414
1490 972
2857 1009
917 86
2350 1718
761 1790
2029 1516
2906 2419
1048 824
1904 1497
2667 2775
2146 54
928 1451
2133 585
2654 1507
319 2381
2250 560
2710 745
2228 1495
546 2843
2397 1296
1506 712
1119 2265
60 967
1064 2850
1423 1324
2947 2728
2664 809
871 639
2008 26
259 1948
2452 177
2415 1352
543 945
2224 936
185 340
476 1181
136 1293
2074 1922
1001 2225
305 2337
792 891
1220 326
870 1595
2687 683
1443 577
872 1092
2175 1870
830 538
2456 609
2481 1909
495 1335
2488 1311
922 1267
338 1438
1991 777
1178 279
2875 430
2701 522
2995 1725
1778 1059
2181 2713
2963 1306
2301 2901
1116 2470
708 655
2475 2716
1474 1081
878 2280
1919 427
2318 999
2724 808
1090 1057
1047 1219
1207 2818
1596 392
2635 1944
1454 2229
209 2833
1458 463
2851 956
2495 1941
1832 2433
455 842
224 1484
889 2252
669 1410
980 1731
1454 1172
2288 389
1120 838
2023 1093
1339 2894
889 547
388 1575
2423 1117
1071 2392
1045 2004
388 450
925 2807
2731 2860
2145 1680
291 21
2295 1350
2510 1815
311 2828
445 1828
61 2697
2811 1213
196 2822
155 2652
61 1633
454 2826
734 254
1689 2209
2909 695
2005 2791
216 2631
1880 2695
2158 320
2750 2256
1839 1230
1969 722
2776 2557
815 9
1062 1270
569 1550
2458 1991
545 1835
2911 1566
1544 274
2226 1643
2869 1128
82 1204
1638 2487
841 763
2696 762
996 572
895 549
1461 2119
2469 676
2027 2627
1821 1461
736 1214
84 604
2004 1146
484 1151
1795 1091
1014 1967
1772 953
2313 2546
595 2233
2375 2797
2882 982
2235 1493
1878 1202
2960 2322
2206 2761
1077 2980
456 521
13 2121
442 229
2617 1917
2805 2633
2798 2461
2171 283
1048 271
2757 615
1662 1924
2778 552
2390 2236
1785 194
2099 184
1088 2307
1249 167
635 1137
368 1286
532 1014
2725 980
1749 3
1663 1137
573 2578
1588 2508
1688 2666
2387 1265
2381 1359
906 962
639 351
800 36
161 954
749 883
301 1553
1416 2507
751 2751
2375 2044
2854 2300
1241 377
2945 97
2245 2758
996 2942
2361 2066
1370 2313
2549 1505
1997 2826
2738 266
2246 1510
614 79
960 764
2815 1325
1571 1818
1279 1855
2840 2517
2814 1629
1326 1847
1151 2035
2863 1832
839 1768
2310 1754
1564 2089
2416 1232
2604 2001
1761 2229
2921 418
143 1077
1255 2608
164 1836
1188 1200
2795 647
952 632
2064 827
1355 2545
2420 1644
1375 1788
2577 1284
2867 89
1860 1016
2036 1340
311 1826
1672 92
542 2712
378 831
2576 1936
924 1825
2154 1205
2248 516
1746 2382
2582 2975
2057 1537
2861 1435
702 947
2514 186
2271 1338
1026 2382
2424 2516
1633 1860
791 1514
2790 1232
1619 2065
1957 2100
150 1288
1225 2873
2623 1612
2278 1445
842 2268
1851 965
854 654
2228 780
105 1116
1256 1891
1238 157
903 191
1304 1761
1622 1315
2099 1399
625 1335
1653 1856
2219 2373
1381 2746
1763 1562
2839 1848
1297 1369
1109 2058
993 1989
2524 2043
2110 627
1868 2462
436 2709
1693 156
1526 2834
665 1498
996 2929
1973 1456
91 94
154 37
2593 1019
2990 437
2782 2117
960 512
1681 1946
1839 2601
1612 271
579 976
582 1928
1819 2344
2675 2659
2891 1981
1371 42
1131 2152
57 125
2870 1676
2093 1499
2391 1647
455 686
973 2824
1961 2297
687 1658
967 2260
1979 1617
858 1194
760 357
1914 1635
2660 666
2604 1585
104 2996
819 2666
2055 1678
2807 1896
2805 493
2885 1699
765 985
2184 785
2166 1245
1881 2480
2167 2988
2993 2857
36 2660
2079 2568
1943 838
1726 337
810 1996
2594 2191
2349 836
1972 698
513 2826
2193 2205
2798 2772
422 1647
1831 1725
1564 642
2775 831
1536 1613
1241 1396
1086 889
729 2200
2187 579
2409 638
557 2797
2912 2401
2172 167
1922 2198
1672 2700
597 1849
1784 694
2669 2631
310 780
2846 2597
468 1433
2905 739
2685 529
1150 1835
1912 1885
1559 923
1678 2100
182 1008
1685 2737
1846 2797
518 1262
1002 1068
134 2612
1048 926
613 274
1800 1946
1200 224
1235 278
376 2051
1450 2246
1516 2534
1560 538
820 1782
1567 129
1592 2569
1347 1394
1940 1457
2032 8
2333 2887
233 1103
1584 1809
621 2835
2520 1258
804 2565
2405 1472
252 1548
101 271
1603 635
1739 2713
795 1601
942 849
948 2718
438 159
658 801
1811 1441
2505 1769
1658 1261
1674 2564
979 1901
2222 1105
974 2939
2994 1104
539 2980
1340 1903
891 1974
1839 70
1365 2211
798 1454
1257 781
960 1830
1690 1683
2007 319
1884 610
1601 1354
2073 217
2626 1318
1303 2234
840 2328
2843 1226
2930 323
617 1861
1530 2400
1619 246
898 385
17 171
233 210
1415 2222
2418 1857
636 2355
2705 2223
58 2504
392 1336
890 717
2166 2097
877 2638
1737 2578
1285 41
1673 2429
1147 169
830 2918
195 2953
1274 1051
649 598
1157 204
1553 1343
1163 1340
1827 2009
1749 2929
293 109
1871 1267
1491 362
1312 135
2162 390
95 1829
229 1012
2904 282
2794 1338
879 459
2150 1177
1349 1102
240 886
1141 1902
2292 1754
2603 2154
908 2490
1444 983
2550 920
1302 2362
2071 2587
847 80
1335 163
28 903
1249 2742
533 1041
1682 593
2196 1071
2119 2178
2548 498
33 1109
166 1758
2329 793
2046 915
1845 2702
2926 708
2414 309
641 1806
387 2534
66 423
2457 2987
1312 75
600 430
2289 1226
1459 558
2728 1437
2178 2586
732 592
1891 2308
571 2953
2199 1364
1648 2386
1776 2698
2352 1334
160 2823
2890 429
2073 1209
761 1627
2842 274
2500 2222
2182 799
45 2758
50 2687
269 2760
1373 675
732 789
317 1523
2152 2274
282 1851
2915 2952
1755 2590
238 2202
2019 1927
695 2025
1038 1349
1510 389
1261 567
2081 2498
2513 2368
2535 1831
1485 1592
561 192
2280 1038
1512 149
1005 857
1953 1802
464 2020
26 1179
1023 833
1161 361
2166 176
1580 2836
1703 584
2366 2381
2028 788
28 2788
408 2090
449 1378
203 2588
1990 1693
355 2339
2650 260
2116 649
1999 1890
317 2941
1968 172
1479 2242
1782 2984
344 774
1607 2677
1651 1488
262 2729
1390 2315
1158 77
1848 2407
841 2880
2212 2492
2971 1599
2395 1501
2552 2986
1967 74
671 505
1697 1507
2589 376
2908 1619
2946 1652
2748 1684
326 823
316 1813
2471 650
717 1106
375 2346
2100 2118
1190 312
1419 2848
77 1726
2816 1541
1734 956
498 2801
1329 1379
568 2867
212 1007
177 1755
1460 206
864 561
257 1171
2769 1162
344 2591
2596 1706
2347 652
699 2000
582 2921
1891 355
1214 2267
389 1639
2098 2867
394 2719
2209 2998
2510 2622
617 1508
2363 992
2969 2561
2859 1075
2715 1393
1363 1367
1529 278
2166 2656
2055 931
818 1686
2359 2876
180 1218
1191 1369
2648 1080
2935 2994
448 2925
899 1932
1467 362
2414 2651
2554 1795
2106 1121
43 9
650 669
2514 574
939 2277
779 1541
539 173
2442 2749
1915 383
263 2589
1937 1298
2808 1540
811 33
1777 2535
1180 1134
812 1202
938 1893
373 2871
1709 963
1489 584
2160 1421
295 1398
930 1056
1502 1337
1715 2330
913 360
1563 2933
550 2356
2068 797
2183 2830
2568 2730
964 984
1154 2450
2735 103
684 677
2855 2147
1388 932
1703 2508
2491 358
2019 1783
477 26
1306 2228
2214 2293
2251 1661
2273 2804
2016 430
2683 455
1868 1867
2121 641
1634 2933
2320 1445
2135 2222
724 2814
589 2286
2042 5
581 885
928 791
2062 2933
987 302
2765 1074
507 984
490 412
1597 1980
380 1941
1505 730
360 16
1190 596
2135 207
2843 934
188 1690
313 2981
1339 379
2004 1104
561 941
2111 1255
2504 2878
1312 1095
306 2641
2503 2
226 335
1698 2427
49 2257
1166 1267
1498 1675
2470 582
1517 2525
967 170
600 2525
2060 526
2076 2210
1604 672
2940 1530
2108 1986
2044 131
1288 2351
552 1534
1787 2395
123 2321
2048 2575
469 638
1629 1274
2049 2281
518 1833
1678 1825
834 1611
2858 1232
2593 1899
2422 1567
1990 2989
1820 100
2214 1533
895 405
1864 1233
1098 2426
1232 1581
721 190
1083 2616
2911 115
548 1010
2307 2743
2348 472
567 690
2553 2290
1564 1605
2904 944
2930 1881
2230 1382
2721 507
1467 2670
15 2805
1618 342
369 241
624 2651
2357 1323
771 36
249 1624
1235 1599
694 2184
2269 2410
1484 966
2241 158
2268 112
2004 480
2096 1869
2607 2292
1730 1012
2988 2469
1454 1260
1824 1475
2598 1799
549 2536
2383 424
1407 2503
143 2653
1578 1760
1264 1557
38 1414
702 1971
1029 518
2743 1221
346 2006
2130 2292
1927 1022
1255 2558
2024 2582
1384 1358
1713 477
805 2356
1349 893
2746 2477
796 440
1710 1531
621 2726
1899 948
473 806
558 1326
2425 1501
2954 1180
183 418
1048 946
1981 1107
974 2223
721 871
1829 2964
952 2793
339 2477
2361 115
1988 2587
870 1374
2594 1711
964 1891
912 1964
66 2977
1480 353
385 1438
2553 1555
2714 562
777 2033
806 778
2161 1246
1815 2474
2864 2146
1752 2706
2496 834
457 1717
2228 503
752 2495
1941 52
307 478
2056 1175
1019 2579
1545 323
258 2907
2778 1924
2434 235
2888 360
953 437
2114 1489
2486 2957
2282 540
2687 1879
170 1918
1388 1854
1771 2964
2248 1417
1352 1900
1742 1122
2152 1440
93 2467
2378 1047
1034 1907
1930 2581
2138 1821
2283 1958
2915 2704
2460 1130
464 2757
1958 1859
2524 1218
2009 678
61 2794
946 2569
1817 1414
951 2566
2835 2691
2585 2298
457 800
2581 434
2549 362
1046 2224
573 2150
20 2767
949 1796
512 1402
2082 710
1462 2810
2529 222
2255 1913
2033 2948
1237 1835
2259 738
2220 647
354 2508
1327 1890
1058 892
2893 2147
1167 1383
111 272
629 1756
204 2254
1161 2108
1970 1229
2499 2840
1494 423
620 128
1486 2222
2620 23
2180 331
1619 1204
189 832
516 2338
1229 2426
287 852
2014 2008
1305 660
779 1394
1283 2239
1186 2350
648 1840
880 2318
1595 234
1088 525
474 166
1452 977
1241 68
713 2886
365 124
1800 746
1897 395
2906 813
640 583
1798 1294
1420 2278
2029 888
404 2995
1765 2235
2385 1973
643 553
472 2988
2950 2116
437 851
2917 2565
2752 1089
2515 2070
1313 1352
2305 2757
109 1608
1934 1674
1978 1125
51 2819
2581 972
2081 1322
2547 534
568 1766
2681 371
2618 7
2533 653
175 970
217 710
2866 2683
2287 2445
540 1961
950 1161
1623 1498
2045 2141
1421 502
304 2230
685 2280
2413 1724
1666 2423
1390 216
2093 2524
744 198
1028 1816
1167 512
627 2519
475 2492
587 861
2171 1607
1031 1796
1528 242
983 481
383 2097
1902 2217
2649 2200
585 661
1156 720
1589 2175
2395 2939
531 543
2431 1679
2892 2982
1759 1453
2330 2512
1820 1763
1855 2882
329 2457
962 1707
1930 2124
2961 2194
661 1519
914 2685
353 1966
2811 1157
128 1718
781 605
2343 2932
841 2506
170 915
297 1700
633 771
205 2417
1050 794
415 1164
858 1026
1766 1811
913 2460
745 399
1973 2273
2731 49
2386 550
258 293
751 2638
2462 1303
1134 1622
1470 725
2922 1699
1909 2303
995 2836
2596 2200
436 2931
883 1004
620 2529
733 2816
560 1565
2811 2195
1838 682
775 2729
264 2041
1165 2345
1817 2802
304 2845
2781 2584
2170 2404
1974 2302
2550 2240
368 2092
1862 835
1470 350
1718 1003
39 1360
532 1637
2929 2027
1352 1968
1134 834
2785 1569
1864 921
2538 1436
1396 1650
1160 2101
742 1986
2377 187
2850 2728
2346 2890
2790 2493
1786 874
2498 626
314 326
1386 921
1892 2075
973 2267
1509 136
15 1330
97 548
132 2097
145 482
1299 2248
1826 2148
371 2623
1957 595
1253 2821
573 2812
1264 2748
768 2227
914 1492
275 425
140 2608
2030 1332
1173 152
181 1361
1036 2949
986 1532
652 2976
1980 869
2491 362
1657 2879
1783 838
220 328
1803 2756
2613 2344
1646 10
2575 2330
1159 572
2671 2627
348 211
2435 2506
734 1364
1638 607
599 2520
1297 1515
1892 2547
2937 2457
1738 707
1178 2663
885 2336
1988 1418
385 1377
1867 2570
1747 1277
1380 694
2551 1088
193 1868
1124 1655
1872 1626
2474 1586
1669 1334
2337 1611
1534 1271
2559 2123
2129 2472
1552 1278
402 862
1109 269
441 1281
2678 2106
316 882
1317 2780
2951 2189
919 1454
1439 102
1687 1278
1034 1197
99 1710
695 2684
485 2060
1328 2992
1120 2602
1304 2104
200 334
141 2833
1671 1751
1657 566
2120 2162
1132 2496
2877 330
1938 580
2080 502
165 2902
438 2478
2323 1633
2587 2597
201 1884
1304 1400
1809 2833
1242 2720
240 2757
21 77
2464 649
754 2163
2196 2110
2227 2481
364 1878
747 2796
741 1513
2584 2836
2502 2122
2800 1296
479 2399
2165 286
2411 2552
1231 1367
2363 2376
940 1561
2593 896
1376 923
2779 2820
2290 656
2332 210
647 2451
2249 2873
1489 251
485 2358
196 407
2250 593
909 1151
2193 740
952 1987
2502 1664
2680 1132
2207 1715
1250 112
2713 2965
2077 2722
7 637
341 333
4 1853
957 578
2545 635
1183 438
431 704
1177 1916
2847 2396
1722 2370
1977 1837
716 111
511 2682
2685 290
674 894
467 1448
11 1924
2792 1874
1010 1149
552 400
1995 2114
2588 1247
623 2608
1814 79
2110 1502
2935 2934
1054 816
359 2895
1984 1056
2536 63
1025 1587
490 624
139 2324
1296 2090
2915 1426
2279 2011
349 2534
85 1202
1601 726
1774 1365
2890 2672
2060 807
682 2549
879 264
2258 1399
2567 1768
617 1942
1764 988
2057 954
1038 287
517 443
854 2113
303 2112
100 2062
1406 2034
2234 2911
1223 1046
1559 2486
1098 1537
321 1883
1030 1604
1259 61
2013 870
1160 1308
2780 823
1040 2297
439 686
1243 2899
2152 701
691 2344
938 784
2546 2953
1901 2774
1844 865
1504 1474
2473 574
2275 2862
2145 1772
148 1186
1935 792
1450 98
381 2594
2000 681
607 194
2659 2542
145 1263
2901 67
2139 1073
2787 569
2145 1661
1032 844
2786 1518
918 2469
1953 303
2928 1011
2420 1027
2214 2650
1719 2309
2083 699
679 2109
2037 2284
237 1812
2443 1937
197 331
314 2959
1679 2127
1857 1224
2956 343
1174 872
1976 1575
915 582
1191 2542
1913 917
1989 1372
2851 1544
288 971
165 2588
2615 646
243 697
1236 358
643 2960
1425 2783
16 2063
381 1520
2563 1989
288 2948
1876 247
1320 2091
1762 2675
1506 370
2334 2065
2971 2824
602 425
805 522
2632 1046
1203 644
1141 245
2639 385
716 911
846 1056
2240 1192
1550 2372
805 289
2122 2064
1087 1392
322 416
2048 1055
2516 2880
2527 1034
2155 2600
314 958
2363 325
2766 314
1526 2818
2920 2972
2190 2294
1920 2408
804 736
29 1252
1272 2363
1433 2045
938 1908
1775 614
1514 1721
530 2229
419 1547
898 1036
941 1538
2026 145
107 1323
1477 111
204 837
2326 1185
2619 292
1887 125
1162 2335
2114 693
153 504
588 2250
465 2536
278 2931
65 1092
2779 2774
1227 1146
590 1086
2521 589
2970 164
956 1702
2442 1130
314 1959
653 2631
1454 1338
1591 2574
766 2427
1554 2924
1065 612
361 1756
1361 2058
989 441
1193 194
64 929
1367 636
898 27
1841 1417
1567 964
798 2312
2604 1382
67 2389
1076 2979
2283 1271
713 2008
1909 227
1610 1888
54 2897
1309 935
2944 2058
1948 482
710 8
1257 150
90 1727
1890 2857
1150 2129
1439 2371
1177 2518
1756 969
1727 89
2280 1210
2076 1714
84 2018
1401 289
2643 2142
772 679
936 1732
2565 2189
417 2386
862 1696
698 1976
1378 1217
2616 1912
578 2605
673 594
2070 2089
1913 2574
2844 1053
44 2079
2261 1109
2317 1092
1917 2030
1660 961
1039 1654
749 356
1085 1033
902 659
2835 488
1752 2466
396 2537
2128 2243
156 1640
2085 1353
466 2367
1600 2876
2530 1632
1640 1790
303 825
2628 2203
137 1572
2349 801
1587 1610
1801 1235
2334 14
2532 2206
1598 451
2741 1099
2078 2140
1554 237
2443 1965
2266 1061
1951 414
1983 2401
2828 820
2416 992
122 2305
2880 1311
1896 234
1716 1542
463 1383
631 2065
318 466
1577 1253
221 1923
548 661
570 1155
1792 2218
282 1395
253 795
441 1827
2966 1234
2734 1866
2933 786
2315 136
1542 2384
2686 316
2476 14
2765 1799
1580 2795
809 1287
731 1879
2124 1932
901 2715
1985 2527
1443 2105
2115 545
822 406
683 1795
279 1602
2056 1930
777 2023
385 1388
2665 2074
462 1892
940 1861
533 714
2342 719
738 1668
2678 796
1479 2315
2021 2540
1618 2369
2434 1248
596 2463
1721 2169
2193 1668
2544 2433
1291 2885
2007 2393
1677 342
313 2348
2209 1067
137 147
1060 506
749 327
2440 2643
518 117
2755 697
2023 1548
496 1705
2997 1865
2254 2941
1520 2349
2805 1977
2911 1066
1720 1834
826 2861
1837 1543
1327 1345
1371 2465
995 2562
741 1873
2621 1512
2974 1607
2701 689
431 609
2416 695
2197 2219
2820 2290
1037 803
1468 1817
586 2995
1853 1986
1283 9
1406 1269
484 2654
638 348
894 2765
2504 845
2610 2085
770 1524
215 852
2943 2271
1006 555
452 1324
1146 255
2180 254
1413 1444
2166 1845
919 2747
2244 1692
2543 2358
56 1582
546 602
128 330
1831 1333
2380 2544
409 1007
724 787
541 2832
2852 1745
56 1698
2338 427
1992 1767
1397 2099
1059 2481
244 1060
2091 1228
328 458
308 2047
1784 140
2285 1779
322 774
1547 2293
785 2962
1749 1945
15 1724
1485 288
344 1954
1315 35
910 2206
592 1780
2350 110
2309 540
1242 1434
1229 2799
1590 1982
2432 1419
2125 500
1998 2695
1042 1223
544 2258
2287 2405
677 1270
269 1065
270 689
1381 2325
859 1820
854 499
2883 2496
1888 2738
356 87
2369 2566
1844 2444
2843 3
842 291
1118 621
2536 1834
836 2072
601 2729
2516 2837
2571 1463
327 2430
2412 1112
280 1907
2879 1331
1228 947
2592 801
1914 1094
239 573
134 1752
2668 2530
1145 816
1336 1839
1683 2051
2530 1336
1590 913
412 2577
1600 1546
1216 2579
396 1282
862 848
1394 1808
1911 244
1004 911
1670 1493
2248 2615
1413 1667
698 186
1099 1478
2106 2636
1126 872
1816 1145
1445 939
2313 1949
878 1173
773 1833
792 1840
690 491
1413 950
756 269
295 530
52 1265
1067 362
2292 2096
239 308
2356 53
2017 2339
108 221
1910 1857
2668 1931
566 346
1479 1909
2776 1352
1907 228
2439 952
1292 1881
1239 133
2086 2440
1227 2605
465 1944
2953 2914
29 1404
1779 1391
1360 1333
401 758
1628 2803
2677 178
1602 998
1367 2435
1883 1997
1406 2773
1809 1333
2977 1556
968 198
1578 2853
2634 50
904 1700
1318 1431
2966 17
628 564
1530 1429
1259 2955
2510 884
1173 1728
2095 2454
298 1469
2702 2609
2926 1476
2176 2780
40 143
116 1239
2307 99
694 2405
1862 981
1258 144
1228 2099
1061 1826
2622 2335
2115 1301
1327 1736
1630 697
1442 77
11 281
1212 132
794 1678
698 2808
198 292
2742 2053
2624 496
2197 844
2852 173
1836 2896
922 2347
1613 359
978 1401
1303 1110
718 777
2348 2611
2882 1577
2125 753
2035 1082
2815 1277
208 677
2857 1850
528 658
2690 1958
1375 985
1434 726
1884 2736
2558 2732
856 556
2432 208
2091 2745
2447 389
682 2401
1091 366
2152 891
943 1876
19 2814
991 607
2534 830
193 113
696 234
2468 1695
1236 678
868 2509
2136 250
2732 1142
332 2183
2461 821
2446 486
132 1866
286 110
1340 1668
1366 672
902 2148
24 1331
661 1244
1187 817
1660 2684
2298 1919
639 2459
1372 1751
2944 2711
1786 1866
1883 728
862 1670
2825 665
969 535
147 2478
1155 2695
2832 1420
2554 684
2014 848
2169 718
2758 657
596 866
1423 1243
2986 2003
564 395
509 252
1353 1380
2369 2446
2929 1346
706 2279
1321 745
229 2192
1249 2333
378 2562
1248 197
2139 1206
1804 1976
6 547
79 990
2829 22
2413 2168
2286 386
1479 55
1644 769
1527 2540
185 1750
2454 2129
2778 1153
1851 431
616 2810
817 1691
874 1553
1127 2322
1622 460
2970 575
1949 178
2221 1779
2199 2321
622 813
2221 426
2714 1422
736 1630
2481 2203
411 108
972 2318
1664 1712
2160 12
1438 58
2783 1002
1364 2630
1611 2069
236 1402
545 2185
1963 2719
338 1806
1576 2320
1078 1222
29 762
2743 223
2880 914
1460 1423
1051 2353
770 447
1103 776
775 534
2904 461
1453 142
1325 2771
667 1466
1314 1379
2102 697
526 2575
2767 1418
2314 949
2769 2928
2815 2140
511 2827
1731 2015
204 1849
955 517
2107 329
2770 2311
2174 1714
1331 1052
1590 802
1334 254
1856 1527
2327 394
2166 1136
2031 1621
564 2244
2289 2494
1111 230
335 1579
476 2772
1215 1474
1762 2253
300 1565
2903 819
1705 1962
785 749
2927 2751
2946 1399
1640 1196
1552 2777
1609 1762
2591 1710
856 2906
1129 1494
2287 1389
215 225
647 1000
2153 1
1353 2900
2297 1841
177 680
2226 1895
2119 1387
1135 2923
2101 1020
1098 906
524 2976
1256 2918
1616 2692
876 2320
2299 2098
2876 2465
1059 1021
42 2489
1085 1076
349 10
2236 902
1436 190
2620 251
667 857
78 1534
677 2377
2451 1620
432 791
239 12
106 2707
1628 2101
1912 2207
1677 2743
87 1049
2616 1643
276 24
2824 2280
1126 2316
155 1976
2831 715
1334 2693
592 557
850 1918
2956 1000
450 2802
1384 2689
1820 2087
299 587
685 1887
516 1266
1673 194
2914 2306
200 1796
1951 1606
2482 2035
520 2411
2111 854
175 952
123 1955
1940 442
2940 48
1076 2216
318 2618
1290 2337
2559 136
1594 80
2296 1652
715 2333
1289 2033
849 2925
1842 2602
760 1793
2364 428
873 2837
2484 2398
444 799
1222 1983
863 448
2506 1934
769 1275
118 622
1168 557
1601 474
781 2895
939 2438
2285 2362
2232 2148
2965 2910
2406 662
1294 1026
416 1115
2505 1737
1824 1715
705 166
995 410
1300 2186
207 1515
1729 2402
2004 335
1894 2380
1614 2919
6 421
760 2479
2817 2631
2789 2357
1112 2040
340 1027
264 2002
857 859
814 1500
638 1979
2294 888
974 836
348 2273
698 1426
142 2759
1920 54
2438 2359
1446 1604
927 2699
2170 456
741 931
651 1608
133 1588
2707 2550
2523 1663
2631 2197
1243 1819
2934 2690
2374 2644
2119 2484
2370 1760
1509 1357
2599 2603
846 8
347 2436
72 1069
1857 1060
2265 2481
2172 759
2010 828
2417 2808
2680 2170
1047 1397
2153 466
2595 279
230 531
158 1327
2889 2512
1044 159
2999 1013
213 1576
1287 797
723 2626
1568 127
1923 2155
108 2938
2586 1209
1670 1882
692 443
2075 2880
2752 2400
2640 1733
2067 862
1929 1816
2731 1000
614 2636
2208 1933
1517 1407
97 1748
2923 1902
2408 2028
1662 2253
130 2137
611 433
642 2231
2403 953
970 382
2124 879
2474 669
20 1015
1656 1463
2670 1974
209 2644
1586 1948
232 2842
2 2549
2 2080
1 2669 458371331
2 473
1 2186 133454358
2 2281
2 167
1 1041 725055453
1 433 171085267
2 334
2 2033
1 456 700541790
2 1778
1 837 978446334
2 2632
1 1998 30081890
1 1289 441335144
1 2808 700091194
1 1008 333583903
1 2244 760483290
1 2311 837643610
2 2434
2 1837
1 2595 590756093
2 2793
1 2647 584136136
2 2869
2 2375
1 1717 102726816
2 251
1 2826 857038230
1 1981 35057263
2 58
2 319
1 787 878521605
1 1371 876229119
1 1863 435358028
2 1890
2 2409
1 2431 57739196
1 233 247257957
2 1603
1 2892 166811999
1 2420 408976303
2 2712
1 650 612466287
2 1054
1 1746 531479335
2 24
2 1463
2 2156
2 661
1 2346 965582146
1 1703 591421101
2 859
2 1611
1 1410 548061754
2 2772
1 2847 144374025
1 1264 504242744
1 2897 972948835
1 1403 754635928
1 171 509996545
2 468
1 1034 683315751
2 238
1 2486 88920975
1 2074 248421527
1 1047 472214166
2 2042
2 1186
1 296 322236026
2 379
2 673
2 989
2 1148
2 584
1 559 392139137
1 106 796055332
1 459 477894138
2 873
2 2990
2 1423
1 2209 955149113
1 519 490715294
1 1740 655363622
1 1134 548957656
2 2015
1 957 965932471
1 2465 31947920
2 407
1 1606 466930306
1 2150 252503626
2 1884
2 2986
1 2055 113086533
1 716 871296740
1 798 436669681
2 55
2 2108
1 1801 621159092
1 2179 379951309
2 1249
1 1718 725097686
2 416
2 174
2 2188
1 2800 926456435
2 2082
1 1828 392573430
1 292 648749695
2 2680
2 196
1 1510 792577472
1 1472 392722914
1 354 288863138
1 614 724894767
1 2953 390368305
1 2752 574520981
2 1487
1 2059 942465855
2 983
2 197
1 1952 627804770
1 2421 214201877
2 2446
2 1416
1 2614 515905046
1 560 221782621
2 278
1 1175 936237884
2 2468
2 1437
2 1661
1 2470 598454223
1 2208 609580944
2 1103
2 572
1 2858 161035318
2 736
1 1295 575723821
2 1601
2 37
1 145 110744524
2 1321
1 982 430089057
2 2247
2 1800
2 1943
1 1814 177259407
2 1457
1 755 488336460
1 2067 821273492
2 2829
2 1986
1 2238 93799577
2 63
1 2071 893582370
2 2828
1 2049 861478613
1 2263 300375891
1 614 19172707
2 501
1 1287 783120771
2 211
2 1078
2 289
2 55
2 968
1 802 147324443
2 2261
1 1996 923984145
1 2486 871682166
1 2911 255171591
1 1996 481346342
2 855
2 2841
1 702 41122044
1 1404 97174231
2 1225
1 2410 942303980
2 452
1 2311 358872848
1 788 635447804
1 2925 122001268
1 1763 430701337
2 2180
2 593
1 1027 778411865
1 425 720600789
2 2062
1 969 903525186
1 2008 666316933
2 38
1 1306 611128330
2 455
1 2972 792277384
1 840 700159226
2 2011
2 2089
2 2035
2 2648
2 2847
1 1717 541775665
2 1119
2 2085
1 1009 188005873
1 2064 295203542
2 2555
2 2254
2 2927
2 511
2 2768
2 282
1 340 281248333
1 432 597528554
2 1978
1 586 606577179
1 1197 422768339
2 1808
2 2985
2 1179
1 782 111921449
2 2597
2 1651
1 1614 50756926
2 956
1 1354 709481450
2 1119
1 2594 536195694
1 1811 216726368
1 2856 716100980
1 2857 602083697
1 791 772074320
2 2167
2 154
2 938
1 1955 613486753
2 933
1 1022 540666417
1 535 259199493
2 1711
2 1377
1 2457 661175876
1 1584 664780666
1 496 485261590
1 2975 781101707
1 1961 899714262
1 209 96039643
2 2416
1 2005 971364715
1 2379 125123778
1 1482 150852397
2 301
1 821 937484405
2 1629
1 2216 77618846
1 1855 324125843
2 165
1 1683 851850727
2 20
1 1788 833773011
1 801 546447782
1 2451 897186599
2 1281
2 1494
1 318 320219155
1 2755 906982611
1 1712 450509293
1 2753 967456577
2 2358
1 232 345973017
2 1270
1 1560 195354924
2 1337
1 2063 796207852
1 1874 901485392
2 1238
1 1680 269477001
1 2711 538999680
2 74
2 767
2 1850
2 2234
1 1589 399683246
1 1527 340735482
2 745
1 873 992244255
2 544
1 2632 681676419
2 444
1 1711 74248554
1 211 294875346
1 2743 477122539
1 1965 325537037
2 803
1 2843 912359980
2 2565
2 2546
1 2120 856539606
1 2880 557326536
2 1288
2 1774
1 2151 526052944
1 1358 60894082
2 2585
2 1783
2 746
2 2367
2 2309
1 2064 17706760
2 2464
1 1597 41694578
1 174 451712543
2 1678
2 1526
1 2642 923039635
2 2938
2 2636
1 2714 331547845
1 218 901974183
1 2177 644636108
1 818 654137097
1 72 279862067
1 2429 781424062
2 570
1 2184 597423699
2 2231
1 975 725662732
1 2676 577155787
2 1381
1 2938 889601359
1 2754 380520551
1 2758 491655912
1 2764 31100866
1 2746 295212694
1 593 375221963
2 2658
2 812
1 808 534395566
2 2581
1 2604 969206145
1 2213 77364423
1 1334 104865552
1 2963 149911633
2 118
1 1584 109253827
2 598
1 2137 122860188
1 2453 897964916
1 558 245561851
2 607
1 2254 157815878
2 387
1 581 609300509
1 1116 502568963
2 2713
2 453
2 2721
2 726
2 1958
1 716 241565747
1 318 649293896
2 528
1 2255 786423690
1 2358 561053039
1 385 514398879
2 2577
1 1055 716763505
1 1740 398816807
1 1862 995444606
1 2523 204343625
1 1214 910951434
1 507 983875359
2 1753
2 2040
2 1922
1 2582 621075487
1 2856 918547003
2 2362
1 2179 306255498
2 504
1 853 557414280
2 1592
1 948 917437602
1 1637 719247726
2 2479
1 2166 903972505
2 1263
1 2360 839535073
1 168 542347649
2 2755
2 263
2 2955
1 342 160954228
1 1042 406206628
2 893
1 2805 378954777
2 539
1 2716 434683211
1 2470 628268082
1 1053 408157338
2 567
2 1227
1 2 196422961
1 1043 139500559
1 2612 626508549
1 2270 465680536
1 596 416787186
2 2645
1 2239 762973900
2 2674
2 1070
2 428
1 1163 568059781
2 2149
1 2701 365004410
2 1246
1 1463 801554206
2 1635
1 2959 366636668
1 2755 96783938
2 829
1 2003 945390701
1 2466 88463029
2 1612
1 675 758576409
1 2929 869456384
2 2462
2 1564
1 1724 413162570
2 2259
1 1808 953109456
1 2416 903067400
1 743 447105784
2 2422
2 759
2 714
2 2132
1 945 768233786
1 2009 30477364
2 1894
1 620 468639541
2 846
1 1501 304295441
2 1055
1 2879 586002099
2 1855
1 87 204116622
1 137 117672824
2 1469
1 2773 200812568
2 1554
2 1959
1 313 241130800
2 352
1 1456 59150790
1 1100 337863593
2 607
2 2651
1 929 17534350
1 988 995272914
1 2396 644606616
1 2791 465899321
2 884
2 2450
2 412
2 190
1 2959 713326427
2 1426
1 2899 488196932
1 1448 311553050
1 1687 488788420
2 2742
1 863 220993590
1 1063 84417091
2 2357
2 539
2 2010
1 1284 506390138
2 181
2 827
2 2978
2 2514
1 2463 487418314
2 2835
1 2707 180629784
1 345 631653981
2 2543
2 836
2 33
2 1714
1 1031 569666626
1 2940 381014114
2 105
1 663 903215110
2 1786
2 2301
2 472
1 1498 903822515
2 1025
1 1162 274769484
1 888 467440260
1 707 350894584
2 2424
2 327
2 1720
2 748
1 727 72729642
1 2536 687302155
2 2282
1 2015 527215861
1 428 76798058
2 2286
1 477 567302398
2 413
2 2710
2 1551
1 579 63198048
2 1694
1 2977 668481965
1 37 589015254
1 906 479262298
2 965
2 550
2 1381
2 621
2 427
1 1754 321518931
1 1687 896237485
2 1042
1 778 853687181
2 1589
2 2467
1 1147 202884996
2 578
1 1219 692454599
2 2056
1 2431 435811073
1 2046 684365424
1 1092 479799244
1 1788 381281814
1 1961 169498333
2 1589
2 2733
2 801
2 1006
2 267
2 527
2 172
1 793 287460041
2 1567
2 117
1 1990 477593020
2 136
2 789
2 1784
2 1413
2 583
1 2396 173089546
1 2829 593775586
2 19
2 2570
2 567
2 123
2 2355
1 2117 941469445
2 813
1 912 861237690
1 2441 797697558
2 2901
2 1795
1 2179 141977811
2 2881
1 2302 864071756
1 191 902768247
1 1617 283302968
2 2924
2 2565
2 2918
2 35
1 1241 360205272
1 1630 957807121
1 2877 373683815
1 2892 663104069
1 72 105830188
2 181
1 2025 841975736
2 1549
2 2470
1 607 860299377
1 2576 226015425
2 1994
2 2174
1 1288 315750312
2 1455
2 2148
2 1156
2 2028
1 853 622428423
2 2768
2 602
2 2921
2 309
1 1692 954576382
2 2350
2 1009
1 2278 891167486
1 1815 839721145
1 472 281882622
2 2171
2 492
2 720
2 198
2 1985
1 631 44647079
1 1844 253808947
1 2561 257180134
1 2849 753674452
2 497
2 803
1 2231 320512377
1 677 252231888
2 721
2 889
1 2714 956668191
1 2717 958693675
1 2980 240136833
2 2183
1 2781 94602909
2 682
2 2537
2 1201
1 396 703697595
2 1883
2 2523
1 1128 435794958
1 779 876839110
2 355
1 97 415345075
1 2488 982921206
1 667 415553550
1 2767 687630663
2 1440
2 529
1 1675 666138983
2 434
2 2805
1 391 903853454
1 1075 848686250
1 1354 554645187
1 1861 814134897
2 36
1 1401 91191348
2 970
2 615
2 1787
1 1829 236940388
2 928
1 2782 441367412
1 68 553525439
2 2095
1 1711 736202248
2 2810
2 213
1 718 683040077
1 420 774831803
2 1701
2 550
1 2512 914374746
2 395
1 833 201426773
1 1074 943704752
2 1455
2 2841
1 2799 681518456
1 2619 1171867
2 824
1 2169 161899693
2 1791
1 2500 157340692
2 77
1 602 193218858
2 1229
1 1583 675081045
2 2850
1 469 68801918
2 1936
2 2438
1 2809 792165795
1 225 232414505
2 1611
1 2100 349932092
2 1264
1 881 783843081
1 702 578933767
1 748 886098436
2 384
2 2107
1 2444 223076486
1 238 464220121
1 1566 74602801
2 1201
1 2748 469647015
1 1351 115597734
2 2572
1 1809 878225181
2 2219
2 839
2 2246
1 2815 333694198
1 1670 319320733
2 20
1 647 303140690
1 2863 756425
2 1010
2 1148
1 2396 87178001
1 2062 376797518
1 1590 69867821
1 132 818735316
2 2334
1 1169 383490852
1 2781 794173133
2 2822
1 162 226202905
2 1658
1 2535 295152089
1 764 635551478
2 98
2 320
1 567 185850125
2 2336
1 1428 381920778
1 733 289244808
1 2724 258527846
2 1766
1 1000 627364571
1 2616 793988116
1 74 62286503
1 1270 716910637
1 1684 471398999
2 1123
2 2601
2 309
2 898
2 1404
2 2323
1 2715 466189437
2 2982
2 149
2 1296
1 1380 560053836
2 2474
2 766
1 339 907468466
2 2058
2 1132
2 1505
1 652 628553385
2 2287
2 2101
1 2315 865208773
2 2438
1 1269 918439990
1 1962 73894821
1 1280 505397464
2 424
1 711 159208775
1 2805 706961364
1 2853 15676436
1 2095 687681800
1 327 883877108
1 2635 341003489
2 2533
1 2680 420923501
1 1505 779099186
1 2349 716561699
1 1462 620402352
2 2392
1 2373 11991960
2 2544
2 2691
2 422
2 423
1 1063 47663294
2 298
2 2717
1 2976 301168748
1 1119 633970524
2 2790
2 2557
1 1868 390476989
1 2944 576391353
2 533
2 777
1 2180 287598075
2 137
2 2104
1 2505 782111280
2 1291
1 834 649088359
1 2496 647650268
1 343 309600495
2 1283
2 2257
2 2813
1 2587 731306530
1 311 552429290
2 2288
2 2439
2 2361
1 745 441326263
2 1155
2 719
2 344
2 1460
2 932
2 1309
2 1076
1 2744 321758265
2 2825
2 2194
1 1099 806025796
2 2523
2 1627
1 1516 405865221
1 1409 224273704
1 733 732070180
1 2087 446403618
2 1399
2 1493
1 2393 223981784
1 1095 587014741
1 1761 198115372
1 468 106667292
2 512
2 2232
2 1700
1 2003 607367350
2 1040
2 1859
1 190 943946360
1 903 746472369
1 1951 166935706
2 2358
1 2313 965037871
1 1391 922537596
1 307 193343582
2 34
1 389 167342883
2 1134
1 1091 306758012
2 1884
2 843
1 645 915043983
2 1397
2 2903
1 458 409691049
1 1485 710421640
1 1744 547969137
2 798
1 2213 360537962
2 1886
1 2393 988421692
2 517
2 2145
1 20 490253392
2 1256
1 1839 848096683
1 553 255643082
1 1359 720320232
2 2178
2 2710
1 2499 290507632
1 641 201132484
1 2151 536882689
2 2737
1 498 785295120
1 2770 247662964
1 2108 910572744
1 2119 582593190
1 1676 134576872
1 101 104105288
1 1208 748947186
2 527
1 2131 793644183
1 1043 828400856
2 2632
2 546
2 263
1 1253 908503934
1 341 786598050
2 1022
1 904 807818747
2 1875
1 2947 225243227
2 466
2 2278
2 2634
1 2594 790111965
2 1150
2 2644
1 2695 88542072
2 743
1 2802 114963007
1 998 98346017
1 1711 921777614
1 1914 794932652
1 1516 547516127
2 1288
2 2769
1 2671 637253453
1 2429 370313917
2 1713
1 2417 661840493
2 1823
2 1155
2 1530
2 1453
2 2646
1 174 315412682
2 1617
1 561 758353099
2 2693
2 781
1 634 220173564
2 1349
1 984 492609015
1 464 825615546
1 843 911360974
2 1779
1 903 611182537
1 670 579100419
1 2981 442640000
2 1420
2 1606
1 622 224179488
1 784 956233034
2 2674
2 2263
2 88
1 349 813959363
1 1029 975689165
1 1597 320524463
1 811 39933646
2 724
1 416 460603513
1 1009 796851067
2 2950
1 2382 569807134
2 2635
2 2095
1 2202 33959128
2 1994
1 74 890116398
1 1479 993752242
2 1941
1 522 490431790
2 1538
2 599
1 375 693740177
1 77 281936319
1 2729 464632209
2 1261
1 757 449109754
2 2653
2 2268
2 840
2 267
1 1744 58847659
1 1560 966033092
1 2686 990265040
1 516 921385952
1 1968 857252884
1 2565 784660656
2 669
2 146
1 1645 359928230
1 68 681924138
2 1684
1 138 247291868
2 1425
2 1598
1 633 470913336
1 1119 296371408
1 729 395683116
2 1438
2 540
2 1717
2 104
2 2012
2 2448
2 509
2 1885
1 962 333339741
2 1134
2 2957
2 1978
1 193 139420894
1 2939 218721242
1 2463 189716032
2 942
1 1483 722060592
2 1807
2 1672
2 2578
2 1937
1 959 705074439
2 1168
1 1325 502194060
1 1468 558048322
1 802 244761046
2 1831
2 666
2 1213
2 1830
1 1324 149844851
2 2406
1 207 788735542
1 2986 429086546
2 1253
1 1349 132136993
1 394 750855490
1 987 781689651
2 2732
2 2124
2 2953
1 177 610209289
1 934 468720959
2 535
1 2082 793075304
2 2697
2 4
1 746 838922518
1 1915 610024082
2 1979
2 780
2 1010
2 1705
2 1716
1 663 542655584
1 507 978641370
2 1720
1 907 288656273
1 2427 363117380
2 1409
2 2864
1 1325 842033091
1 640 762974079
1 2514 148000000
2 2517
1 1539 411936057
1 2157 408693758
2 2592
2 1732
2 1161
2 1395
2 217
2 2035
1 1431 170891207
1 1054 936958733
2 129
2 384
1 1089 372951777
2 153
2 2365
2 1966
2 1681
2 1353
2 2696
2 2805
1 2866 737139665
2 294
1 2591 606813008
1 105 900060324
1 669 124624385
2 2504
2 2335
1 208 595201642
2 1758
2 486
2 1428
2 814
1 1926 255568516
2 254
1 105 521285846
1 2003 280428684
2 768
2 978
2 1253
2 242
1 1966 243487129
1 1887 854552141
2 2554
2 857
1 2908 569952743
2 910
1 1870 938399842
2 2598
2 2169
2 229
1 1004 613796862
1 2870 48483271
2 1163
2 438
1 1858 953780910
2 638
1 386 162849765
2 1500
1 962 113072627
2 724
2 2474
1 251 800167639
1 388 877668404
1 2492 802322858
1 1315 273879539
1 2703 636007908
2 1304
1 1598 668113398
1 50 525755086
1 177 540203851
1 1398 345937584
2 2836
1 872 404181055
2 2352
1 2072 734417834
2 2607
2 1352
2 2860
1 189 439726108
1 1634 196629503
2 2020
2 2075
1 150 478504289
1 915 723788849
2 2366
1 1549 522632893
2 1882
1 1799 150704032
1 737 683796990
2 1834
1 2836 152811704
1 460 801289442
1 2552 883348879
2 129
1 82 300774643
1 774 464071762
1 795 327480902
1 344 145788698
2 598
2 1925
1 1287 80683471
1 2305 126316799
2 2350
1 876 93540090
1 2332 47687289
1 2729 688490020
1 678 958833911
2 937
2 2559
2 898
1 1874 436380559
2 562
2 1536
1 1016 686066714
2 1999
2 2652
2 2612
1 1765 656574374
1 2617 857452067
1 2268 89337079
1 1298 879115018
2 2799
2 188
2 256
1 2880 441366892
2 503
1 14 332334281
1 2180 160617809
2 781
2 1506
2 1658
2 2704
1 1797 343884877
2 2321
1 2388 181753149
1 2999 855613869
2 2547
2 1675
2 457
1 536 487375579
1 936 904144387
1 632 48151703
1 662 401593210
1 70 407746605
1 1647 167344756
1 133 725239771
1 2350 772254743
1 1242 708966255
2 2636
1 1813 676313226
2 935
1 997 708263220
2 2798
2 2925
2 2059
2 1465
2 578
1 997 868180792
1 2145 14980728
2 31
2 2665
2 2387
2 2196
1 464 279466571
2 1990
2 793
2 1393
2 1639
1 2667 460568235
2 1397
2 2867
2 2202
1 1300 318640698
1 2038 936442964
1 2864 370080413
1 1487 15831317
2 2736
1 1955 677449535
1 1091 290964715
1 1779 110391235
1 349 768860567
2 934
1 490 761991737
1 163 973744920
1 1899 462791424
1 1243 871516464
1 1824 616750217
2 1997
2 2582
1 1443 42888578
2 66
1 974 454505809
2 2727
2 2101
1 1524 589680167
1 1292 655685358
2 305
1 1578 942870712
2 2003
2 1794
2 2798
2 1383
1 2354 272619168
1 1945 934797943
2 1017
2 2229
2 312
1 300 289299507
1 2844 465341476
2 1241
2 270
2 1057
2 2522
2 598
1 772 591000160
1 1197 32869729
1 1699 32865130
2 97
1 723 360813775
2 1806
1 261 345141579
1 810 589252214
2 1033
2 57
1 391 740946303
1 335 494384265
2 1890
2 2012
1 1527 171054640
1 1579 352023893
1 1108 807189103
1 2347 802725481
1 1419 25284654
2 2273
1 425 22057710
2 1229
1 81 769867372
2 1371
2 694
1 853 202296903
1 897 878819714
1 368 287842797
2 2552
2 2836
1 1160 522643756
1 1351 813882513
1 852 491663088
2 851
2 566
1 2447 869553083
1 1260 912136917
1 1660 889803567
2 1190
2 2737
1 1407 812552727
1 160 522299818
1 378 417740167
2 2138
1 1519 730377791
1 1248 153095296
2 2478
1 1068 2669708
1 579 849196219
1 2887 319637684
1 1970 346260878
2 1419
1 1365 621720156
2 2940
2 2155
1 1474 259339848
2 683
1 2147 37158418
2 1553
1 1382 233235640
2 248
2 1570
2 417
2 2136
1 410 550289064
1 1806 121750056
2 986
2 1750
1 2419 934240604
1 1405 659616288
2 913
2 768
1 531 434133671
2 2980
2 2919
1 2109 718057806
2 1250
2 537
2 1056
1 1149 343645469
2 1456
1 104 393940293
1 596 452556034
1 2566 731976800
2 2072
1 2624 412379651
1 1464 967926096
1 1682 978597294
1 1702 84620380
2 1148
2 932
1 1125 209276453
1 1150 97822940
2 445
2 2628
2 66
1 1630 513105480
2 181
2 361
2 2061
1 2761 178314530
2 1795
1 1959 584858457
1 2703 707597009
2 1645
2 2196
1 991 112836741
2 2040
1 1436 595921689
1 2214 590625483
1 612 963665009
2 1294
2 1340
1 2165 296866013
1 640 329222474
1 1937 392097892
2 1736
1 1416 395794457
1 726 660994404
1 705 736328798
2 1335
1 2042 11429322
1 872 413786807
2 476
1 2075 830120385
1 436 247742078
1 1033 328428127
1 1555 786025317
2 1577
1 560 970027911
2 2794
2 1508
2 2901
1 1957 453488252
1 1271 573534155
1 1423 308206062
2 2901
2 16
1 520 867143931
1 379 607625756
1 1819 2025134
1 2239 141763285
1 314 386720852
2 2712
1 2718 255781328
2 30
2 1526
2 628
1 512 246294761
2 2388
1 1839 898835685
2 441
2 2687
2 1268
1 1439 341626023
2 1596
1 661 403169718
2 1799
1 960 449080488
1 2253 707215136
1 1434 448238658
1 199 350783760
1 29 254503368
2 779
1 975 873424753
1 1715 464924007
1 1809 276058890
2 503
2 2100
2 2920
2 1532
1 2302 42052327
1 745 547749043
1 2564 431714766
1 99 984133556
1 1834 124907631
2 366
2 1979
2 1902
2 1896
2 973
2 1252
1 1170 22593682
2 2681
2 1476
1 1691 458466140
2 1896
1 2515 408972729
1 2086 654401404
1 1710 649152160
2 266
1 2095 511013077
2 1049
1 2914 596741503
2 410
1 491 45061367
2 1952
2 982
1 1893 259376085
2 191
2 2704
1 1037 750628654
2 1074
1 2450 811470067
1 437 713261032
1 158 522734197
2 1262
1 956 232795625
1 1292 114934066
1 1317 995704137
1 2937 357737628
1 2196 149570847
1 593 523951272
1 1785 320403857
2 1040
1 697 304982445
1 976 901228447
1 461 352085750
1 1067 407115347
2 2075
1 2781 760466897
2 754
2 2502
2 418
1 1727 371765468
1 474 727570325
1 1738 196400898
1 283 396846356
2 943
2 2757
2 2083
2 312
1 1987 353258595
1 709 609078475
1 2770 921804084
1 1294 676537602
2 1335
2 1460
2 1531
2 2479
1 961 469515247
1 299 925107322
2 2462
1 1040 513454445
1 1466 88639640
2 34
2 1687
2 2562
1 1882 698124157
2 620
2 8
2 931
2 115
2 2626
1 564 346953135
2 2876
1 2347 582435653
1 1630 531253265
2 2020
2 131
1 1300 959262984
2 1344
1 2172 845344015
2 2920
1 2221 985082820
2 762
1 1005 916039867
2 2666
1 1040 831389412
1 1422 330831310
1 914 409065020
2 1842
1 748 473880501
2 1725
2 1973
1 428 459713452
1 2675 364168936
1 2103 280228621
1 2753 978362913
1 187 995448681
2 1771
2 1608
2 2976
1 1219 22255617
1 1159 122514733
2 2142
2 2757
1 1455 492881746
1 1924 480463383
2 2478
2 1736
1 2915 80133315
1 39 744840720
1 591 228912003
2 511
2 2905
2 2948
1 508 9925768
2 26
2 1423
2 2583
2 932
2 716
2 501
1 189 816510787
2 411
1 1630 878839908
1 1760 311827102
1 1305 796915288
1 2912 834543256
1 2110 904469503
1 1620 743238039
1 2289 229776928
1 2151 930869257
1 130 332411028
1 1588 49834205
2 888
2 863
1 2871 746908160
2 986
1 141 68029969
1 451 523211579
1 2079 213586113
1 1508 229890006
1 576 158398360
2 2211
1 1492 53922683
1 194 97213846
1 2138 922853264
1 961 752276008
2 1913
1 419 639495868
1 2124 50383265
1 303 447512800
2 1928
2 2576
1 308 973214041
2 710
1 650 979837306
2 669
1 94 127860137
1 454 350831362
2 940
1 2821 138626639
1 2374 872815206
1 1587 704024316
1 2190 511186397
1 421 661610588
1 1865 726609866
2 1339
1 988 178834611
2 2277
2 2643
2 2564
1 1248 127621609
2 2261
2 2352
2 10
1 1628 276731715
2 2380
1 830 269337978
2 1675
2 330
2 2168
2 743
2 1549
2 2310
1 2899 227768535
1 2890 763230391
2 637
2 376
1 2242 605714841
2 2384
1 2792 192973578
2 1133
1 2399 941103185
2 841
2 2251
2 1796
1 2438 741315389
1 39 400334385
1 1348 24543835
2 620
1 1297 516106908
2 1992
1 2017 494759167
2 1003
2 2334
2 1470
2 2982
1 2150 552331031
1 22 157588682
1 912 215110077
2 337
1 453 519970495
2 101
2 177
2 529
1 630 610104297
1 2551 593597487
2 694
1 2256 887411979
2 1896
2 2568
2 2938
1 2142 535261552
2 2967
1 944 345149022
2 1339
1 1887 393476421
2 1181
2 895
1 1780 302557097
2 98
2 765
1 1261 592921385
1 2835 587307120
1 1586 928807610
2 2792
2 2575
1 1202 475877555
1 1999 425050499
1 2762 43628472
2 631
1 2385 719249688
1 1444 377743117
1 2595 170517755
2 1139
2 568
2 656
2 601
2 2483
1 2296 122868813
2 71
1 1554 414583990
1 5 375930973
1 425 17115740
2 2656
2 1701
2 1635
2 362
1 2871 609730074
1 2896 446302674
1 545 534578214
1 1543 744649456
1 2171 454117729
1 2785 493164022
1 2937 611976112
2 148
1 143 780177243
1 495 425979291
1 2497 274159577
1 2189 239312317
1 1739 769336542
1 400 532941797
2 2426
1 232 43990603
1 2610 394725510
2 1787
2 2905
2 1479
2 2971
2 2533
2 567
1 2008 524552196
1 1011 206726270
2 159
2 2515
1 1982 176484014
2 1919
2 1684
2 797
1 1288 106123953
2 2212
2 1229
2 2363
1 2736 516283592
2 1481
1 623 842103962
2 997
2 2092
1 2825 702773666
2 1617
1 139 654870919
2 1430
1 2756 758790264
2 968
2 2228
1 173 665977878
2 1485
1 2470 802658655
2 959
1 435 396316166
1 91 40815543
1 2268 260956706
1 2572 683865300
2 1063
2 1715
1 214 326352472
2 2737
2 1186
1 2106 281853528
1 1982 986378707
1 727 93344833
1 1612 978612049
2 1365
1 1989 766655498
1 1861 913609111
2 2783
2 1339
2 2743
2 2890
1 2185 890212922
1 295 847897680
1 653 576521153
2 2253
2 2077
1 793 916118288
1 1835 749842915
2 2039
2 2792
1 932 374795194
1 1378 570342663
2 141
2 2685
1 935 610732652
2 662
1 1792 824198421
2 267
1 863 880060426
2 2639
2 2895
2 2212
1 849 369490872
2 673
1 1098 579886070
2 727
2 1018
1 486 929684397
1 2095 498500772
1 2997 848238376
2 681
1 457 175876535
1 2319 764392612
1 2013 527425358
2 1969
1 379 38556515
2 1343
2 1194
1 2258 934312295
2 720
1 2514 505303857
1 1473 335507573
2 2383
2 945
1 2587 319456531
1 2926 942523942
2 1552
1 1353 697487627
1 1141 731852273
2 1343
1 679 78811833
2 2562
2 1630
2 789
2 709
1 2912 702170406
2 957
1 1088 417448312
2 1852
2 2010
1 2098 183076242
2 457
2 2380
2 2054
2 1356
1 879 725195145
1 120 616081375
1 988 516125625
1 810 345833216
2 1877
2 3000
1 240 728355603
1 2981 513203294
2 737
1 439 46624328
2 1898
2 394
2 2421
2 932
2 2631
1 2907 482768934
2 544
1 2324 702473134
2 2872
1 2036 278118453
1 307 136925623
2 1964
1 2744 46999890
2 1057
2 934
1 1585 165969717
2 2424
1 2716 365566755
1 715 956553417
2 18
2 2469
2 2425
2 1032
2 435
1 2902 491491203
1 2917 192932215
2 2175
1 2978 778460750
2 889
2 200
2 1367
1 2635 846338672
2 1469
1 977 111978852
1 595 409296647
1 1037 798785827
2 2415
2 1584
1 1623 361467347
1 1197 329861546
2 2792
2 2139
1 824 553041322
2 2024
2 1283
2 604
2 1636
2 2651
2 193
1 2671 969802262
1 2596 732939442
1 1053 556613576
2 22
1 2207 345532003
1 2767 399441018
1 2906 222832134
1 2819 748126081
2 2872
1 2519 776530299
2 1816
2 1757
2 2964
1 2276 136836154
1 683 412148782
1 2563 420097427
1 32 900070352
1 1526 60574624
1 1098 219796498
2 1602
2 1614
1 1517 796044411
2 1730
2 1082
1 819 438518648
2 2803
2 1008
2 888
2 560
2 2127
1 2017 366550754
1 1451 928113122
2 2067
1 1402 401181099
2 1524
2 1210
1 1469 73766338
1 1724 185541807
1 2901 922502131
2 979
1 2291 470318300
2 1053
1 2642 100009774
2 2363
1 256 340267106
1 2230 186180951
1 799 97464899
1 1035 994238961
2 2600
1 944 754415786
1 1460 738734063
2 606
1 2156 254193764
1 2281 646920684
1 2915 205729716
1 1110 576934181
2 1114
1 277 443645552
1 877 136237401
1 783 926124768
1 1556 668394075
2 1457
2 2020
2 2664
1 718 67406115
1 2415 64085620
1 1200 343973298
2 2135
1 2291 246014748
1 2023 220864268
1 956 623185606
2 2748
1 919 335774538
1 1490 240476690
1 752 809809788
1 2643 576414469
1 1588 76892088
2 1471
2 2296
2 2749
2 287
1 1240 455278307
1 1657 792618874
2 1989
1 2218 528824194
2 564
2 17
2 957
2 162
2 2660
2 1925
1 1424 658006589
2 2048
2 2425
2 2419
1 1015 977862165
2 458
1 1690 96546254
2 112
2 2191
1 2577 717230895
2 2632
1 448 865129280
1 2336 672244790
2 2779
1 349 283727966
1 331 638859272
1 1950 385920224
1 2808 655827192
2 2462
2 2956
1 2449 548828825
1 503 360159522
2 2566
2 611
1 1134 549198701
2 1841
1 1916 160739367
1 2811 52532951
1 1430 820612107
1 1818 242172150
2 2218
1 1154 110026913
2 2476
1 1685 898241548
1 2071 159178549
2 2197
2 2009
1 1454 993509048
2 2788
2 2068
1 385 929603734
2 2920
2 1928
1 1032 764869664
1 2510 431177349
1 2231 607615837
2 2846
1 2178 390003090
2 2482
1 301 977434850
1 267 567000255
1 374 646578182
1 2591 210928739
1 1287 186661911
1 2563 218119655
2 2537
2 473
2 519
1 2011 611677808
2 1049
1 1913 744790268
1 314 999331417
2 2102
2 787
1 882 124411067
2 714
2 1107
2 1013
1 1213 213614170
1 1579 598587351
1 1891 660263218
1 2308 240948444
2 2414
1 239 297953413
2 1694
2 916
2 1534
2 1627
2 2717
2 518
1 2145 494209659
1 1010 519141431
2 1639
1 299 562369780
2 1296
2 2432
2 2222
1 1596 711312817
1 1719 546723354
2 1206
1 1952 811279490
2 2723
2 910
2 1507
2 2881
2 177
2 1098
2 15
1 646 850617056
2 2936
1 2818 561620259
2 1927
2 849
2 2592
1 2765 900125295
2 1558
2 306
1 1501 203368978
2 33
1 1784 382911161
2 1258
2 1221
1 1979 302155195
2 2919
1 1648 180363154
2 1012
2 907
1 2257 723349320
1 2543 773342892
2 1458
2 1583
2 590
1 884 732914460
2 1738
2 2654
2 2628
2 2753
1 2130 57127344
1 76 107368427
2 2404
2 1775
1 992 61569278
1 2243 459508400
1 164 128513658
1 814 707006935
2 1209
1 1478 683535078
1 1349 21293508
2 733
2 530
2 925
1 2589 821014723
1 1454 904597263
1 1569 5462438
2 2854
1 2845 389273119
2 1560
2 1274
2 225
2 370
2 1102
2 189
2 2785
1 2373 533049508
2 2277
2 2213
2 1847
1 53 929490354
1 2880 482639305
1 1536 829803419
1 1049 321556261
2 2961
2 814
1 2148 171674251
1 2381 975072193
1 2017 430066559
1 808 138691394
1 2190 366877382
1 609 675288249
1 2205 280287419
1 2029 266080391
1 1651 969161373
2 204
1 2066 151952734
2 2704
2 1921
2 196
2 810
2 271
2 1236
1 1128 421928824
1 2011 234789506
2 1772
2 2292
2 973
1 141 24868768
1 1325 438056681
1 2436 525775196
1 148 39902093
2 94
1 397 254876447
2 2307
1 2944 258306508
2 991
2 1659
2 44
2 1154
1 934 915687078
1 2121 941426621
1 1487 878634373
1 678 616177321
1 2045 818244332
2 1964
1 48 572590781
1 789 531983457
1 568 660194636
2 2544
2 717
2 1916
1 312 970851504
2 2931
2 2091
1 1130 650245111
1 1516 173264003
2 2719
2 223
2 2892
2 2733
2 115
2 2175
1 2802 548058275
1 1863 262495934
1 2721 121336980
2 9
1 2017 243137183
2 2165
2 199
2 1376
1 2025 653466993
2 2828
1 2208 831912969
1 2221 554816916
1 974 619839861
1 509 809520919
1 1153 563068316
1 2345 247553474
2 1561
1 2869 190290252
2 1199
1 582 206743466
2 2238
1 982 656006231
2 366
2 2325
2 974
1 262 606045125
2 2057
2 87
2 93
1 2789 781405990
1 2791 615654359
1 2719 825004951
2 75
1 1281 110543759
2 1266
1 1228 138497173
2 1140
1 2164 381421335
2 217
1 1825 228753400
2 938
1 1114 802144348
1 1021 361638628
2 2054
2 1640
1 2525 480522749
2 2277
1 1095 176817261
1 1847 455050087
2 1859
1 2052 198705604
1 1395 37718824
1 1035 371182706
1 245 729101289
1 2031 41014700
1 164 275925145
1 2444 974068963
1 968 258056458
1 410 948523556
2 611
1 2616 665564615
1 1894 234439473
1 2234 265765978
2 947
2 1133
1 2571 723361170
1 2754 452053727
2 1050
2 1450
2 850
1 1 123745065
1 462 815165919
1 293 371281457
1 880 945829482
2 480
1 1244 541812378
2 1900
2 1030
2 1399
1 985 129931647
2 223
1 1841 214465667
1 1287 493515794
1 1988 420760996
2 1617
1 252 576950310
2 1470
2 2919
1 2533 655074000
2 866
2 2160
1 2155 528880217
2 2037
1 2038 522057494
2 1083
1 451 780266
1 2322 72509281
1 1853 490740616
1 872 116684598
1 2582 46674365
1 1498 661584800
2 57
1 751 929063941
1 2247 408156859
2 387
2 2886
1 1738 882709837
1 327 58017043
1 2938 780223618
1 39 461528310
2 255
2 215
2 2281
2 2464
1 1552 684634145
2 1081
1 1642 599125201
2 330
1 2756 386195732
1 414 145845890
2 1504
2 797
1 1085 15394893
2 1887
1 2141 770546233
1 511 553695125
2 2314
1 2223 959589630
1 1874 918131017
1 808 39175216
1 821 557890732
1 1165 830105887
1 972 833184932
1 128 666450660
1 852 463110232
2 1373
2 411
2 2389
2 618
1 1317 432025050
1 2787 660158014
2 1472
2 2709
1 1194 550288342
2 1685
1 22 273350403
1 687 213115567
1 1458 813129879
2 326
2 2106
2 848
1 970 910470968
2 397
1 1591 855555686
2 400
1 1440 573768727
2 590
1 1248 445477231
1 559 294494486
1 248 25717847
1 611 492044613
1 2363 849879114
2 1711
1 2097 590519646
2 2472
1 671 833982354
2 1567
2 494
2 957
2 1852
1 424 625122550
2 408
2 1198
1 2561 707428313
2 2369
2 2889
2 2508
1 189 890055838
1 541 755443326
1 720 616232589
2 491
1 2801 897557080
1 1514 781028316
2 1210
2 1652
1 2114 238786356
1 1721 541163318
1 765 294228411
2 2858
1 1938 74631010
1 1827 531612730
2 2549
1 703 20526613
2 718
2 360
1 1225 160224572
2 479
1 2887 773186442
2 2392
1 2164 986377878
2 2833
1 1971 239263096
1 2420 331051491
2 2175
2 2123
1 1795 290514338
1 1212 566418595
2 2812
2 2165
1 1684 488852172
2 1705
1 2914 472019075
2 571
2 681
1 2162 655497060
2 1054
2 861
2 2013
1 793 716607699
1 2526 742218638
2 2265
2 2508
2 2925
2 2366
1 581 893215865
1 33 571298261
1 1887 207490896
1 1261 952206712
2 2416
1 1631 317897612
1 1215 120943014
2 1982
1 1208 111072092
1 26 118357169
1 2607 448766944
1 2570 369864069
2 427
1 813 218882725
2 2461
1 723 1104662
2 1384
1 988 875757132
1 27 529954524
2 384
2 877
2 433
1 2472 519017989
2 2998
1 609 321726733
2 2737
1 1383 925692640
1 2059 764227151
2 1809
1 2766 121632408
1 1309 371673436
1 2139 87105417
2 382
2 2549
2 1221
2 429
2 2027
2 2095
1 1421 507927387
1 2581 416751031
2 1953
2 2026
1 616 639913901
2 953
2 1212
1 215 462083490
1 2020 842107453
1 2934 745866317
1 566 527446346
1 803 476934622
2 204
2 955
2 1673
2 2873
1 2365 472606334
1 2467 893762030
2 2447
2 1093
1 723 820249630
1 29 439894206
2 2476
2 144
2 2523
2 1509
1 2992 136508159
2 2536
1 728 807769375
2 698
2 176
1 543 846827184
2 1265
1 1552 416281113
2 2236
1 2634 69646987
1 2679 455032843
2 789
1 192 548716310
1 609 660083546
1 1754 940224518
1 1814 476806443
2 1525
2 531
2 1907
2 1210
1 64 572017428
1 2593 124619627
2 2424
2 2395
1 2736 352078398
2 1105
2 2317
1 1027 263092635
1 1097 563405106
2 2274
2 904
1 2491 640770420
2 1445
2 2100
1 1186 672383767
1 2123 944493027
1 232 325234012
2 2344
2 75
1 2150 961936050
2 130
2 2938
2 157
1 2349 578946800
1 1671 546845629
2 684
2 2533
2 2210
2 959
1 2139 892772921
1 704 548908171
2 1157
1 1328 726852799
2 130
2 26
2 2793
2 2330
2 781
1 910 856210218
2 477
2 2993
2 2821
2 1227
1 1293 505305651
1 916 481397974
2 1633
1 2802 886400367
1 2376 7281432
2 610
1 2304 843144445
1 716 447170251
1 90 802939456
1 2049 565922533
2 890
1 1736 396666231
1 1577 290084570
2 1015
1 1095 381759480
2 2271
2 2274
1 1708 330657476
2 1524
1 91 742157212
2 2628
1 1884 55157815
2 1507
1 161 582847099
2 1058
2 2471
1 73 843566903
2 2613
1 627 565588897
1 882 591931751
2 1056
2 236
2 1755
1 182 113312863
2 581
1 785 559488744
2 1265
1 222 203906299
1 2121 976862322
2 1194
1 1777 787066757
1 1539 579741170
2 2851
2 1738
1 1226 178778899
2 1154
2 1170
2 2664
1 1007 782272809
1 458 502779136
2 2540
1 1700 373565228
1 2896 704159260
2 1745
1 1204 676882453
1 335 631400917
1 1735 765616136
2 1046
2 2806
1 266 944359927
2 22
2 1030
2 75
2 1187
2 2646
1 2953 244213245
1 2578 319281453
1 1709 197875264
2 2247
1 2572 531958861
2 1035
2 1167
2 2381
1 1519 22587331
2 2491
1 1050 235594276
2 1351
1 2087 242800473
1 1381 380915839
1 1878 84161854
2 2088
1 1491 192687280
1 2437 750387978
2 236
2 2927
1 448 458473867
2 1845
2 1939
1 2857 489783622
2 247
1 83 432718324
2 1485
2 1413
2 532
2 543
1 585 709211526
1 101 490699413
1 159 737247856
1 1231 599081483
2 792
2 1545
2 2221
1 604 817654717
1 274 886824821
1 2021 146331697
1 2014 260349720
2 452
1 2009 931148947
2 2872
1 1174 645084400
1 1185 420200217
1 59 245647568
2 61
1 222 288780948
1 1726 376819401
1 754 707354318
1 2371 607010796
1 2946 872828135
1 103 861018586
2 2933
1 247 452025370
2 683
1 2976 419471255
2 2990
1 1880 880924324
2 52
1 2603 444722001
1 2964 778423284
1 1240 476508141
2 895
2 4
1 1153 653306258
2 2311
2 2592
1 2278 77466897
1 2996 750240116
2 633
2 2286
1 1030 393836364
1 2046 920670738
1 2405 860042004
1 2071 195117732
1 1525 396760814
2 974
1 942 616929023
2 1515
1 568 96224219
2 2734
2 756
1 2406 808754960
2 841
2 2934
1 2442 363128133
1 2609 741310260
1 470 288071099
2 1294
1 1255 511587287
2 2175
2 599
2 255
2 1375
2 18
2 74
2 1873
1 2241 91760104
2 2565
1 1944 180270896
1 1251 91361259
1 89 852814518
2 2313
2 2599
1 2417 312632162
2 1454
1 2523 290925364
1 1625 642613950
1 103 479714030
1 131 562334825
1 1923 587469818
2 1786
1 177 566667632
2 872
2 2116
2 235
2 604
1 1880 431639942
2 257
2 2923
2 788
2 2899
1 2156 365804714
1 1347 827086879
2 2055
1 1403 751715056
1 1590 330658880
1 447 797108564
1 686 254559077
2 2744
1 2244 779636688
2 1770
2 1913
2 2942
1 358 632338353
1 849 935398730
1 1050 132901697
2 332
2 2649
1 2485 852369735
1 2182 223302905
1 181 899957624
2 1668
2 2995
2 2537
2 2401
2 2381
2 2038
2 1305
2 1531
1 2003 817529000
1 2033 158434442
1 2369 354005635
2 1490
1 811 504766380
1 2503 266120142
1 2717 371491058
2 627
2 2429
1 1869 766172284
2 2890
1 2443 621186779
2 1254
1 2581 318254796
2 2237
2 2639
1 1974 892898455
2 1683
2 2681
1 2846 789800661
1 2241 770428904
2 1002
1 860 322124972
2 2267
1 2208 139468592
1 2382 534649470
2 1056
2 2014
1 2568 878021587
2 720
1 357 391760814
1 1458 78916170
2 935
1 2975 794122422
2 1387
1 1871 807067269
2 1284
1 172 695936855
1 2954 783631617
2 2071
2 2750
1 788 637936533
2 1692
2 2842
1 1562 758405274
1 936 144113098
1 2840 865608609
2 1396
2 1264
2 1270
1 471 571785137
1 2508 117707826
2 708
1 1175 314868617
2 928
2 1213
1 2855 183944026
2 368
2 1390
1 2415 951977109
2 2197
1 2235 643497640
2 2190
2 293
2 1454
2 182
1 1316 961520820
2 2847
1 2024 798354342
1 625 177725818
1 1909 802940121
1 415 661037443
1 2153 228598406
1 2314 981016417
2 1293
2 310
2 2808
2 1379
2 448
1 2958 160266060
2 803
2 208
2 59
1 2063 374205405
1 2800 617622286
2 1716
1 2242 51450892
1 2364 42249740
2 1439
2 1179
2 1049
1 1845 859585842
2 2596
1 1166 611923741
1 1006 113493774
2 1221
2 2863
1 2453 147721299
2 1355
1 1187 844180491
1 534 396828701
1 1182 964817143
1 399 727800633
1 1468 904884544
1 2847 371304902
2 457
1 2035 730629262
1 741 281457516
1 472 226150934
2 1182
1 1463 341982601
1 347 89566137
2 602
2 2035
1 765 500466530
1 869 65183894
2 2879
1 1401 932135860
1 2995 181682488
2 1095
2 218
1 301 196472325
2 1003
2 2551
1 1349 34851013
2 1330
1 940 97765314
1 673 26590552
2 899
2 2211
1 144 14939045
2 508
2 1382
1 1556 617790607
2 1638
2 637
2 431
1 1512 585955856
1 560 674250377
1 2105 915021614
1 2363 346924662
2 2498
1 1860 894504593
2 157
2 1818
2 326
1 1301 283392851
2 920
2 1168
1 1047 942328097
2 1577
2 670
1 2423 471690512
1 521 718972759
1 2339 994719071
1 237 542772454
1 2273 312774019
1 2270 542180229
2 2640
1 2209 649254366
2 1072
2 739
1 2812 166050886
2 1785
2 2408
2 289
1 1940 305054354
2 866
2 817
2 1935
2 643
2 1497
1 2624 305665603
2 2893
1 2792 953430866
1 1939 671080182
1 1653 845196055
1 161 802720376
1 1084 223110741
1 1208 580648499
2 124
1 372 487439304
1 2086 424763977
1 2329 14261881
1 1366 334129803
1 1476 74555387
2 937
1 1599 194980221
1 1295 508616974
1 1121 969183481
2 387
2 1517
1 768 97048170
1 1450 532010287
1 654 805435735
2 2115
2 2004
1 1047 931855629
2 952
1 483 491459998
1 317 935377280
1 1919 793280135
1 29 106578272
2 2838
1 2783 78955068
1 914 917189783
1 713 579977867
1 1070 288042309
1 1618 657098454
1 2965 393581239
1 2609 932092710
2 747
2 1266
1 1139 813543017
2 1282
1 1056 987832340
2 2391
2 2856
1 2598 307596805
2 694
