3000 3000
1414 2082
1758 493
2007 2513
1350 2833
1325 2954
338 1490
1377 1819
28 2024
1835 2723
1453 1400
2191 490
2021 340
1035 206
2272 1583
874 312
1999 1553
535 554
1695 2239
2335 1650
737 452
1297 1544
240 577
2049 155
149 413
1021 657
809 2595
2983 2014
45 2374
1692 87
757 373
1246 963
1553 290
2579 1334
936 701
2272 653
1386 2394
1527 735
2029 2426
1380 1910
391 2968
602 2284
1184 2965
884 2471
820 833
1900 248
2226 2595
1574 2164
1164 1924
1809 271
2987 1046
1288 725
988 1521
1714 1643
2872 854
1310 73
1128 2431
2442 2534
30 1815
1807 2210
278 2783
2447 2990
320 2984
133 1227
1569 2398
126 1529
876 1727
2250 1500
1786 1243
303 2215
939 2255
738 1753
2383 819
1134 2783
2478 2856
378 684
2867 1010
165 2587
1894 2998
712 2407
675 1381
1687 1081
536 1344
1895 668
1307 1806
2085 124
1746 552
2011 2818
166 2709
446 1296
1153 599
1011 1812
9 827
2221 1643
1370 1372
301 2981
2022 264
1879 662
177 26
197 2711
368 697
833 2277
1835 2924
1070 2363
2148 2829
2462 2221
1339 761
2486 2923
141 2434
2730 779
2639 990
1319 1248
1737 1193
89 890
1453 450
2794 1703
2473 2502
376 993
2601 543
52 2096
1100 2350
2907 587
627 859
2210 1293
1075 950
2449 2154
2739 1787
406 2427
1700 2126
2408 2634
2849 27
486 2322
1106 1798
2046 1895
2673 275
1343 2993
1220 2508
1157 2967
1274 82
2055 2813
1756 1242
940 3000
637 1750
571 2121
555 979
1433 395
21 1910
2259 1187
1567 24
298 129
463 2253
295 1226
2742 857
2373 2330
1721 1179
2681 2739
974 2862
2159 309
1163 2868
2548 1556
2196 1749
2565 533
1496 915
1590 1947
244 2000
1419 2354
411 1447
1718 47
1992 2125
1946 397
112 2641
302 707
2518 2876
2413 2516
61 2202
192 2468
1967 1012
2422 2340
2559 1665
1584 1290
1779 2654
2185 1911
1194 2992
1466 1530
1898 2597
208 2862
57 1570
826 1671
2608 2945
1838 2852
2152 822
2939 1783
2714 1445
2229 2995
613 1781
2480 2585
2094 1579
1660 11
1488 948
2324 1918
817 1814
43 953
1836 595
2721 436
2181 2919
1655 425
1548 2665
1805 120
680 413
78 2672
1096 1779
986 1382
341 592
2270 2600
1247 1600
1942 1367
2888 2002
2016 1914
2540 92
2292 942
2104 2231
678 1539
2887 2587
2187 2290
2793 2971
1594 2832
1947 2799
2558 551
2166 2441
2700 1899
2875 221
294 1187
1642 2972
2938 708
236 218
1018 76
1986 2576
699 237
978 1706
2102 195
2724 1015
2467 1799
2793 2861
1139 2631
941 626
212 2539
1777 2355
1067 723
230 29
2541 772
2404 2434
2528 1522
1339 440
2577 693
1401 597
2582 805
2087 1791
1439 303
1307 168
1077 2242
1796 2749
169 2376
1042 246
1965 2122
763 1249
1465 2392
2704 2065
2295 37
1698 1950
2786 855
1449 522
572 2889
1784 2088
1856 2103
455 117
56 2424
1466 2651
2914 2763
2466 2973
524 2878
916 346
800 2313
387 95
231 1154
2341 1515
872 818
2754 1777
2567 2666
1419 2247
1681 1499
352 1481
2745 2923
2705 729
1568 2167
1590 1368
967 2984
809 1191
2586 1306
1485 2241
2046 1381
1016 1135
740 2274
610 2093
697 269
291 1751
1157 840
2206 2661
1951 2461
973 2878
1226 1701
929 1823
825 526
1063 2805
267 2821
534 105
347 274
617 442
1071 662
2393 921
1632 1351
2395 275
1803 2896
2228 1148
2797 478
1538 2970
1572 1761
1095 1524
18 2824
1215 2113
357 676
2844 2079
53 2419
220 1155
16 1748
799 1131
797 410
1956 315
2659 1763
2899 1758
2598 1542
1368 1612
1983 1399
2718 1994
2545 2658
1702 1880
2022 1804
393 2701
2808 2322
1159 2552
499 559
88 10
2734 2805
484 98
2851 140
2312 750
2443 416
2072 1608
343 1228
564 2733
415 2679
842 2371
2944 1705
1124 647
1573 547
1591 1775
2943 892
769 428
2913 2985
976 2821
1461 2934
153 1447
1090 2099
206 2170
578 2076
429 2230
2761 2617
2141 2723
1287 313
428 1541
1652 2902
584 1287
1338 1245
2715 1755
635 1565
2088 1115
2572 1892
162 940
1820 1511
2815 999
2205 2584
614 1892
2009 245
2402 601
674 90
2604 488
2491 863
48 1054
1398 1032
39 1628
1659 997
1822 2137
2525 1222
2073 669
485 1260
224 1852
2623 2278
1817 226
2624 597
358 1648
176 942
747 885
2708 1688
1664 1908
2902 2401
1997 1384
2553 2836
2702 2326
2648 1542
1259 139
1902 358
2672 1238
1733 1873
1689 137
2437 2904
423 746
907 280
2544 235
2408 658
1435 2187
2582 369
2332 1040
1238 2135
288 860
616 1863
2679 1005
1056 1210
2160 1629
1913 52
404 2456
1996 2797
1519 966
926 566
1754 687
2725 230
1817 2624
209 1587
2943 2428
623 904
2950 1593
868 606
1239 2634
2566 1007
36 285
418 1484
58 749
2345 562
466 2654
2252 616
2062 1566
2451 2172
2949 1518
1563 2779
1076 706
1767 32
1632 414
1392 1185
1597 2663
975 330
2989 1562
1961 1356
639 1137
1311 911
2677 2051
495 903
429 2997
60 308
2254 2130
501 2844
2424 1360
758 2798
1798 2890
2513 1487
553 694
2346 2423
619 332
592 159
2035 2519
1812 2497
2914 2013
55 831
2304 1416
435 2776
2297 672
632 403
742 2869
2690 2612
935 1800
2381 703
2209 340
996 2547
2309 207
380 2164
2511 2801
1305 914
734 609
2455 2020
342 2499
1327 1070
757 1993
1684 2929
2023 1230
611 79
1791 1252
1890 2577
2281 1207
1719 879
1110 2870
2752 655
2840 1314
2299 328
2531 951
1136 1300
1921 577
2520 658
1273 521
2037 2880
478 2168
2052 2504
66 1008
717 2382
707 2549
925 2975
2041 2125
999 952
1804 32
2802 1638
1101 349
1186 932
1045 1848
2903 2348
932 1896
657 1735
353 2942
1009 1
1953 2321
846 808
1240 1486
1916 1765
1270 576
1476 388
795 65
1096 774
21 701
12 801
49 2727
2614 1593
2524 1346
1587 2084
2145 1761
2457 445
2284 2474
469 2288
1036 1797
412 1438
1109 1649
634 2613
61 83
28 1370
2162 2181
2331 1759
1142 2728
5 955
1782 2889
2124 1580
243 276
2988 2662
1634 29
100 2157
2239 683
2146 585
1147 2756
1026 1316
1230 851
2204 886
2425 2684
2689 1945
337 119
2874 2536
2331 2462
118 1885
54 532
1484 1797
2681 564
2830 1082
2037 2959
387 55
2116 2296
893 2267
1146 1480
208 2732
2922 663
2179 1805
378 1809
630 794
1831 2215
1284 460
2998 2644
2822 2147
1276 692
830 649
2819 1003
656 598
2982 2098
526 518
392 106
1676 1920
2336 1656
90 1400
2653 2627
1862 2683
2008 494
120 2188
2367 2980
1177 1438
2687 705
2741 582
959 1693
2213 1359
1651 1893
1232 1927
1127 1244
2794 1976
2384 462
603 931
2514 2324
2280 2205
1909 635
842 2318
2259 2968
2257 2010
690 278
2484 190
96 642
2282 1057
1785 2930
1376 2792
2552 2561
2861 1491
444 958
1062 1709
1058 2951
1951 2800
648 1602
664 2899
1207 1636
1591 2965
2986 644
1532 2477
88 2785
2713 2356
2603 1573
731 2237
2092 1859
1380 2194
2202 210
2180 1652
2399 1262
2241 380
322 2562
2032 1203
2186 1123
2054 504
1290 422
1821 563
313 1512
945 179
1514 780
1175 491
2363 1746
2491 2019
2308 519
1544 2256
1769 2477
2182 2928
1017 2236
917 1379
1604 2915
2430 456
1158 1178
7 2752
871 810
114 25
2836 1432
2592 2573
2827 2297
1891 422
2352 2157
2482 1403
1246 2832
1533 97
311 1530
1655 1609
767 136
1722 631
1184 1558
807 2346
2710 1464
1219 778
1577 1358
279 923
2841 646
1317 773
1911 2117
1117 2163
382 669
690 541
768 2311
9 1439
760 1905
1830 531
417 665
2287 2749
945 1793
2349 2360
1422 802
2571 751
2548 1145
897 1733
1794 1072
2660 988
1627 2416
664 2750
1639 879
346 2532
1042 1598
722 1425
2588 848
2554 2407
877 771
1572 2220
125 76
832 1509
1121 1689
1471 2077
2762 1883
390 954
4 2226
2388 721
296 2469
515 565
1482 666
2063 783
1431 1991
640 2025
1420 2147
715 44
243 1810
1360 2586
1277 622
1378 2617
1158 935
870 1000
170 725
680 2937
2304 1282
1196 2047
1333 1198
2204 184
1218 672
217 2599
1607 192
325 2356
2296 1803
1242 1774
1973 1321
1501 1589
2867 118
1588 386
689 2697
2726 1389
937 1045
1640 2349
1995 2864
1136 798
559 2006
2514 699
2982 302
1108 115
2701 1162
2463 2456
1343 785
1723 82
476 1506
2779 883
633 2676
1138 704
1975 1046
2433 2843
461 2494
2212 35
591 1217
1295 2194
323 762
1245 1614
482 1361
1288 2450
837 1107
818 2606
2064 762
1372 1889
2768 904
845 2675
1223 747
1688 1744
759 1736
2119 2972
965 2594
2017 214
1281 2811
1936 319
2052 1420
91 1204
764 2603
2865 2308
1059 431
1909 2823
1783 995
1691 2814
225 1297
1658 700
2714 100
2675 2302
1599 2964
135 267
1793 186
2270 2032
2348 2041
319 2338
2218 1825
441 1631
529 2871
1278 2073
1699 815
59 300
2932 1526
1871 1699
1221 2334
1037 2069
1856 1754
746 2622
1121 1585
2651 1662
2092 457
1575 1675
2725 2448
1231 1109
2932 882
1755 1936
1955 175
2216 1483
2666 783
2009 153
655 2738
1216 1022
2769 384
1322 482
1203 1744
1088 1534
247 2885
438 266
733 2132
92 2527
1150 1965
1205 239
498 1362
2005 1459
1126 797
2017 2819
1834 509
455 763
856 1829
2445 157
2869 289
2657 2638
1127 2021
1985 144
2973 1886
1236 211
165 2389
1093 1853
1589 23
2129 933
138 1044
1315 1975
784 2546
1945 2286
991 2765
647 795
650 1176
2850 636
1350 2874
2839 2815
613 393
2550 1657
2337 1234
2149 2101
1097 2444
1066 1628
1867 79
2454 922
1966 2908
665 2986
947 2813
1629 1833
638 1943
1616 2827
594 1883
1366 2804
2981 1468
2533 615
782 1966
1086 232
1768 1196
751 1173
1790 534
2922 936
2329 1923
2642 852
2061 2430
2034 1808
1792 2732
2956 419
2947 568
2629 636
1222 2724
1547 1829
427 1707
2038 1825
894 1125
1554 1724
570 2993
205 458
1561 2750
140 1949
1265 2441
2001 894
1739 130
2478 975
1285 831
1049 1336
254 2177
1303 1845
2695 2900
1877 2483
513 1990
2571 151
1452 1900
1436 200
2336 14
1776 2505
522 2198
144 2410
56 1919
33 39
806 2265
1492 1528
1448 2601
2479 103
1955 2976
2642 2301
971 2807
986 2230
396 1464
1087 2028
2203 2526
1737 2422
2098 344
989 1740
435 2809
2426 956
2976 2818
2911 2829
1216 713
2090 1009
2855 2319
137 235
2904 1111
838 2053
811 2344
1099 2988
2774 880
1560 1821
477 2170
1837 1877
2235 2169
2081 644
946 1820
2810 2496
611 1938
1657 2936
85 1251
2281 980
571 782
2528 1132
273 2756
2562 1843
2729 711
2625 70
195 2691
1686 2602
776 2686
1092 175
439 1807
1685 836
1681 485
610 2307
2096 447
2225 2795
468 292
1850 2579
1870 741
1027 310
383 969
590 1199
885 1140
845 162
557 1333
1668 1016
249 682
2295 2399
1289 1843
2403 927
1748 1267
2842 1186
1851 107
2209 1540
943 1308
663 2995
381 2605
1 1451
1694 1978
2911 1790
779 2944
1489 924
2011 281
294 2435
1471 442
1029 791
2163 828
1091 1959
2240 2380
956 1526
2097 967
2002 2327
1041 1152
1364 594
2685 2646
1428 2568
756 353
1269 2043
1610 2214
608 2741
1167 2692
2826 1928
2926 696
542 2652
895 205
1349 971
2158 744
2174 1385
1719 777
542 584
2796 666
1770 1884
232 305
2517 1663
1545 480
1064 354
2353 943
148 69
2183 2538
1851 1458
955 1507
1030 1751
176 1001
1969 2956
2628 2203
1221 2233
593 652
2712 33
2682 1626
873 2107
1472 843
601 2112
1890 407
1048 641
2342 1409
575 1165
72 459
944 2630
1989 155
1692 901
921 1122
1177 2718
1867 1623
1118 2397
1612 1747
2086 1384
196 1298
588 2417
862 773
2406 2224
1195 96
2199 792
2773 1720
365 1841
2910 2775
1802 1344
1666 1954
1250 2757
1860 728
1934 2109
2498 171
544 164
1394 1258
85 1623
264 1543
451 553
1708 1190
2195 2377
772 1387
1778 350
2128 1294
2913 166
163 524
2350 2594
2757 853
557 199
1713 193
850 2368
70 1752
1371 2313
1977 2909
1388 421
2420 1106
1981 1690
1706 2409
2110 405
2200 606
1038 1104
293 520
1116 1972
585 304
1249 1796
2607 533
2962 875
1717 2575
255 604
1320 1402
1467 1933
2521 2040
2711 2344
1163 1448
803 868
1742 134
1532 2276
1538 1764
978 724
2616 2895
373 2583
1832 2692
182 1813
1518 1139
1516 981
1697 2791
653 1614
2150 869
2823 2010
2472 2136
1535 468
511 2469
2946 2655
1132 1285
48 625
2977 1824
2576 1193
2223 2291
470 194
2248 857
886 2523
2908 366
1099 1043
2668 1393
753 823
38 2390
1931 2758
178 2650
1478 1717
929 814
972 419
1583 2507
272 2464
2217 2906
714 321
976 1765
1150 2715
2665 2744
1565 2620
871 2047
1357 2630
1539 1240
1311 281
103 2285
1112 2364
460 740
1166 454
1366 583
1824 1540
2520 1394
761 2113
820 2004
1916 2229
1225 2938
368 548
2432 2176
2373 370
1208 1041
2043 2918
729 273
167 2036
2709 1602
251 2253
530 1167
2933 2012
864 2882
322 1823
2463 110
2139 2379
781 2358
1159 1756
1952 388
1081 2294
1105 502
1611 1324
508 2471
1925 2655
937 1863
1866 1146
607 1800
2733 1482
105 2049
813 1390
496 2440
414 1959
1495 1391
804 2699
2598 2038
789 1511
1605 784
1949 1818
852 2366
261 1320
517 2979
2927 1917
434 491
2770 213
215 1896
1525 918
2351 2133
2609 992
507 503
286 1654
405 1816
2735 2774
1508 2883
1210 1939
1446 218
197 1531
2455 2050
1423 2155
1902 2589
2171 1839
399 1891
2905 766
1502 556
704 589
2848 792
765 2261
1724 2494
2485 2056
750 887
645 808
2339 1760
2596 2645
1605 2987
1490 1373
1084 1599
2184 1198
754 1347
1067 2415
432 2220
333 1578
383 1854
2863 1410
560 395
959 1324
2503 2496
1437 1084
1201 2108
1704 853
2034 420
95 957
1585 1266
688 758
1460 996
314 109
2089 989
2062 2232
2421 1957
1750 400
2918 511
466 2888
2138 483
2440 1598
1397 464
390 222
430 2674
1098 1018
2618 191
1676 1294
677 596
1474 962
2174 2476
686 1907
2097 2961
523 2111
204 573
1257 31
2383 265
38 1085
531 2717
58 384
573 356
1010 1470
2115 1015
617 895
1887 1865
1795 1409
2360 1497
1417 1387
2795 174
1994 1123
2045 2155
72 1171
2182 1173
1001 2608
1551 488
2057 1124
2071 1128
1030 730
1510 1551
1775 1432
673 2091
530 228
987 123
440 124
62 1342
1752 2551
3 2458
2283 638
2231 629
1440 1915
2377 2413
1853 759
1056 2323
1927 2777
1326 910
1924 1373
1819 1672
982 2405
1281 2312
1214 1739
2251 2105
2476 2541
1268 1328
375 913
2114 2387
2404 1335
695 2451
2509 1435
2423 2615
2542 2820
2948 249
1450 2006
2676 2381
1410 1772
2470 306
2314 1051
1738 154
262 834
939 858
310 2560
518 1408
1353 161
1860 246
2166 2500
1622 2433
832 430
2825 2192
389 2873
2853 367
406 2811
835 1620
2385 1161
252 1328
805 570
552 371
1119 1418
187 113
944 184
1064 2574
1279 1406
494 2764
1625 504
1418 250
924 2924
670 568
1842 1984
998 2800
602 2953
675 2444
2070 2262
905 2191
1974 2816
41 2669
1720 179
2663 1135
576 2596
450 1494
608 1026
1212 2703
578 1440
1286 1060
1183 489
2803 327
628 715
432 1985
2699 416
1088 1321
2365 1312
2877 1209
23 2847
1408 376
919 2670
756 2026
2637 2905
2940 334
1571 2126
2310 618
2678 1730
1122 1906
204 719
2485 839
2683 304
687 882
642 900
2825 2074
1462 161
1275 1813
1047 2767
1520 1275
2317 1050
2370 1014
648 1456
1227 441
1901 2685
1443 1852
2808 2473
919 2886
1319 146
912 981
2269 1963
148 1441
823 2647
1213 1619
121 489
2648 2316
1125 366
351 2510
1004 1962
860 2970
2243 590
2753 512
2460 961
2023 790
1213 2243
1961 1932
1129 2172
2742 65
1185 1667
1757 854
454 2154
1477 2086
361 1120
2200 2030
2534 2001
472 305
630 2106
1383 1470
357 1286
908 193
1920 829
2479 1888
1501 2547
994 1834
1502 2731
2258 2121
1537 2357
1427 1005
714 1131
846 108
798 2870
2643 1893
46 2095
352 1556
1209 2696
128 2564
1214 351
2084 1247
1802 990
2156 1621
2647 1546
2803 2611
1197 983
2315 1369
2300 1000
1446 349
2580 2631
359 1872
2406 1708
2966 1712
1264 2492
1869 1069
1283 421
1443 1693
671 819
1499 2781
2240 73
1878 579
1078 2057
1639 2898
926 2453
2575 1855
2971 878
102 2459
1507 1182
2418 476
2958 2150
2743 2488
2798 1527
1521 605
953 2283
535 306
2780 718
2261 284
575 2500
2716 2689
219 480
2499 216
1253 1864
728 1987
2599 581
2903 2146
2619 993
2789 2416
2375 1613
2866 545
42 401
2067 730
2302 1141
2199 2662
1361 1156
2674 1844
170 2909
431 960
1362 734
252 752
698 423
1988 866
227 473
2320 2952
2291 1461
2082 2185
2085 2831
174 2846
1356 114
1827 997
538 2602
2721 2237
2144 700
1271 643
949 190
1885 2977
2846 2333
2273 874
385 1261
1858 2273
370 1192
1958 620
26 841
2442 1033
2567 2901
1449 733
244 1183
1189 1913
1374 1473
2213 2736
1013 1481
786 1630
2540 1358
995 2361
1786 207
99 2766
1313 122
447 1753
2536 2173
1694 2906
2753 1616
1715 551
835 1631
695 1782
332 19
1788 1625
1100 2934
1703 1728
1837 2649
45 556
2810 2142
946 1785
1680 603
1493 2386
2614 891
1630 521
1941 686
443 356
2554 2828
2238 2737
1299 220
2838 1151
1641 2489
3000 540
2545 8
234 698
1607 1810
1454 873
2939 1383
263 794
1617 1725
2389 1494
363 670
1141 941
2145 2379
1027 1404
1161 2457
1661 922
1363 2960
881 194
502 317
1677 448
2128 896
516 1595
334 141
1757 297
1873 342
2636 1164
1353 2775
1964 1024
596 2671
1284 2078
427 1983
544 375
2893 2935
2030 1162
128 1467
451 1266
828 1899
2481 2605
2787 2708
1982 2475
1574 1295
2233 1912
1564 1923
111 2790
1828 770
2546 112
614 1619
20 147
1426 328
1894 1933
2542 2453
1512 1259
158 679
1355 615
409 236
974 812
1903 563
505 2852
2544 2118
241 587
1237 156
1847 961
308 1142
2120 2523
2636 347
2799 2866
2091 497
2498 1179
2421 822
1160 1002
1948 2820
2550 2195
2036 923
1093 1234
1998 1180
2696 75
2736 2713
1876 2288
295 2726
185 593
1326 2928
83 1473
2868 2784
2303 152
1522 909
1134 984
913 1531
844 2728
2667 2219
2834 537
188 2837
2543 1875
2372 1570
2688 2585
1479 2656
2759 1868
1393 1897
420 2409
824 1118
2298 1312
2961 475
180 588
1021 1503
2328 2244
523 1842
2764 631
326 1114
1686 397
336 301
2341 1882
109 2877
2369 1740
98 1578
331 884
2566 479
2142 1732
1061 558
41 775
2435 75
2427 1331
1881 1552
44 2065
198 2771
2439 2948
765 1931
2483 130
2912 536
2854 2364
1559 2653
2159 2506
1034 1974
1486 569
2493 2994
2193 1055
2563 2592
840 2894
211 1769
1666 768
263 965
2916 964
2578 1318
2487 2789
1073 2897
2153 2411
2292 1444
160 1595
381 716
2556 1145
2658 1332
1529 2279
1613 1037
2857 1904
2114 901
1981 1280
391 86
223 1730
173 106
132 1072
1199 60
1204 1401
1656 2094
344 2942
1971 6
1317 2280
1550 2061
327 2089
35 369
2124 2286
258 1206
1998 1301
463 537
1057 1929
439 1778
513 723
1644 1265
74 1190
1079 1606
2392 2632
1846 861
2054 2358
2957 1520
2269 2969
2688 2915
548 1263
121 2033
1200 691
902 1762
2626 1160
453 2366
262 110
2891 119
286 844
1153 2884
145 2997
2347 1760
1025 1710
2501 2558
1278 42
2930 471
2077 123
1534 1202
1075 867
1309 2339
1776 2127
1396 2935
1087 2557
1340 291
2778 933
233 2686
222 2609
2847 288
1062 329
550 2645
977 781
554 1695
64 2132
269 2731
1236 2115
908 1882
1622 560
2212 1455
1463 2490
1915 2809
1562 1299
256 2650
471 801
2208 2325
1340 1345
2398 1646
726 558
16 1645
2227 2058
1874 1474
2830 1235
824 2979
1673 62
142 2840
2192 1413
1289 1886
2856 1667
1515 1962
318 2244
1117 2135
626 361
2668 2190
1979 2719
2527 2216
1488 517
1712 1969
1549 2543
2826 1932
142 2574
561 2737
580 847
1423 394
2119 2588
1849 2143
1143 1110
2329 1611
1546 654
2537 418
2018 1090
849 1305
834 793
2138 2100
2880 1469
1271 2271
899 1811
2087 1808
408 1958
250 2625
565 888
2293 870
1224 1341
541 1536
2074 2101
673 1725
2584 527
2991 2144
2452 280
2515 742
2963 1514
890 1206
498 307
1332 525
1504 2130
407 1771
2912 2252
1395 689
1874 1407
2365 869
2177 1968
71 1680
2374 609
2834 2268
2410 2316
1316 212
1624 89
660 2382
360 898
1445 1407
2245 741
2109 1963
2855 2307
1759 371
2262 2530
2678 1868
982 566
739 2386
2955 377
2431 2303
1375 2452
1053 1523
2140 1742
2817 2198
465 1155
739 2657
500 2515
826 1085
755 2012
2583 2277
2525 2412
337 1670
1066 1280
1743 2816
1218 36
240 1130
2436 2254
1555 1475
1208 1618
1345 2362
2516 2448
2211 136
550 224
1263 1944
837 591
6 791
1637 2876
1415 2788
1483 947
2368 1594
1766 2802
296 1442
401 464
802 920
1415 2921
861 1503
1458 581
2267 785
1108 2359
134 1509
848 748
1112 799
1202 2635
949 2480
1597 685
1098 1002
475 1351
2393 477
2983 2428
2919 1879
1903 2518
2644 2495
1477 1552
925 508
1763 1101
1268 2593
1233 2707
1165 1571
202 2533
1930 1771
145 767
2293 1901
2953 1770
2445 2807
586 1267
2245 1211
1995 681
257 1262
149 138
1459 2027
2134 2287
2033 1229
1510 875
2557 1626
2095 2042
896 2370
394 2411
1095 2765
865 46
1827 1331
1878 2893
2141 1579
1329 1929
1039 539
2640 268
1451 1058
1618 2941
2206 1411
902 2028
2786 172
1197 125
1815 2160
1330 1582
938 1784
318 2623
261 1256
2682 7
452 1584
1355 2152
1554 398
2019 1043
2106 2318
2116 1857
158 569
2996 2004
2649 444
2014 1363
1229 1935
228 970
1919 1588
2481 248
1513 510
1575 1080
1496 1023
2343 1479
238 2772
1354 2264
930 1747
1200 906
743 2627
2529 63
2083 2355
998 651
77 1382
1711 1762
1292 1603
2165 2747
1979 1306
2512 2531
2621 320
1682 47
1968 171
745 1437
2320 457
1052 2512
115 1264
1663 769
625 1826
2616 1517
2573 1525
1864 2646
2388 1567
509 426
364 2
843 951
1645 2016
443 424
2763 583
1674 880
1107 912
1716 2420
191 1836
1480 2565
2974 80
2068 1376
2474 34
2879 2053
1954 1977
1898 1830
2632 1844
1411 461
2785 1976
1701 1741
152 2353
732 720
2190 1731
147 1922
481 546
1369 1031
891 1636
1255 2517
622 2788
1940 1679
1606 2501
1687 2222
348 702
1715 1726
1953 2925
830 2833
265 1990
640 1794
2835 2484
1089 2492
1601 2247
771 1519
492 2158
2859 538
2063 2139
2467 1472
462 1180
2955 2148
2985 2299
528 2926
586 2508
803 2007
712 215
2385 856
1364 1872
2559 1243
561 1224
1011 612
1323 2490
506 2969
260 467
1557 2535
2029 1577
2758 1303
1260 1392
827 2090
1105 19
2129 1020
2738 2450
20 748
2660 1406
1833 545
1022 287
1799 2031
1497 1272
1500 1563
101 1272
2257 2055
2751 1175
189 2761
78 2343
2524 872
516 481
227 1980
479 323
2704 2465
1102 2402
1397 1678
1269 360
2375 1838
633 34
339 985
1386 1513
338 1772
484 1152
2635 881
1094 1354
2069 2916
1944 654
2436 2652
1417 2175
1212 160
1950 411
850 813
893 858
1338 2294
1405 1337
1498 851
97 1421
2556 2437
1537 752
283 1547
1682 448
183 2667
2637 399
1310 2238
1768 1849
1582 1476
402 374
1270 777
189 2390
259 139
2197 2578
812 1113
472 2066
2306 1071
514 1250
2487 458
540 2189
221 1668
2551 2432
1151 2438
2887 2219
113 806
1960 1741
2123 718
2940 2319
2777 1065
1092 2640
1934 1523
2013 604
1561 131
177 2957
788 1781
1194 449
2591 2700
1341 2751
928 677
710 984
2680 274
1144 1032
2188 1904
2228 1170
2151 1988
753 127
2051 202
567 3
2693 2849
903 438
154 2354
1274 2748
2351 859
1642 300
1304 1301
1788 242
2729 1952
1659 2768
876 1714
2134 1617
2289 816
693 607
1683 2493
1168 2604
1352 1972
991 317
290 2854
2301 14
1880 245
735 1377
104 2417
804 1233
2885 2193
229 2782
199 1241
847 547
1498 954
279 667
732 1254
217 1586
505 1133
1558 2638
1138 1223
618 172
2883 398
1889 2378
372 2716
1330 624
2949 1434
2796 787
2186 2266
2673 2555
1603 2429
1517 277
2207 1309
241 496
629 101
1154 532
1982 238
1431 1576
316 696
2698 1413
520 2639
1661 2196
2760 474
272 930
2572 1669
2208 299
1698 1705
2952 811
838 1696
1495 203
412 1669
787 2112
2149 1429
736 2271
1463 1749
2489 316
2250 764
898 86
2060 2755
1870 2848
2958 1171
634 652
2859 2656
1076 1996
467 1174
2812 2690
726 1691
2264 1060
1256 793
676 2744
2549 2419
738 1991
2378 1065
1054 1946
2801 1673
2946 720
667 2722
1601 582
2766 1638
2108 2486
643 1941
336 1926
789 1491
2048 94
1859 2394
1040 1984
2359 2814
599 180
1764 1727
1404 324
1528 1956
2249 1745
253 815
500 2898
2511 1300
231 574
1604 2839
2330 1019
2747 1846
1876 2917
2384 1704
297 350
1592 2694
2405 2315
2289 315
1017 499
2812 2927
2249 2929
2225 1647
1074 2838
2687 1596
2020 1854
1318 1905
2305 1365
456 1192
1948 164
899 2
1061 1429
637 862
266 214
910 22
950 1569
2173 1322
389 915
2321 1391
1457 2438
379 1831
1957 1023
1102 143
2072 1252
1231 335
2285 74
973 1189
133 2791
708 786
2539 409
1421 1640
2892 1302
2610 1182
1533 2178
1971 2396
487 2395
2300 239
40 2323
1647 436
2161 2845
1008 483
2309 1315
424 623
2507 1545
242 1130
2553 2066
605 918
1811 1930
1433 330
1068 727
1375 277
960 1543
1633 2555
1412 1248
1039 717
1801 788
1055 1094
1166 289
2242 94
2925 51
298 612
2035 2951
839 621
1888 897
116 2843
2056 2746
486 2197
1091 2720
2068 2178
737 2669
2817 2459
271 2719
185 2171
510 683
1082 2613
645 2162
2059 2414
81 1325
129 1052
2618 2502
2910 24
283 374
490 836
2879 600
1078 1478
1232 506
2720 2730
2075 2822
2835 825
2806 1329
705 1729
2031 2532
2367 1359
2695 117
1677 364
2449 449
1646 684
755 2680
1089 1033
2040 362
928 31
1296 126
1172 2059
1814 2104
709 143
1047 2881
2792 1967
2488 1396
2070 829
2745 345
1036 749
1188 2414
1506 579
293 966
620 50
1960 703
1357 93
333 2268
2328 27
969 1006
1840 459
1414 2401
549 2975
2278 948
1313 77
365 1943
2580 2643
403 2863
1422 1304
1535 2183
1665 1347
1291 2773
2258 1450
425 1818
2201 2342
598 1672
1116 2670
2510 2460
1580 1660
1670 2117
181 2153
1434 865
2917 1710
1634 299
1549 219
1922 354
2120 2677
731 1028
1103 892
2841 1654
2702 1225
2131 67
1806 2694
2332 2236
2967 887
1743 841
958 2127
2058 1871
1172 1493
681 1063
331 111
2118 2857
1766 1697
1402 1723
1709 1034
1004 68
2003 258
1822 775
325 2048
2282 519
724 1729
1389 2865
549 355
1773 1992
2994 2080
2102 151
2234 237
2497 150
84 2327
2418 2782
2974 916
2246 668
2470 2235
80 2698
1181 30
1253 2338
1841 2564
1789 2391
2570 12
1865 2772
1734 2581
2560 1255
2310 225
1774 2760
2136 1564
1912 543
282 1576
1674 282
379 2781
198 2743
1684 1385
2947 867
2335 727
2263 2931
963 18
920 1111
2143 5
2224 1735
168 216
1201 2275
321 1978
821 2345
1999 1609
66 2831
150 1051
187 385
1044 2050
2851 2372
1462 2325
970 200
156 2045
2858 2992
270 1718
335 1283
377 1648
312 888
1211 2945
1169 1713
525 1696
1721 157
744 2495
774 2168
11 268
883 93
866 1881
906 1615
2842 2629
1581 1444
1700 1048
710 183
1485 2317
2064 2771
2735 1379
1678 2400
2248 2397
1412 2960
656 1475
465 2530
2472 1711
619 2044
2962 2251
2999 1059
855 567
2641 2790
716 2260
1921 2176
931 1621
2872 2978
2563 1455
2015 203
309 2615
2591 1367
2362 487
1258 2996
968 13
59 1398
1734 1738
1086 2326
1053 345
135 1935
234 1767
2396 529
2211 1050
2015 2950
2025 983
1928 2256
2712 1003
2429 1973
51 796
2778 1505
1887 1083
2691 2503
1816 2003
754 2371
223 382
1986 927
1337 661
1508 2387
2122 1832
2561 355
2519 962
790 2506
1456 2882
2083 1012
2039 678
2024 404
2156 2845
446 2027
2265 314
1346 2018
1939 2881
2167 2873
17 1658
2263 2769
400 2896
814 671
367 1452
934 2218
2439 2921
796 1430
1557 1620
2140 1342
1416 2858
849 1035
2610 900
169 2464
1964 1424
2569 2425
1675 251
821 2067
713 572
2081 1031
108 1120
2227 417
964 1780
1169 343
2622 1566
87 363
1826 492
81 1442
1115 694
2526 562
2590 2780
22 2529
1293 1857
2597 497
1129 2255
863 2078
1615 987
25 445
1586 348
1143 1028
2184 1516
2333 1126
1633 326
2633 1149
501 1980
1191 2755
1426 1156
1395 1555
2403 1436
17 2380
104 67
2458 2659
433 2180
1664 979
473 1014
2706 1291
402 776
259 721
817 2875
1997 2314
359 1349
2189 2612
2697 1430
127 1007
1624 1970
2110 254
1103 37
116 2107
2886 810
2664 2334
146 10
2937 507
760 722
1327 159
2824 201
1257 650
2391 1745
503 372
2274 2581
2954 659
2099 1069
1559 99
1144 107
1079 2890
1378 102
877 1282
1795 186
253 257
1592 433
292 2468
649 2161
2853 1348
2901 1273
1702 1685
2619 49
1897 1424
1858 2400
627 1637
2522 709
1114 639
71 679
957 659
2369 1149
2717 167
1937 1627
1308 1049
770 1641
994 173
1302 2806
1460 324
260 1635
2963 1801
2776 1596
69 2941
1113 2340
132 196
311 57
2891 1371
2005 1847
2466 1038
1352 2447
1937 952
64 2290
2684 2214
68 2966
1399 2628
1787 1279
474 2589
745 2538
889 2179
2357 682
985 178
209 2620
2593 1679
1403 905
15 1292
1861 1875
1524 2105
1608 362
661 1773
181 2137
1241 1683
1662 1840
213 2860
2740 201
1148 807
1536 1848
1073 766
470 1013
1140 2260
2746 255
968 2246
1487 1581
992 624
2232 2626
1671 1987
2039 1884
2505 1119
2100 2978
1334 210
392 1228
1918 410
2980 2570
2093 1732
980 1541
2895 1651
1736 2535
589 527
2871 1568
2306 2275
2454 2352
1174 1492
539 2837
1993 339
706 1068
1220 1427
2509 1074
909 1726
1133 2590
43 546
1277 270
2703 2151
1690 54
1006 512
329 1792
1938 800
651 600
1560 1926
1707 646
917 2412
2920 2305
1468 2828
911 1104
453 53
2754 2169
2787 515
2850 91
2311 878
2710 2734
256 247
660 1828
2621 2276
131 226
2133 1147
816 1019
1839 2705
2234 1428
285 1942
2991 1024
122 1917
1731 1390
2504 2000
780 15
1869 977
1365 1789
1728 2266
1441 632
1176 229
1276 1635
2079 2748
2222 307
1469 2071
50 1137
692 2664
437 2443
1335 621
1653 2123
2465 4
702 1261
1336 1077
2461 1168
2446 934
1254 685
1908 1600
287 408
2223 2075
396 2337
2475 276
1970 1940
1504 2920
63 469
1489 1217
2606 907
1644 2076
2671 674
2784 574
555 2864
1650 1780
188 2103
493 1029
2936 2990
889 2804
914 2770
1722 2900
2964 1188
2727 2894
1716 1861
163 2008
938 688
2165 1374
2607 2217
1219 1550
2201 2522
743 2347
2568 1170
2376 2707
1850 641
1649 2569
1866 1237
2175 1465
691 1914
434 628
2600 1235
40 2131
2521 2446
1610 1323
1215 2060
2933 437
1862 1505
736 1025
13 2026
2989 1906
2537 2044
2415 1083
2661 514
1178 1251
595 1855
1314 778
2907 1205
2897 1097
1020 341
2722 2207
1348 1298
495 426
972 2767
2740 1239
2892 1195
84 2611
8 2080
2361 864
1181 2759
2111 1244
2959 719
1425 182
2693 2931
284 2279
2633 233
2884 386
1925 1548
1405 1653
2482 1845
1989 2042
2860 1080
415 2706
528 1907
2298 2762
580 711
1388 2999
2 475
2 1798
2 1426
1 590 269103293
2 294
1 1918 934819731
2 685
2 304
2 2627
2 2784
2 2286
2 1178
2 952
1 727 661179623
2 2268
1 445 762828795
1 2180 213053912
2 2374
2 1905
1 451 258777106
2 1834
1 120 73286005
1 713 798387581
2 938
1 20 833274225
1 664 816913446
2 1744
2 2471
2 516
2 1521
1 1515 440385023
2 311
2 1738
1 581 524701669
1 92 344165050
2 805
1 1283 514938003
1 2576 568340669
1 2801 433099510
1 233 896981317
1 542 616116651
1 2723 241002107
1 955 720140536
2 1478
2 2799
1 1436 479433173
1 665 136593081
2 1849
1 54 673128026
2 1259
1 1572 410334565
2 486
1 1527 783211563
1 1700 283926243
2 2147
2 2757
1 1922 845198388
1 2882 98860331
2 2615
2 1679
1 2354 395491956
1 1080 35369271
1 2934 650060350
1 1427 716707333
2 488
2 608
1 2825 897320170
2 2894
1 887 234777178
1 1806 538865503
2 2856
2 1948
2 2872
2 1388
1 915 707507759
2 1186
1 685 72182245
2 78
1 705 469768774
1 790 750229476
1 1880 555550342
1 2309 138275326
2 51
1 2531 557080907
1 1643 413982299
1 2166 429926825
1 656 137596125
1 1432 410237313
1 1415 899770127
1 953 47242623
1 1073 356171411
2 2296
1 2088 803792450
2 1949
1 1803 616776842
2 545
1 1069 747684615
1 2513 756423201
2 1538
1 1471 556903274
2 59
2 2666
1 411 818338916
1 2440 592082862
1 177 147899859
1 2298 550717459
1 1031 612513052
1 2608 43870159
2 1387
1 2293 791047848
2 933
2 2965
1 2753 228447770
1 1076 971130052
2 2718
2 2937
1 2471 478379180
2 188
2 1856
2 653
2 1420
2 2086
1 134 821865090
2 2538
2 157
2 407
1 2716 291871396
2 2568
2 386
1 2079 834819166
1 1878 962798042
2 1010
2 2414
1 1507 403377161
2 1816
2 670
2 2649
2 229
2 1981
1 1911 460679830
1 2984 813889300
2 1146
2 2979
1 2388 457774554
2 1489
1 961 341412712
1 2643 570244709
1 2161 549680753
2 1449
1 2224 349839418
1 2868 533500851
2 2283
2 1200
2 1432
1 862 277088455
2 1078
2 1018
2 582
2 2729
2 1649
1 550 989659378
2 330
1 1517 85001754
1 334 163709499
2 1584
1 2626 577906065
1 473 243227335
2 284
1 1897 818782431
2 2094
2 263
1 263 584265961
2 2988
1 643 37214488
2 117
1 1317 943678074
2 968
2 1835
1 100 14974384
2 1465
1 2323 911274162
1 969 2400133
1 1986 794008074
2 1658
2 755
2 2479
1 1810 886583585
1 843 144788755
2 1029
2 298
1 1544 916993343
1 1122 746675159
2 2937
2 1923
2 2056
2 843
1 2586 329690501
1 2830 96230800
2 1014
2 260
1 2152 970835675
1 2740 758592217
1 1357 179391906
2 65
1 2967 963928841
2 2098
1 2810 878371138
2 1527
1 2671 465278672
2 2938
1 1576 837099360
1 99 123370371
2 1580
2 2303
2 2516
1 659 165318773
2 2126
1 1204 831810280
1 1784 275802448
2 769
1 96 214277288
2 564
2 1267
2 309
2 1259
2 2064
2 549
1 473 159614585
1 602 192071954
1 1150 816110534
1 2493 871115807
2 1981
1 950 73423056
2 1519
2 1709
2 1691
2 993
1 2151 882885412
1 2946 880966898
2 1035
2 2677
1 1758 927602194
2 79
2 1366
1 1468 742923838
2 1027
1 1049 256644431
1 740 102884210
2 1240
1 645 859738632
2 1563
2 920
1 114 28939469
1 2139 355446348
1 489 642478095
2 729
1 85 941233562
1 379 556321867
1 1678 418203898
2 1025
2 2018
1 77 476569587
1 976 801372999
2 1560
1 803 735220351
1 791 429848074
1 2689 62999195
1 1816 509979302
1 2451 206328770
2 704
1 942 370269263
2 1655
2 1714
2 1184
2 258
2 2826
1 1260 271142261
1 2580 66273907
1 682 728562622
1 2359 357746338
2 2993
2 300
1 48 111479342
2 1665
2 932
1 727 850967209
1 1746 49950570
2 1438
2 2558
1 220 501831364
2 1562
1 2610 131189796
1 1642 617092594
2 1568
1 326 879034988
1 35 125184186
1 1304 205681063
2 61
1 2944 528813703
2 2701
1 1532 377632648
1 2231 307944654
2 445
1 341 289509914
1 2815 374039864
1 1159 31236596
1 1144 802183759
2 1232
2 627
2 1490
2 989
2 1852
2 1793
1 1233 248180086
1 784 628806237
1 1219 95147590
1 2877 893351114
1 2056 363157901
2 831
2 2413
2 2894
2 201
2 2474
1 300 601102754
1 1008 803755715
1 2353 48792884
1 1967 259571534
2 1672
2 1236
1 2224 365791223
1 1402 538774121
1 531 207898865
2 581
1 1907 285617246
2 999
1 2373 634667018
1 1834 969363886
2 2491
2 1177
2 607
1 825 714280328
2 1125
2 332
2 1513
2 624
1 2850 417521988
1 2084 466845537
2 1886
1 1020 383558178
1 647 430850233
1 198 263151818
2 2717
1 1493 528264084
1 1924 151834356
1 2892 194164424
2 256
2 422
2 2623
2 836
2 1374
1 631 784908130
2 784
2 1111
1 1787 425362759
1 556 353487529
1 1060 238088725
1 2748 991635446
1 1701 539704701
1 2069 11925388
1 356 537883476
2 1757
2 2887
1 2254 747301347
1 2278 13837745
2 1151
1 2936 634961639
1 1271 535768569
2 233
2 1187
1 410 125761763
2 1532
1 819 629672939
1 137 505524813
1 1478 861862068
1 843 704750543
1 2932 582505515
2 2882
1 812 114269361
1 915 373300202
1 778 697371986
2 2036
2 1662
2 1265
1 1933 268669090
1 2040 866188556
1 1228 427271529
2 427
1 1026 115171251
1 885 567056776
2 1647
2 1591
2 2155
1 1484 120885197
1 1760 160241226
2 2923
2 691
2 2716
2 208
1 1973 896580113
2 1757
1 1350 64449258
1 2664 105887698
2 434
1 2716 395626725
2 2352
2 1008
2 2353
2 969
2 1195
2 1050
2 1095
1 2114 105569171
1 303 587382245
1 2534 977453890
1 1851 893332995
1 2664 659244062
1 204 562568525
2 2526
1 2561 870611855
2 102
1 649 756571528
2 2586
2 1825
1 191 396684849
1 2671 604671810
2 1171
2 1783
1 1966 800601893
2 1973
1 2433 417392853
1 1610 589691267
2 1694
2 715
2 1503
2 1888
1 2074 575048550
2 1713
1 36 306325016
1 2406 487341090
1 2676 549617559
1 2600 993114822
1 2242 121751596
1 2466 812691989
2 1264
2 1093
2 2680
1 2852 874672841
2 583
1 1987 94877315
1 2146 661422094
2 1686
2 495
2 2320
1 1030 747932267
2 2242
1 2424 237291470
1 2845 413731100
1 2607 953037072
2 74
2 2567
2 2385
2 356
1 551 196389389
1 1996 237088404
2 2116
2 1975
1 573 67531440
1 2078 57773359
2 1534
2 80
1 2667 522464185
2 1171
1 1511 874123003
2 1754
2 2669
1 2955 398180668
2 1671
1 787 564589434
1 2868 953380744
1 957 509263396
1 2550 884023407
1 279 599638033
1 2619 990358073
1 2845 58484602
2 1234
1 2763 384154987
2 1498
2 710
2 2774
2 148
1 844 522294173
2 1436
2 648
1 1063 478065040
1 851 894125937
1 1608 858949935
1 160 370228789
2 2857
1 969 377664607
2 390
1 2022 184648544
2 1086
1 38 518381209
1 433 883424768
2 506
1 284 889417237
1 1079 220744518
1 1563 758663716
1 380 208823075
1 920 190104115
1 1947 886243841
2 919
1 1004 54370000
1 1077 181118176
2 2703
2 2145
2 1176
1 1226 924128943
2 441
1 386 159551014
2 59
2 2202
1 302 603862751
2 1591
2 2762
2 828
1 942 403422063
2 2425
1 272 64306937
1 1235 206182208
2 1884
2 1573
1 2289 512579622
2 1502
1 769 315992194
1 139 603716979
1 768 899890739
2 2463
2 456
2 2024
1 660 299182386
2 2901
1 1594 114800627
1 1118 894833127
2 2900
1 100 593253946
2 1762
2 1906
2 1697
2 2058
1 543 220984423
1 2563 421799521
1 2491 41219721
2 2306
2 1999
1 1191 194992675
1 2184 221356165
1 859 507957528
1 2424 79379397
1 351 867459985
1 2234 510146258
1 2439 581842119
1 2519 341861744
2 1840
2 624
2 2638
1 1931 126614837
1 258 785087846
1 1690 98597048
2 1171
2 185
2 1227
1 575 362955006
2 2876
2 872
2 1067
2 2945
1 1725 5607391
1 2292 678635243
1 2872 190670177
2 1173
2 2107
2 2029
2 1265
2 2502
2 1315
1 631 753661702
1 356 175179356
1 2649 799191128
1 1146 357539465
1 1657 88162869
1 1115 732829401
2 1688
1 812 819911802
1 1305 126995026
1 2425 364527641
1 609 354868313
2 1432
2 2276
2 2279
2 622
1 2985 281335262
1 1937 177445528
2 19
2 2093
2 388
1 2757 381471554
1 1909 564533606
2 1680
2 2430
2 1085
1 2419 503198546
2 1644
2 2494
1 1626 739412815
2 948
2 1940
2 2053
1 1174 462469483
2 1679
1 1541 796457608
2 2059
2 842
2 1739
2 1441
1 2291 975727128
2 666
1 1110 482679429
1 2998 800780615
1 979 563845521
2 2485
2 1521
1 2670 889729616
2 1847
1 2896 189304502
1 640 738830954
2 2727
1 1998 931254102
2 577
2 2477
1 2587 976642025
2 1377
2 2726
1 1115 748025642
2 2479
2 953
2 542
2 2541
1 2326 878114437
1 1664 170042611
2 1645
2 2927
2 340
1 565 130213253
2 2850
2 2977
2 1085
1 2594 892713825
2 378
2 1546
2 391
1 1624 1280235
2 1973
1 1224 543694265
1 1466 229896932
1 2471 357555735
1 86 909162389
1 107 356737894
1 2124 685135443
1 2184 487230447
1 1085 249814391
2 369
1 881 995587796
2 502
1 1302 468240088
2 2953
2 1069
2 2646
1 89 339072732
1 2155 535244421
1 1242 16237092
2 453
2 1675
2 2780
2 1647
1 296 472509583
1 2097 795570075
2 772
2 565
2 1883
2 234
2 1202
2 82
1 1941 63628072
1 140 118617309
1 237 754135337
2 136
2 24
2 371
2 82
2 2301
2 132
1 2256 233090823
1 1547 106424585
2 482
1 803 992533092
1 1958 854994014
2 1396
1 1646 912187767
2 2492
2 996
1 518 275404316
1 1722 68516392
1 2171 630639469
1 1800 823901922
1 406 268889003
1 2973 532121800
2 1613
2 2936
1 965 485328913
2 2248
1 2029 369112054
1 2361 343260424
2 127
2 2329
2 2764
1 690 131665342
1 2511 778148311
2 794
1 1307 57793981
2 808
1 2591 290862211
2 1288
1 1257 978285403
1 2058 439088784
1 986 752025501
1 1862 392175435
1 1754 135539650
2 1740
1 2716 278589343
1 2162 24535035
2 196
1 2742 835322638
2 526
1 2646 445947985
1 1282 870419523
2 2124
1 2014 782001369
1 1518 360234989
2 2498
2 1998
1 507 51263525
1 2038 439250085
1 337 504541889
1 1167 564870209
1 2234 387322240
2 2155
2 2092
2 1392
2 2950
1 566 757164735
2 1103
2 2508
2 2801
1 1975 849434191
1 1192 541425582
1 2299 872055763
1 414 454582817
2 2846
2 2706
1 1970 470491968
2 2442
2 114
2 2852
1 79 376267397
2 1388
2 620
2 442
2 1448
1 2394 881976798
1 2931 56476720
2 2785
1 35 324685029
2 2398
2 1127
2 613
2 1092
1 2306 419383377
1 872 988796466
1 2037 378194100
1 269 844179228
2 1778
2 983
1 2404 221645520
2 631
2 2217
2 17
2 1007
1 2492 790127758
2 2016
2 1961
1 315 442228382
1 2591 361326618
2 516
1 1429 278049226
1 694 843914913
2 2024
2 2895
1 774 190079507
2 1164
2 987
1 332 738011770
2 2898
2 2234
2 255
1 590 361721724
2 1628
2 411
1 345 846867558
1 2960 333501865
2 2440
2 104
2 2809
1 2547 338275039
2 74
1 562 225656834
2 2810
2 2229
1 94 928102911
1 488 645993037
2 1892
2 2215
2 1431
1 1662 604873630
2 1987
1 2692 261119028
1 787 725142678
1 1354 248649413
2 551
1 2559 308347185
2 1147
2 670
2 2789
1 1908 813624942
2 301
2 1123
2 1699
1 1611 679233598
2 932
1 2699 176589861
1 813 157830354
2 1450
2 2012
2 2132
1 660 779812766
2 410
1 1561 180912010
2 2729
2 2091
1 2615 870043732
2 1247
2 2882
2 2547
2 1251
1 1769 10862006
2 930
1 1431 262946659
1 546 928697439
2 620
2 1902
2 2902
2 469
1 2139 124196714
1 2362 171661933
2 790
2 640
2 1507
2 558
1 997 747304274
2 2902
1 2087 300207068
2 747
2 2872
2 650
2 2267
1 681 645100861
2 679
2 2566
2 2107
1 218 178243193
2 2492
2 175
2 1779
1 1126 380186426
2 865
1 1180 230746761
2 1998
2 2775
1 2002 30962513
1 1220 429472369
1 2201 262957749
1 2692 51024215
1 2053 211595005
1 639 811991159
1 799 502622861
1 736 41378923
1 2159 152758675
1 1298 781432155
1 1781 472667998
2 34
1 2223 338999039
2 630
2 981
2 493
1 1539 93131039
1 2991 967869533
1 1661 182829941
1 2559 605200050
1 488 511716678
1 1183 604022304
2 720
2 884
2 2197
2 747
2 1370
1 1458 156379501
1 2551 339517242
1 1395 28410105
2 725
2 933
2 2660
2 1996
2 881
1 2827 577797957
1 354 270504322
2 2751
1 1269 534338134
2 1390
2 70
1 2593 711133140
1 2201 60238195
2 2271
2 1905
2 1259
1 2591 978418294
1 2327 203654863
2 1412
2 2098
2 1843
1 1807 307166473
2 2233
2 1302
1 2792 388273284
1 1103 913810780
1 1300 632887846
2 1237
2 188
1 192 586870387
1 596 998317972
2 615
2 1593
2 1020
2 2429
2 1785
1 2724 35580041
2 1771
2 2447
2 2764
1 240 280453252
1 2438 865330330
1 1110 379355352
2 2245
2 1617
1 1806 234862961
1 1905 825565219
1 790 632935262
1 492 300769699
1 652 575186697
1 1893 266852272
1 2321 536336271
1 228 196890343
2 1047
2 1138
1 2018 894475827
1 132 232579852
2 724
1 1411 988429522
2 68
2 2162
1 463 201266700
2 2744
2 760
2 223
2 1997
1 1901 284135747
1 739 664413588
2 330
1 924 245950762
1 1499 341743688
1 2639 273182955
1 1149 587609303
1 519 174252618
2 1788
2 775
1 1485 25710644
1 2845 324521532
1 2305 485176091
1 117 498744556
2 2868
1 2497 146392110
1 2285 263475315
2 2350
2 48
2 2745
1 1073 748340615
2 2875
2 1763
1 729 932422829
2 657
2 2496
1 482 364395211
1 1672 813872633
1 179 422588916
2 334
2 2881
2 31
2 1781
2 1795
1 1188 332494867
1 1679 59608738
1 1214 463278089
2 2550
2 2085
2 642
2 1073
1 2926 792530507
2 539
1 478 970684219
2 2616
2 122
2 2287
2 2616
1 2029 94756999
1 760 399538909
2 2911
1 741 103343843
2 728
2 657
1 1501 375060205
2 2552
1 238 344510957
1 345 477155336
2 1686
2 1673
1 2302 622820218
1 1090 127230098
1 2798 149834517
2 1771
2 556
2 1263
2 1457
2 803
2 336
2 291
1 545 631325933
2 629
1 158 543360665
2 50
1 1381 764265323
2 2841
1 550 867412631
1 2836 528968502
2 550
2 1368
1 691 281861036
2 2056
2 1881
2 2705
2 2894
2 1477
1 1490 528307141
2 1449
1 2498 830493148
2 2344
1 318 738851919
1 1452 515217357
2 2296
1 1258 318346414
1 502 124015861
2 1815
2 2474
1 1961 438791383
2 1945
2 1304
1 122 481653510
1 1261 483931959
2 1944
2 2450
2 362
2 2371
2 1754
2 1796
2 2220
1 1812 234243442
1 2799 291314093
2 665
1 1425 282468258
1 332 568916041
2 2959
2 1431
1 372 212566812
2 1061
2 1859
1 322 834500498
2 1406
1 2668 351683667
2 1272
2 1408
2 241
1 2457 681491962
1 2833 288915594
1 549 585071249
2 1528
2 2921
1 2588 301925748
1 2415 626340380
2 283
1 2973 877967845
1 698 583154328
1 2208 934779868
2 1590
1 1826 876577044
1 1794 800901910
1 1289 78792938
1 2208 247177847
2 457
1 2452 805009988
2 2411
2 1495
1 1342 423093545
2 88
1 1798 925544378
1 1928 561063221
2 947
1 103 784933894
2 277
1 2473 175268671
2 1845
2 2958
1 526 664817645
2 1313
2 1084
2 2880
2 1540
2 2261
1 1837 695818632
1 1259 64269892
2 1742
1 2515 91207081
1 2769 534679154
1 1344 30759909
1 2944 615968948
1 1144 244301252
2 1029
2 1717
2 1343
2 204
2 795
1 1637 340383025
2 471
1 75 93867267
2 2309
1 236 736575609
1 511 143231816
1 1188 553967447
2 767
1 2646 199043310
2 1841
2 1611
2 179
2 2175
2 244
1 785 507023182
2 1652
2 2634
1 2436 979842171
1 1457 897971802
2 2807
1 2957 320922497
2 2175
1 1483 580479096
1 971 39435933
1 1417 109750232
2 2568
1 2570 779877312
1 575 295271139
2 1100
1 2782 330937460
1 2312 661432509
2 1922
1 344 2791475
2 2372
2 2807
1 1426 510825472
2 1300
1 2096 219566522
1 2135 478546755
2 2503
2 824
1 2278 662875948
1 2485 252779431
1 2871 291422562
1 75 729438005
1 476 205980762
1 2336 76125810
1 2738 835812472
1 1231 72797447
2 1950
1 1164 450989812
2 1486
2 1642
1 2793 835830004
1 1689 382003185
1 2082 472847913
1 341 250380335
1 2634 296457879
1 283 978208541
2 1117
1 1534 645190866
2 127
2 1866
1 2390 949423227
1 2999 320302858
2 154
1 1945 626754728
1 1915 185106295
1 655 880678590
2 1715
1 1865 164490936
2 85
2 2182
1 692 318209089
1 134 947422556
2 2784
2 1771
2 2717
2 1742
1 397 960078337
2 1736
2 760
1 495 813028928
2 714
2 1202
2 1445
1 2831 776273362
1 143 55700691
1 660 863524525
1 2597 452306209
2 1460
2 2520
2 1123
1 2824 886718667
2 2668
1 1640 190641027
2 1897
2 185
1 60 115005173
2 1930
2 125
2 2375
1 2803 191207287
1 1512 472648192
1 1183 236108741
2 372
1 1326 183070483
2 2094
2 1886
2 2816
1 1811 200231014
1 438 14236537
1 2348 200743760
1 44 163291247
1 688 668386302
2 2227
2 998
1 57 5605844
1 548 943057373
1 1704 347056221
2 2702
2 1513
2 1675
2 745
2 2099
2 1299
1 1237 185896131
2 175
1 2895 216436024
1 2634 103153302
1 1805 691384467
2 2070
2 1670
1 1020 70708194
1 1732 990561598
1 2016 540468833
2 515
1 605 677449404
2 1389
1 378 993521762
2 724
1 2923 545529518
1 1008 676168374
2 2851
1 1195 543723493
2 370
1 1041 164472812
2 714
1 2925 441906108
2 2143
1 2337 402034641
1 255 680700038
1 972 324138263
2 31
1 1570 264036092
1 2783 270737049
1 615 648890070
1 1280 869015023
2 517
1 563 508970689
1 2207 357018639
1 228 424225068
1 390 514548034
1 1168 398497541
1 610 904432010
2 83
1 2468 283750351
2 2798
2 1378
1 1159 9636258
2 707
1 2282 830384806
2 925
1 848 460457500
2 1284
2 1918
1 397 495740014
2 2144
1 1882 320341452
1 1902 868083018
1 1639 968051035
1 1575 88868033
1 1925 488698223
2 507
2 365
2 2342
2 872
1 2603 38850049
1 838 951823975
1 2829 487145774
1 2797 418369605
1 2812 118162551
1 475 966325179
2 2199
1 1206 501596354
2 1662
2 1450
1 1531 392770690
2 1531
1 2784 467632226
1 1373 216140172
2 1083
1 249 701260224
1 1144 831077409
1 2178 970620918
1 1726 511252252
2 1415
2 2518
2 2010
1 440 767519049
1 1433 32062813
2 2527
2 84
2 2775
1 1528 651274869
2 2685
1 10 397132053
1 2174 184494107
1 118 229869025
2 1395
2 424
2 724
2 1915
2 1203
2 1162
1 1291 787494552
2 133
2 1058
2 2373
1 1460 598491911
2 1266
1 1784 405263745
2 1659
1 2695 453715329
1 1662 978096892
2 2131
1 2290 36931899
2 2006
2 2081
1 1819 116642225
1 771 88369249
1 177 119306451
1 2824 931989087
1 1494 290458735
2 925
1 1169 6420922
2 1818
2 2771
1 1217 280080525
1 1127 230054349
2 210
2 1505
1 2086 254089825
1 2556 49254341
1 273 288832812
2 2135
1 2676 232785555
1 2705 423175408
1 2251 168004407
1 35 164086549
1 387 352981197
1 390 610860207
2 2032
2 1966
2 2364
1 2981 245166585
1 2954 637667065
2 924
2 1325
2 2638
1 1803 80583090
1 2430 342539541
1 847 199821642
1 2603 19718632
2 1422
2 1586
2 2857
1 1380 73944540
2 2835
1 1727 558051938
1 380 649804457
2 226
1 22 220710476
2 140
1 2086 766107721
1 2397 226967198
2 103
2 1000
2 2282
2 928
2 241
2 425
1 2397 875574995
2 2834
1 1445 649924846
2 344
1 1600 30676354
2 1221
2 2014
1 545 281955678
1 1563 952206973
1 1832 371135761
1 2908 590670240
2 1926
1 878 520057129
1 39 165389896
2 1771
2 2115
1 2968 896183455
2 288
1 2204 686567809
1 928 208057831
1 2194 759384363
1 470 797570916
2 1849
1 932 470515208
1 2570 106259407
2 2224
1 963 634833272
1 2143 495305064
2 619
1 1512 325790112
1 1558 679578096
2 1437
1 2698 305150438
1 1006 279831657
1 2073 645244846
2 2968
1 112 863855198
2 1765
2 2856
2 2276
1 1364 507199993
2 1547
2 1348
2 1475
1 2025 241513917
2 692
2 672
2 609
1 2938 310878305
2 597
2 516
2 2679
1 2179 3851218
1 1035 971671752
1 1691 300129339
1 2090 437570147
1 2393 444985011
2 1675
1 503 728373252
1 1674 193126890
1 2239 418077655
2 1282
1 2346 883853255
1 1870 740623590
2 874
1 444 121652731
2 1796
1 2013 855521013
2 971
1 527 721618565
2 770
1 2996 241213702
2 1465
2 1600
1 1204 671169832
2 1293
1 2158 632149702
1 546 20409834
2 804
2 452
1 2088 821073872
2 1708
2 2163
1 1226 898562575
2 2432
2 2641
1 1277 723142565
1 805 933350038
1 1212 395271347
2 960
2 234
2 1667
1 1646 460824386
1 460 141480957
1 869 145545967
1 4 37354853
2 1189
1 604 8723376
1 935 805204679
1 2391 943656017
1 2473 403623143
2 546
2 1732
1 826 45910669
2 145
1 1733 991649844
1 1778 227328066
1 2461 246030974
2 2639
1 689 422815404
1 1255 98936397
2 1981
1 2481 172810412
1 116 317939076
1 1601 288024640
1 2555 788919858
1 1167 102911120
2 2225
1 2774 488336816
1 1069 738858593
2 2682
2 879
2 1596
1 1890 288228380
1 2041 444761027
1 688 485827821
1 2952 475250472
1 1255 129152619
1 875 762857712
1 204 162083657
2 497
1 2455 543490603
1 1435 226185235
2 2302
2 2044
1 1853 368963979
2 1221
1 484 197559099
2 2032
1 1162 79315342
2 779
1 2346 967348665
2 1617
2 19
1 1213 407469238
1 733 516773622
1 447 459284007
2 1585
2 1370
2 1674
1 2342 485267484
1 1802 695511938
2 2963
2 1822
2 2182
1 1565 162865484
2 991
1 2565 184866312
1 1242 943289394
1 1528 843617209
2 2685
1 2478 862060676
1 2363 770530566
1 836 78579269
2 2287
1 1499 233461382
1 1532 568181954
2 1108
1 451 43489232
1 1532 492425173
2 1997
1 1292 419015630
2 83
2 1331
2 1667
2 670
2 644
1 1919 667872748
1 684 680840568
2 1277
1 2777 719275747
1 716 817799978
1 1149 935687337
1 2628 722959803
2 1887
2 1391
1 774 144833969
2 598
2 1160
2 76
1 1011 727131598
1 726 57830158
2 186
2 57
2 2203
1 358 335145054
1 1927 170103547
2 2802
2 1243
1 2034 749485292
1 269 749891071
2 14
2 730
1 243 933997309
1 694 558982782
1 1054 721270197
2 171
2 2895
1 943 476668241
2 779
2 952
1 2958 728019926
1 1498 183476357
1 207 484203446
2 324
1 1244 948992203
1 422 781364442
2 433
1 830 222840507
2 1428
2 236
2 2371
1 316 340185531
1 921 31410729
1 1426 275231344
1 277 888576230
1 1995 554655850
2 1517
1 1210 449601079
2 2730
2 1209
1 2036 25033936
2 962
2 264
1 2837 320902758
1 168 218929371
1 444 785732626
2 2595
1 475 905580316
2 2013
1 1989 604693347
2 656
2 772
2 923
1 2367 6337227
2 692
2 730
1 2265 691209331
1 361 656946861
2 1028
1 2350 575002910
2 87
2 980
1 1572 202114524
1 1483 134471609
1 2433 536489677
1 2742 885229536
2 1219
2 18
1 553 936344462
2 2297
1 275 504575804
1 518 683854232
1 612 380233515
1 426 579010325
2 1236
1 656 34234654
1 314 135148328
2 765
1 600 374749662
1 27 216452298
1 983 379504989
2 1942
1 2622 816818015
1 774 223492961
2 2023
1 2175 174206327
1 2737 621643009
2 2887
2 548
2 967
1 2945 872189374
2 1588
1 607 318528036
2 207
1 886 432503587
1 258 650538888
1 2479 180221623
1 1620 844087902
1 1490 865682644
2 1976
1 1267 414355493
2 410
1 686 496709637
1 1011 883278689
1 2857 665799101
1 878 973780348
2 1025
2 1354
1 1913 847785381
1 113 850688984
1 2191 645627556
1 1785 796029738
2 2640
2 2218
1 1158 127702497
2 2896
2 255
1 1594 580204616
1 2537 964281151
1 987 481048875
2 179
2 1808
1 1286 981657175
2 202
1 1333 714073121
1 2997 328834951
1 2090 847420759
2 1144
2 978
1 2870 635945896
1 1242 424034432
1 1078 488080453
1 1402 652838843
1 2351 874845707
2 2162
2 751
1 475 247432775
2 1445
2 2520
1 2076 554622522
1 2669 771628048
2 2089
2 391
2 1359
1 1189 506823728
1 1490 793657254
1 1334 433152167
2 1450
2 1157
2 1361
2 73
1 575 387434654
1 2168 798869620
2 1116
1 213 558774563
1 2847 70258656
2 976
2 142
2 734
1 1542 143353755
2 586
2 676
1 667 984580175
2 315
2 1022
2 2599
1 1815 488207336
1 1850 684233912
2 2570
2 1439
1 295 221278857
2 380
2 1030
2 836
1 992 689147472
2 860
1 2648 328165557
2 109
2 2752
1 1778 894167294
2 2503
1 2539 383174490
2 2410
2 682
2 2554
1 2700 481434524
2 2110
1 2195 32857897
1 776 45265735
2 475
2 644
2 1818
2 2559
1 1860 359352229
1 2478 536456705
2 2439
1 2496 346242276
2 2643
1 861 467295874
1 1757 920814534
1 2959 864452671
2 2812
2 1904
2 1324
2 237
2 2322
1 1867 860972215
1 2288 104770546
2 848
2 2499
2 1644
2 2266
1 352 391878698
2 952
2 389
1 2196 250422569
2 737
1 2791 654532865
2 1199
1 2831 562443914
1 2998 307278833
2 2858
1 2739 882057459
1 1070 789200370
2 842
1 992 29460951
1 1458 565490519
1 266 672793971
2 1455
1 1801 262247629
2 868
2 1007
2 2033
1 2749 861799163
1 1970 958358879
2 2635
2 2961
1 348 984606436
2 2527
1 2652 271520919
2 1941
1 2748 802145986
2 1352
1 1417 796483786
1 1885 583584966
1 400 219095553
1 2369 111117577
1 1909 28962752
1 1998 666324167
1 1725 699677891
1 2122 596224572
2 1530
2 2440
1 2637 921862493
2 1564
1 2409 295835416
1 2722 629878456
1 791 462347735
2 1095
1 2653 467134315
2 723
2 2547
1 1605 368052169
2 2000
1 912 492623637
1 2568 855022100
2 1318
2 122
2 587
2 1312
2 924
1 2015 120936109
2 72
2 2833
2 126
2 479
1 480 236465472
1 2779 49498061
1 1783 323764335
2 2886
2 2944
2 2799
1 2590 182938965
2 2940
2 2328
2 1292
2 1918
1 2124 437347471
2 1527
2 249
2 925
1 23 989273963
1 1020 574341085
2 1840
1 1575 205215733
2 2872
1 1668 794091955
1 2623 311533610
2 2794
2 1399
2 2465
2 1264
2 378
2 2625
1 2895 19718223
1 536 904152907
2 1341
2 2644
2 1400
1 1882 662647357
2 1373
2 502
1 2655 667457266
2 1291
1 283 897276258
2 2501
2 1126
1 557 223246152
1 2488 426557397
1 557 869527575
2 1321
1 439 219216958
2 2365
1 96 753785141
1 2146 506399791
1 1441 859956671
2 394
1 1359 892489736
2 2030
1 674 936118525
2 2384
2 1484
2 2541
2 323
1 2441 314379845
2 522
1 1028 995761752
2 76
2 885
2 2969
2 53
1 180 612666643
1 1613 101586286
2 205
2 787
1 435 886586298
2 1786
1 1821 448302094
2 1048
1 2562 189514525
2 2229
2 278
2 1537
2 1967
1 141 916512782
2 2280
1 1550 603772352
1 1084 83240688
2 767
1 1766 591341276
1 2245 915536404
1 887 965869134
1 1535 312693489
2 2744
2 2982
2 1458
1 1666 611567204
2 1267
2 399
1 2530 426108554
2 2830
1 13 832957521
1 1935 24268140
1 1745 624830990
1 1878 601299590
2 1987
1 2532 565282426
2 2550
1 961 282896213
1 2637 931051566
1 2208 704145447
2 306
1 2258 791898116
2 1191
1 1350 766890555
1 2827 489876186
1 2495 564691924
1 1440 131798820
2 2527
2 1195
1 2132 333737372
1 2212 415898033
1 737 968907607
2 408
2 2928
2 212
2 941
2 668
2 2524
1 2754 208733811
1 574 798500767
2 1204
2 2289
2 472
2 79
2 2306
2 257
2 1889
2 1891
1 1629 829377605
2 2210
2 1476
2 829
2 1086
2 713
1 230 639012503
1 2088 702799661
1 195 413131292
2 19
1 806 355364554
2 757
1 1670 522506785
2 475
1 2977 131034183
2 1827
1 156 301735271
2 945
2 478
1 1136 577149353
1 1833 554189363
1 2527 177179333
1 1665 670466047
1 1115 61085790
1 1184 121769086
1 1509 790247467
2 2811
1 1372 651848443
1 310 370701684
2 420
2 1854
1 303 131197280
2 1190
1 1357 776673301
2 2530
1 847 91266114
2 1060
1 1833 121789152
2 1757
1 1847 920413352
1 645 446270379
1 1527 974397834
1 252 845882681
1 2177 685625710
1 2323 920429473
2 1228
1 2926 766665310
2 913
2 667
2 2660
1 320 391462448
1 2025 353734574
1 529 463129786
2 2764
2 2096
2 2509
1 2465 472126811
1 2322 522050514
2 2940
2 2198
2 309
2 2001
2 146
1 2009 854300661
1 1355 687871558
1 216 595679522
2 992
2 1462
1 1542 607553990
2 922
2 163
2 412
1 2403 478468935
1 2069 233438970
2 50
2 1922
2 2620
1 2141 808323258
1 2657 263318455
2 2701
1 2286 128332149
2 984
2 2177
1 1207 961902817
1 316 937093367
1 1210 748695634
1 1701 575896748
2 2436
2 2852
2 472
2 565
1 2085 600026118
1 2535 941760623
1 2263 830870968
2 1269
2 2567
2 268
2 2293
1 1901 378376746
2 1707
1 459 607683845
1 1588 299982441
1 648 343137970
2 1670
1 1380 210166449
2 1292
1 894 251113330
2 152
1 2279 379530545
2 896
1 1292 250256913
1 166 789394189
1 1604 746800504
1 1318 790555354
1 1586 784470186
1 1514 112543492
2 403
2 2129
2 2818
2 1153
2 1259
1 2568 272882535
1 2373 496457594
2 650
1 1373 822677604
1 2327 663444472
1 1640 367922602
2 2035
1 2375 53858748
1 1571 39945046
1 2681 403495624
2 2357
1 2596 923149978
1 2768 922204110
1 1580 660579763
1 2901 442736065
2 304
2 476
2 970
1 1227 718078293
1 111 836745409
2 2996
1 511 710632236
1 1965 22992997
1 1477 837452920
1 2716 350083343
2 1889
1 1659 183981014
2 221
1 2561 975282957
1 1750 749267742
1 1826 182005984
2 2636
1 1417 97531095
1 1789 476378481
1 1844 552424079
1 1973 798267135
2 1871
2 145
2 516
1 2102 608578915
1 1730 1658876
1 2124 667922112
2 2316
1 1303 450183748
2 2117
1 304 465665733
1 641 232153817
2 2928
2 1694
1 1141 243747280
2 972
2 2641
1 1169 129217676
2 944
2 1176
2 1513
2 1308
2 832
1 153 630003480
1 1810 224290157
2 2427
2 1209
1 761 432274723
1 810 239766935
2 1523
2 1964
1 739 674789890
1 2937 483272703
1 1225 954256555
1 2459 563201875
1 2098 940396212
2 736
2 1779
1 2686 507786705
2 17
1 2398 504370115
2 1547
2 1947
1 1035 126967095
2 1026
1 297 635330073
1 480 646804589
1 1521 885913387
2 2351
1 7 410973961
2 1553
1 1881 478107706
1 2161 731865712
1 2501 394316210
2 2494
1 2948 668414600
2 2331
2 2797
1 2180 166868820
2 2285
1 2706 123408535
1 343 320438209
1 921 51697947
2 1615
1 273 460663588
1 716 428798109
2 1179
1 2078 811963966
1 1293 214701384
2 2532
1 208 871595451
1 730 520547838
2 1200
2 2042
2 2301
2 1706
1 2640 637180763
1 2645 618711033
2 1681
2 1436
1 2864 210817425
1 767 686083168
1 33 150206085
1 2240 673858104
1 2732 741594344
1 280 274761121
2 804
1 196 946372072
1 2326 308222726
2 2073
2 1718
1 2807 134374110
1 286 542472004
1 259 242983610
1 1479 779441742
1 2625 644383238
2 763
2 2304
2 1779
1 55 203248031
1 549 950908167
1 2383 501760292
1 2945 824818750
2 1617
1 2229 461231937
1 2987 268086548
1 942 939791331
1 2982 780064458
1 2202 630961159
2 1674
1 1266 786542403
2 2069
2 2140
1 624 965605972
2 2000
2 891
1 2626 256673117
2 1227
2 1512
2 1290
2 2981
2 1511
2 2327
1 1094 358457303
2 828
2 1969
2 2931
1 2680 38658071
1 241 312793822
2 1190
1 1185 665668010
1 1261 55637655
2 417
2 748
1 1289 858041626
1 77 348540172
2 2574
1 1205 916129041
2 1111
2 2975
2 462
1 897 669949923
1 2458 539878140
2 2266
2 395
1 1746 845036706
2 895
2 1148
1 315 608137615
2 264
1 4 847447414
2 2877
1 2415 394648436
2 141
1 1527 480109912
2 2130
1 2367 965902502
2 2521
2 239
2 996
2 186
2 2381
2 1175
1 912 683276519
2 672
2 1273
1 1297 332806672
2 2687
1 1682 686608148
1 1248 631567162
2 535
1 142 897115769
1 2382 178385927
1 953 661160300
2 185
1 2389 286125775
1 1182 163522383
1 142 32873739
1 36 237145514
2 1090
2 2263
2 1774
2 319
2 1229
2 13
1 853 593318987
2 2735
2 571
1 84 897964251
1 2529 379071675
2 2866
2 2717
1 622 277973037
1 189 452521271
2 37
1 1337 350692430
1 1298 735955058
2 8
2 2216
1 2198 819300696
2 545
1 684 234950478
1 2974 405309596
1 1881 848765308
1 33 532885722
2 1034
2 448
1 317 901658070
2 108
1 1658 327531856
2 1105
2 605
2 2071
1 1646 622249885
1 1954 323255172
2 2178
1 1958 10425014
1 2374 617380156
1 1173 165044283
2 1761
1 1572 62472125
2 99
1 2796 673396150
2 1852
1 1518 848813132
1 2798 202922577
1 377 331348844
1 2934 22764684
2 2167
2 2240
2 2190
2 2658
1 1363 399122748
1 1130 838083853
1 1740 4227879
2 1211
2 1831
2 1556
1 1766 432009310
2 1842
2 2813
1 1456 661419312
1 1117 528691
2 197
1 1298 316594710
1 1654 519606636
2 107
2 1957
1 2210 330778184
1 1792 531452345
2 579
1 125 379999041
1 2416 284190988
2 2470
1 2037 552492023
1 2712 211710355
1 2297 682458385
2 545
1 2053 76347802
1 1657 491618145
2 1616
2 2545
2 275
1 2515 985982688
2 665
2 1089
1 2218 689855939
1 1857 23272599
2 321
2 808
2 379
2 853
1 2129 252925757
2 1504
2 2329
2 2619
2 409
2 2872
2 692
2 884
1 2489 659086542
2 1636
1 1969 892919779
1 2326 839584190
2 1319
1 770 283311128
1 2014 111341794
1 1161 765810432
1 2263 800387131
1 213 266896568
1 1744 304394537
2 2618
2 2004
1 1164 631760730
2 247
2 1521
2 26
1 2953 5762702
2 1863
2 1485
2 773
1 2796 589504244
2 159
2 2148
1 2161 78879426
2 2184
1 1508 625645249
2 502
2 410
1 1987 610226500
2 1996
2 2777
1 811 219640330
2 2945
2 1221
1 2420 752905058
2 1458
2 1847
1 1942 953196085
2 375
1 1336 901392778
1 1394 77305220
2 195
2 1343
2 27
1 775 876926913
2 555
2 701
1 1054 407870072
1 363 379131855
2 2387
1 1357 310637775
1 69 741383469
1 2178 765217006
2 179
1 1073 129811178
2 2956
2 1786
2 2414
2 1038
1 2839 443829572
1 1576 942193356
2 44
2 2908
1 2809 988319163
1 239 495323636
1 2505 993071697
1 1552 254944749
2 1959
1 1054 598119420
1 141 837836722
2 315
2 2492
2 512
2 764
1 2626 334841069
2 1918
1 860 346670172
1 1070 973071845
2 958
1 2821 181495436
1 469 343439291
1 95 321565567
2 620
1 2784 401453379
2 2298
2 1318
1 1372 841966126
1 226 936013466
2 1173
1 2415 679646804
1 2379 26456407
1 23 599175331
2 1733
2 2834
1 91 3294741
2 2522
2 2742
1 612 5242609
1 2793 872365856
2 440
2 2054
2 68
2 508
1 1172 456990616
2 2320
1 1013 62978461
2 2994
1 803 877787037
2 219
2 776
2 2004
1 1320 932666805
2 2281
2 1529
1 999 531832356
2 2615
1 2986 160429323
2 2216
2 2203
1 211 520613487
2 1545
1 1319 623073407
2 2374
1 2538 800383935
1 444 100932056
1 2520 418045708
1 2280 536912141
2 1894
1 1110 548640915
2 958
2 255
2 2636
1 2887 685564909
1 713 692225576
1 1834 635238253
2 2215
2 209
2 2405
2 47
1 1500 977412288
2 962
2 90
2 2256
2 2477
1 1406 157847189
2 2643
2 47
1 1393 590173206
2 1772
1 377 222914203
1 1640 297737714
2 1728
2 1902
2 1999
1 1894 459421786
2 2329
2 756
2 1701
2 2706
2 2278
1 1000 94344979
1 2328 478396870
1 1754 705914490
1 732 330738655
2 105
2 1334
2 77
1 29 314668347
1 827 206374789
1 2045 308180711
1 2386 454312649
1 1168 652107329
1 2299 501103839
1 2099 190436324
1 2992 169332966
2 1407
2 573
1 1308 551554262
2 677
1 2398 39168596
2 415
1 2873 733239408
1 1402 23852531
1 248 184685735
2 1829
2 2078
2 323
2 739
1 1558 610853680
1 1370 710289070
1 2354 124745292
1 2288 791312404
1 1155 559321951
1 25 420261242
2 450
2 278
1 2453 814298603
1 1090 995414594
1 710 462874207
1 1639 268465028
1 2342 470531450
1 1819 287960445
2 2178
1 360 647041502
1 2501 685685190
1 2939 974022166
2 846
2 683
2 388
1 1413 590024427
1 2440 745975962
2 2798
2 443
1 657 590870607
2 2121
1 763 947797643
2 2181
2 2220
2 1334
1 200 870869764
1 760 117136025
2 1741
1 2006 993819154
1 2062 506171471
2 520
2 865
1 2800 869326706
2 1660
1 1138 155147663
2 926
2 2516
1 1124 361169523
2 2139
1 393 53577653
1 2599 760945489
2 491
1 2952 360768929
2 1674
1 1241 476388707
2 594
1 2717 177550497
1 2748 512389393
2 2041
2 617
2 489
2 552
1 2846 826937075
2 1865
1 2862 437841180
1 2298 838769466
1 1237 581497981
2 2080
1 572 972113109
2 2168
2 208
2 1159
1 885 178644056
2 1520
1 963 425574441
1 2965 940596428
2 1216
1 857 437443074
2 463
1 2228 394223047
1 1488 220244373
2 2406
2 2921
1 2752 883465329
2 437
1 488 31191622
2 1810
2 2189
1 1111 95760721
2 1251
2 198
2 1528
2 232
2 1607
2 2368
2 1467
1 1049 606307660
1 2046 357649707
2 2242
2 812
1 2177 566542757
1 2082 966127630
1 2023 1833644
1 4 129387365
1 2420 798735493
1 1246 907952830
1 1707 207174663
1 562 957930656
1 640 349160672
2 1603
1 1023 911341141
1 2207 836881728
1 1528 411550011
1 1099 665244681
1 2081 780291893
1 1858 58084582
1 986 615792432
1 62 737624004
2 272
1 2835 175762792
1 1515 994984684
2 2121
1 2425 29228241
2 2154
2 400
1 2628 622102434
1 887 218074352
1 992 248770646
1 1877 873457752
1 194 695953694
2 668
1 1434 838281968
1 632 340873415
2 92
1 1075 340486400
2 2484
1 2012 550151038
2 44
1 1841 821871308
2 1217
2 2232
2 308
2 2285
2 2534
2 368
1 1686 711384484
2 685
1 262 497192569
2 1489
2 1635
2 2371
2 1317
2 839
1 1143 563018091
1 2169 969849714
2 2231
2 1881
1 1993 523848486
1 1075 787137837
2 2032
1 1786 519860735
1 198 573306066
1 2012 588641937
1 2724 287219001
1 1575 210975741
2 1076
2 253
1 2159 657239121
1 2501 21163266
2 1673
1 2427 231788089
1 1788 730165007
1 1106 219566911
1 756 629306135
2 1200
1 511 571714978
2 2505
1 617 144571873
1 1463 369850999
2 1774
1 466 431213964
1 967 233971788
2 107
1 2905 433132537
2 1949
2 228
2 1711
2 576
2 116
1 733 679013234
1 1692 392007658
2 443
1 1328 672176642
1 616 644126728
1 2128 705741105
1 18 664768831
1 1848 295753991
1 708 222431985
2 2100
2 1333
1 1024 828448465
1 886 389430782
2 811
1 338 392244523
1 2046 722812979
1 116 57091184
1 392 894476836
2 740
2 2932
1 1995 333292671
1 2215 758559290
2 1881
1 1659 1434215
1 2771 476058837
2 2192
2 1321
2 1548
2 703
1 2673 924428297
2 140
2 928
2 2192
1 227 240583909
1 1434 602458897
1 1119 73973279
2 2194
1 1410 13089545
2 298
1 674 832777123
1 115 290256944
1 2640 390359319
1 2182 270710033
2 1972
2 1193
1 1801 37939208
2 1444
1 2698 868176042
1 2307 965575987
1 213 217199783
1 2245 78768537
1 1128 587064484
1 300 451508030
2 2715
2 2199
2 2838
2 2950
1 307 640215621
1 1988 945705951
2 45
1 179 229747552
1 2769 127981440
2 2091
1 2237 971123683
1 59 964303208
1 2663 802527712
2 2204
1 1752 475097624
1 291 622514678
2 2913
2 2246
2 2142
1 250 996712999
2 577
2 2419
2 2553
2 1068
2 2643
1 1968 789821930
2 1688
2 1809
1 2096 545270026
1 624 293847564
1 1278 920280435
2 149
2 877
1 1320 634548967
1 1682 385736246
2 1072
2 1811
2 2707
2 703
1 2829 849083647
2 1838
1 1981 15581778
2 1147
2 1557
1 2472 600174747
2 1057
1 98 101500332
1 2211 859272752
2 622
2 669
2 1602
2 975
2 2128
2 1803
2 2751
1 806 841642105
1 275 762892147
2 8
2 2687
2 1158
1 1712 468432140
1 2247 700718373
2 180
2 2373
2 148
1 1069 905993804
2 1783
