10 100
6 10
6 5
6 8
6 3
6 4
7 6
6 2
6 1
9 6
1 6 804465797
2 4
2 6
2 4
1 4 799101468
2 10
1 4 677770304
1 5 811785298
2 10
1 6 222994667
2 3
2 10
2 3
2 10
2 7
2 6
1 8 683321394
1 10 488185181
2 7
1 6 547787471
2 2
1 9 565364263
1 8 479249698
2 2
2 1
2 5
1 3 762970307
2 6
1 3 969174166
2 6
1 3 311579538
2 1
2 4
1 9 44681388
1 1 599076214
2 9
2 2
2 6
2 9
2 1
1 7 219373687
1 8 988159559
1 6 544634333
2 1
1 10 192549392
1 2 621518792
1 8 453053042
2 9
2 10
2 6
2 1
2 10
2 1
2 5
2 8
1 8 704225983
2 6
1 5 781359517
2 6
1 8 421288678
1 8 428060677
1 3 802570414
1 5 911796205
1 6 762613184
2 6
1 7 288647063
1 2 346486865
2 8
2 2
2 3
1 9 778407245
2 2
2 7
1 3 933746862
2 8
2 10
1 2 484426798
2 6
2 4
1 3 976011216
1 7 463968531
2 3
2 9
2 4
2 3
2 9
2 8
1 2 29439741
1 4 372805742
2 5
2 2
2 7
2 8
1 7 752235452
2 8
2 1
2 1
2 3
1 2 868288302
2 4
