3000 3000
628 1330
666 1487
2049 486
2066 956
1271 876
1080 349
876 1985
1817 420
135 521
2640 473
1527 1143
2124 474
2824 2734
2184 161
2309 2696
2908 1807
2041 347
1447 1564
1774 1776
1893 580
2854 1089
854 1295
325 2832
2271 463
503 945
295 897
2369 2664
2901 1811
2494 1821
2623 2086
2558 2609
1781 179
2534 1085
568 366
2690 2474
1635 1746
833 877
1817 2237
599 72
1710 1915
578 1642
848 1642
1478 694
745 1081
835 687
1919 1376
2463 2307
2544 1300
602 397
280 2707
1546 1221
175 2056
2038 1845
921 2090
2895 1101
437 2893
948 430
32 2045
425 1592
120 1932
2893 702
385 1293
2041 1992
2511 2932
2615 1898
1489 1477
2752 422
2183 1136
1872 1955
2481 1913
2374 1524
1791 2193
1141 804
544 945
47 1400
1832 2871
2051 413
2925 2915
2798 2383
1794 828
330 504
1713 1370
815 1903
2655 2089
1367 2539
1625 1010
2518 424
2294 1701
742 1286
868 2600
688 182
2028 749
2334 2857
1813 1689
269 1150
2362 998
2531 1232
1201 2806
1627 1119
2591 2442
351 2575
1381 626
186 1086
746 1947
2703 2213
2080 455
2117 1134
2353 729
2788 1288
2072 364
1908 1621
2376 2127
2368 1946
698 2891
1283 395
2918 2082
1816 1217
789 453
784 300
793 1129
479 1168
543 2676
2192 1872
897 1232
196 442
846 304
2485 2568
2297 838
740 2944
756 646
1143 1517
1254 2360
600 371
2398 873
1789 1389
822 23
1436 586
669 615
660 1486
933 1034
2021 323
1357 2298
2266 2445
1011 1967
1017 216
1002 270
61 2793
1906 1845
681 782
2467 1196
506 1688
2977 2753
494 1268
1519 2796
1302 2158
401 459
48 670
2389 1754
2257 1467
566 2429
62 1021
2625 294
735 2097
138 1351
2760 231
2508 662
258 807
1511 1148
2190 335
2072 1003
1363 2704
1359 274
2733 968
762 1061
166 1862
489 2332
2455 400
6 2221
95 1995
2314 2217
280 556
1901 596
2314 310
2161 2339
2711 190
2829 1712
1729 115
540 2424
1210 1918
146 2842
2826 2530
2963 898
1845 2200
163 1780
436 188
870 973
2021 1285
1883 337
2911 2891
945 2835
2265 967
2869 1644
2310 928
2705 1986
406 540
1085 2898
2306 1994
2983 3
2530 988
1313 2855
2270 1852
1786 2411
1914 451
1721 1123
277 2077
1189 1828
1943 1573
2473 1058
790 701
1442 1733
1756 1305
453 1518
1467 554
184 2577
521 73
1632 1073
2467 404
869 1379
2099 455
1422 39
1740 2032
233 317
361 2920
1385 149
1764 1931
360 2877
1841 1751
1008 2434
201 1672
2207 342
2835 1288
1896 1691
1676 259
1792 1398
668 843
1704 520
457 1623
1337 565
2204 1435
2611 676
1609 2275
2838 808
2262 800
2552 376
1118 924
2312 2291
2268 988
1055 2063
2813 2873
2713 1325
1453 1710
2702 775
1317 1037
1737 56
1874 1065
2804 2135
1322 1805
829 2185
2122 2826
1912 474
2889 2241
123 606
2545 152
2902 1424
908 443
545 1768
1133 2890
1039 1587
2154 129
1051 2942
1420 2335
1640 1892
2722 2114
1945 1115
2991 408
2803 1385
2817 2474
1528 2208
2365 129
668 2152
42 823
971 1237
17 730
993 1067
166 1320
1860 973
1538 2421
502 2614
551 713
725 1808
294 2587
2396 1741
182 2340
1346 1403
910 901
487 241
1352 1306
556 2338
2283 504
1952 2627
1592 2992
218 437
1671 922
2638 2952
2639 2487
1993 1965
1201 2659
2155 2413
374 871
2829 949
478 815
2930 1962
1213 2610
2925 1579
1066 516
1961 1944
11 1987
82 987
2143 1993
1629 2571
551 960
1905 2898
905 1301
2687 2600
160 1904
2892 1425
1479 7
96 2168
2479 401
2744 1439
482 2016
2493 2176
2280 2786
1513 2916
2257 2714
158 2803
1504 51
960 1342
301 157
1318 2909
2551 2267
2476 1065
2521 2822
1137 1101
175 417
1211 2233
820 1550
36 31
1575 2749
7 2176
2500 1875
813 2027
1229 153
1912 2780
2580 583
415 2025
260 1429
2991 1272
2885 2946
2199 1430
1173 1222
2023 2996
294 1622
1711 824
1703 1706
1950 1069
2839 1263
41 2227
2286 1151
2777 2507
1250 673
1418 2888
2418 1344
690 842
1016 1267
2088 210
2159 2957
60 2501
2573 278
116 260
2288 2471
769 1456
188 1896
2153 1745
1048 1305
1071 2965
1678 2840
1784 850
639 1728
952 1828
2198 1581
2640 2954
93 2407
438 630
628 1710
428 773
749 1618
1223 2166
586 230
876 691
596 221
2646 2070
2775 2471
2114 528
2922 1759
540 411
1378 972
126 249
2283 2113
2928 2538
1482 685
2689 741
53 606
1474 2914
1250 2484
727 1207
588 721
1048 1695
373 2742
1865 1094
319 2623
1669 144
2572 1484
316 801
41 706
161 33
1520 2574
732 827
378 20
2847 2965
1804 2565
2603 590
1082 322
2098 2648
164 339
1769 1433
2315 2096
1952 1365
2182 1078
110 502
443 1438
2669 271
2529 1283
1321 2552
2666 666
1691 974
992 1056
410 1188
908 414
2548 2102
2624 2431
1041 1300
1313 66
469 1343
764 2400
1429 2532
2549 358
2430 2225
520 803
2817 2876
773 2292
40 205
2739 2987
1397 1246
1386 1603
2840 343
1013 2074
1833 2863
16 723
108 289
2760 2656
1639 408
628 2916
1160 1305
1170 2192
2955 1285
474 1900
919 761
1825 661
812 2460
158 1075
99 2393
2525 2685
2724 2816
2897 232
191 2769
34 835
2623 2716
2638 640
327 1340
2239 450
2799 2540
785 2620
1298 2611
179 2411
2357 135
2402 461
1402 1503
2491 1858
395 618
172 192
2264 2345
2760 1500
32 483
1633 1430
964 1463
2656 1261
1182 227
2968 1636
2814 1985
1483 27
1855 2012
183 1925
2031 726
183 390
2545 2933
1658 1083
817 631
718 792
1158 571
649 2017
2046 76
1200 136
1760 1257
1216 2024
2434 716
2321 2569
215 554
1827 1171
2222 1070
2836 458
2304 1143
456 2612
1039 2048
195 2181
1194 1844
1911 288
19 2349
1717 2924
2220 2661
10 1850
34 1347
1086 2601
1506 2829
2497 2536
859 1927
1399 1015
1974 1391
1353 1855
959 1643
1195 1024
1916 1234
2709 589
1806 440
1759 2520
833 1366
2608 819
2854 2157
2879 2731
1754 1361
881 604
2180 919
600 878
196 1078
1355 356
1244 2923
2644 2385
2081 2932
2884 1752
1831 966
2400 1683
255 2624
424 1508
2373 1747
837 1138
1746 253
1681 1189
1975 2289
1198 2319
2527 947
1737 1709
1550 784
1043 185
2905 1863
2184 387
1922 392
739 769
312 1385
1874 2106
723 1302
1053 1041
2608 2938
2751 467
2690 1178
1108 1816
1145 2231
2973 1967
132 2056
1411 737
1457 553
1277 1954
1420 474
431 2834
2800 1486
2504 2108
2447 398
1599 2438
78 1891
1042 2004
2119 775
1878 2515
131 663
2461 2560
1958 2050
1391 222
2180 2737
2742 295
98 29
42 1091
1886 918
223 1047
591 1054
582 192
2304 2033
2040 1548
925 1844
400 2693
1033 579
451 285
980 2055
530 962
1505 1616
1633 1035
1607 2269
1888 2038
1909 249
533 2831
2715 1641
1163 1768
670 1645
242 1294
942 725
1256 481
2224 336
2315 114
321 588
1099 224
2758 751
1596 1663
201 3
858 1581
1098 45
2907 1842
2900 476
1235 1684
1604 2566
1308 2627
1414 1827
1517 2061
2814 2503
1579 1105
2910 2076
1884 2531
1545 2947
1264 1298
2827 2406
2807 1696
2561 2722
1869 217
2204 2928
388 706
1733 2586
2450 1602
1395 58
1449 2274
581 76
2833 1258
82 2865
2364 275
2241 2621
424 1321
998 79
2076 1879
1412 1504
882 1220
8 2997
1120 2837
1415 96
2973 2782
2252 2503
644 487
28 1059
2718 250
565 1113
2212 293
610 271
792 2557
2629 866
2943 2333
1849 2802
1695 2107
2953 1173
2385 258
1029 888
1634 2571
1239 625
1128 377
2558 476
1531 2834
1137 2592
633 363
2165 245
542 2409
44 1198
278 857
58 2005
2642 2801
1698 2562
767 2781
2078 2186
1222 764
2961 254
2522 1570
473 1943
820 333
1759 1961
874 1693
2390 1729
1242 2354
1119 1922
2263 1653
2708 1127
1334 2015
886 1310
2096 1817
2859 316
379 2699
2147 2150
341 125
301 2170
2238 2228
665 550
1702 1914
1785 2839
981 247
934 2745
1666 124
2989 1348
2359 2205
1044 2318
2117 467
2093 1255
234 1829
557 541
2525 2018
2239 1390
117 2732
748 1730
672 2776
2331 220
1007 1187
2579 1495
1564 1963
1777 1700
1722 2491
2774 1467
2245 2541
358 2578
1399 2984
1908 1334
788 1606
2533 1626
471 2383
958 2778
269 2792
1930 2544
146 43
340 1868
203 1417
1724 181
1882 1429
1504 774
2084 2436
14 1839
2976 42
1101 70
1020 1909
1908 1608
2970 965
1879 2677
2653 1833
714 1972
1208 1339
348 499
253 2240
2672 2379
928 1067
2294 1374
445 449
503 1541
720 648
2408 2489
2331 1153
2686 470
2959 2955
771 2048
780 478
2762 795
1978 1291
1868 1668
578 1304
2536 2681
791 777
2794 2354
1830 724
2120 2129
1454 1549
1233 1427
1986 1192
2634 647
2581 2464
2224 9
2415 2662
420 44
2043 1065
1270 1815
911 570
2059 2360
1450 2496
675 2785
1873 1562
1342 1398
2014 1231
2589 821
1867 311
210 2913
1686 2521
680 1542
1676 2125
383 2903
2174 1111
444 2361
1933 2947
1767 1309
1174 2009
181 997
368 2136
1527 1692
1716 1118
1581 1878
1939 783
1490 1079
697 326
470 1751
1675 207
2850 2260
1449 1276
959 1992
1792 2308
844 2443
93 2432
469 526
634 352
1318 1007
2457 2736
2173 2729
374 2772
455 444
652 667
2553 2249
2174 2629
1423 1431
2005 599
2179 1516
1377 145
1375 2442
1801 1928
1380 1555
2369 59
2373 788
240 2704
1018 1348
2428 631
2965 712
2444 1340
239 1557
2972 1396
534 426
921 2195
1632 2597
1094 1743
1802 2480
2276 2399
1707 97
771 2698
1942 305
2659 1358
2777 2813
177 2478
189 179
1063 818
2807 1096
2350 1206
144 287
1605 2660
2666 561
15 2049
1821 2382
1747 423
860 1262
32 1612
438 1497
2119 80
1023 1600
2065 1886
1797 1541
2140 2894
68 966
949 2047
2886 1130
2430 1082
2424 2594
367 1813
2350 1854
2696 2206
117 2016
1890 1735
2563 2874
166 391
1959 453
62 2593
2982 1988
729 1329
2811 256
2019 1732
1395 187
509 1210
573 136
2284 1703
1426 1227
1827 696
1338 2075
645 1125
2192 993
2288 1471
1209 797
2050 2561
1114 1039
1168 2985
2560 2130
2247 1093
1565 935
2132 2578
297 697
885 2848
811 1494
1037 2730
678 2338
2675 497
2811 290
1233 1892
574 2846
243 2517
347 531
758 2904
1251 832
2352 840
1238 752
1533 2768
1192 1431
2377 992
1477 2785
744 828
2637 640
983 2074
638 2630
2582 2949
2591 1001
1570 1632
49 2236
2044 264
336 1921
854 1275
2507 357
2892 1694
17 1102
2853 1449
2642 1088
1303 2344
920 999
2139 519
874 2466
776 1554
2550 267
815 2067
1930 1100
2285 406
298 2908
1864 1080
147 1295
2899 2639
1544 2121
2103 1035
2643 2915
475 1709
2169 829
2333 1526
1396 562
118 11
1976 1096
329 1413
1664 2172
1440 2265
845 999
197 527
970 2795
682 2754
1268 1454
2677 1630
2709 1191
2658 999
716 2771
2279 2596
1881 1642
1600 2651
2749 1240
2946 1864
378 1098
1476 2854
659 1332
2476 2650
498 180
2287 2444
883 2664
2935 1490
1412 1461
1130 2773
37 1375
2663 1973
363 2065
1378 2499
675 2962
2858 1585
1374 1111
604 2750
545 989
2621 671
2157 2425
2485 142
2154 2618
2160 1441
219 2423
1789 2819
2337 1380
1356 2257
2052 2312
427 430
1825 1123
1287 2029
719 592
1631 1660
705 131
2258 2316
2635 614
1776 2058
324 2220
1495 2636
1762 1987
2102 2411
474 1106
2882 250
2939 766
146 254
2488 1580
12 532
1654 1557
2244 766
996 2852
282 2903
2388 1853
2712 1629
387 248
2606 1270
2930 2700
963 1364
1761 536
50 1780
2477 359
1823 632
109 195
2467 909
2435 2144
1681 485
2195 1218
1016 386
405 1205
1864 2104
146 2584
529 154
2097 73
848 613
776 2086
2408 2066
498 1337
293 1929
2766 973
1522 1528
71 2614
2406 758
355 2733
2654 1968
847 244
1888 354
382 307
68 212
1322 770
2883 1362
1203 1556
2184 1327
1545 2263
2878 2189
1935 589
91 56
1518 965
2657 2618
1829 83
589 2836
320 865
1247 1297
2876 2270
2446 2535
1711 2328
2861 150
1297 2875
2598 1613
2129 447
728 2139
903 1571
482 799
1102 2622
2900 1215
2256 2327
207 1323
1470 2939
2626 1774
1338 1897
1421 1030
1540 567
1856 1140
1103 2040
2178 1567
868 1325
2722 1084
1060 2327
2604 2175
1712 1095
273 1902
1158 1147
1936 2663
361 541
1753 28
1515 353
1574 1227
2863 62
2397 376
867 498
538 1154
2420 2820
2856 2069
1234 315
2671 406
1234 1138
2251 2044
1977 1404
1117 594
1056 1387
1394 1659
984 553
1452 2142
2192 402
2451 534
1338 55
1539 2355
1981 1641
2221 1764
1728 148
313 860
1976 2120
997 51
1559 2578
510 509
266 629
220 812
1249 2823
72 1806
1914 262
1265 171
248 2105
1519 737
381 2380
2171 858
2073 752
932 1147
1947 2989
1558 1335
2682 1264
1019 1049
1242 116
1826 1476
1655 1926
1197 445
106 2084
947 421
1412 1069
994 2566
2960 1493
38 341
2764 1249
27 417
1933 900
1144 1512
368 707
2234 782
1316 540
2183 1011
1168 1126
1131 1865
2919 1085
1365 547
886 1152
79 532
152 2368
1260 168
147 2372
231 241
802 1444
2267 2585
1142 2570
1541 552
450 142
2235 1330
1553 67
187 1575
1758 832
949 1023
2000 744
1648 2297
558 2322
1505 1683
2388 1054
97 2440
1241 1356
496 2664
1529 1161
2837 1089
2020 511
275 1070
1606 717
2468 257
1479 1923
523 2941
493 1278
737 2371
1906 2480
2494 2159
1413 2701
1166 1379
2692 937
1025 252
1 1727
2149 2612
2602 427
1765 1719
2413 1708
1901 972
1135 2247
2015 2011
1058 918
1559 1656
2957 1996
1216 2166
1851 2753
630 2887
2788 1926
728 44
423 1324
2232 1549
2743 2184
955 594
2692 2672
732 284
899 2967
2367 1537
862 901
1968 2070
1072 1814
2680 1653
2856 1006
256 1263
2516 880
434 1331
1720 884
2083 2792
1128 1212
2201 112
2085 2757
2626 1189
544 206
1721 779
2713 2447
700 577
125 35
1553 2815
288 197
1345 522
1090 1214
2462 572
2652 557
1889 883
562 422
1704 1832
925 247
416 377
2374 2937
463 2453
99 1990
1679 1342
2605 230
853 1416
1004 2761
1884 1244
2023 596
1437 2116
1657 1502
2819 2984
1291 2735
2538 610
1761 2611
2721 841
2273 238
1561 1997
242 530
2999 122
491 2258
2162 958
2490 2872
2228 1155
407 1650
2302 480
2300 1697
493 990
1625 1869
432 1484
329 2963
501 2449
2588 1298
1174 44
2886 655
1814 2087
757 1775
1071 1469
580 2700
1496 685
147 2934
353 2633
3000 2324
1984 117
2262 1583
143 194
742 2310
2039 2851
2419 1501
2369 197
2776 2277
1748 54
2352 2678
2060 754
544 2226
2436 1358
2968 693
698 2694
3 798
68 1910
2414 2742
855 1292
2768 2758
2405 2039
336 2624
510 1757
618 743
583 1998
2197 2600
1822 2178
2375 2728
830 1660
2759 291
1636 2660
331 914
1214 1199
1340 77
1369 2852
1760 653
1699 114
452 1367
2330 620
1523 1371
1026 1032
2812 1547
228 434
219 2073
2248 2207
561 69
909 1638
980 669
1494 2694
679 1582
1502 525
1696 2425
2088 2421
738 2904
2863 559
547 1409
2820 491
2260 2416
2897 314
2046 1134
172 2253
2014 307
683 796
923 907
521 2559
199 1907
518 726
1604 1149
1600 2624
1029 1136
1299 2439
2927 308
2348 1774
1788 2896
2562 2986
2569 2005
2358 206
2992 611
2399 957
1572 1498
936 2445
1405 940
1277 2750
1519 1648
1359 634
648 2911
2710 2187
689 2033
283 757
2542 226
46 849
487 1286
2289 2756
111 2141
2067 2960
1928 1670
1722 1208
2041 24
108 718
841 2441
346 2173
1226 535
1307 446
164 1551
278 308
1304 2499
1685 2401
1979 2206
2882 2427
2088 60
2924 1117
62 1530
991 1701
1344 2008
1589 1812
2509 2505
2533 119
707 2804
53 1686
625 1054
2739 1917
1383 1737
404 305
116 971
2303 1441
1862 2616
296 2211
1795 2209
2216 975
2217 1419
1408 253
995 2859
1074 1106
302 650
1516 2645
750 268
435 1811
740 2950
1948 1174
2470 222
2554 1279
859 1843
2510 1951
2218 155
1362 1682
595 138
376 124
1408 1121
942 2787
715 1068
1766 2208
1269 667
709 1172
768 2062
1804 75
880 529
984 2064
2727 2512
275 2770
320 1502
330 2465
2964 1801
2109 904
1324 340
2307 317
223 2793
2568 441
475 817
1665 213
2515 915
2344 1112
692 969
1706 2439
1231 2127
283 524
2917 2787
558 892
262 195
2454 449
1451 795
535 2197
1249 1144
63 227
934 2459
2132 543
1289 313
2242 187
1731 978
1536 1835
472 2211
1755 1873
1099 346
2726 2861
2620 1657
367 2573
2520 415
1239 92
2546 1618
2587 2022
1677 2155
862 2808
2235 818
1320 2816
1790 359
736 1951
2007 906
7 1545
1349 130
1358 1055
2994 1202
1434 2367
365 212
583 1417
1293 530
996 2489
2717 2384
1834 2193
2502 2364
662 946
1347 1942
18 634
403 2229
564 1216
1763 1330
112 1946
639 177
549 237
2632 2122
1924 582
831 1987
1164 879
2524 1445
1376 2219
2169 772
213 1419
1807 261
2341 1960
1010 2684
381 2039
1220 739
1513 2667
1245 1397
2556 1544
1989 1833
1190 1137
769 1573
2891 2650
557 715
140 989
1977 96
298 1032
1815 2769
1683 2118
429 1671
582 985
2110 1837
961 2347
87 2828
230 1141
2702 1983
585 1563
2190 934
2725 2404
1547 308
1534 767
2739 279
2378 1511
2858 2942
1095 293
45 1468
1284 1039
497 2888
1340 1588
553 1558
2270 1585
2488 246
1133 110
1230 1560
2234 427
1978 965
479 2880
792 660
1976 930
483 605
1404 11
1484 1905
591 396
1218 2941
2942 1382
540 2358
2194 176
677 1739
228 2408
151 251
155 2748
88 978
2860 750
692 2567
1693 819
2780 348
1028 929
1295 2030
543 2366
2993 198
2383 2808
2993 2609
1630 1051
854 495
959 1729
1339 1492
1354 2667
30 1247
1271 1818
2095 1568
1587 2374
2306 2764
2881 393
2711 1605
2866 2865
546 629
2950 2502
380 2037
2866 2126
172 1481
2775 1177
328 974
986 325
537 2477
598 1390
1615 2416
1350 1476
1491 2320
1036 1888
1891 2194
452 1515
2384 1331
89 19
1996 2101
2295 922
1940 236
1963 2007
2218 2821
2521 1064
1299 2884
2640 1638
68 270
2816 2682
1142 1995
1092 2981
364 536
776 1081
713 1186
1571 1997
2399 347
991 515
1116 2528
2090 681
1812 2325
2850 2329
2628 579
226 160
1604 1588
1936 236
2883 2376
934 560
2602 794
594 2177
1191 1333
1619 2641
2929 167
1937 1256
261 105
2378 791
1577 2669
468 892
1181 1933
2614 1434
2715 2116
1180 477
805 2680
842 2688
837 2423
708 2884
684 36
394 1042
365 1403
1275 2974
37 446
358 401
926 2203
1628 992
701 1887
304 1266
338 2619
273 2437
1082 460
2391 1914
2830 975
2562 311
1282 31
173 513
2534 643
297 656
2527 2026
2328 2137
1575 465
390 810
2036 1755
2518 509
2501 2582
1183 1460
653 334
2264 1357
601 2614
411 1188
2905 2746
2448 25
950 151
948 590
153 1770
2292 1749
1024 1199
2326 1680
1654 2478
1523 534
133 1260
1112 2824
2856 1770
896 1731
828 1858
2054 656
1294 1966
2310 933
70 597
1306 1624
2443 1264
48 2158
2765 577
276 2286
309 2977
195 104
2094 176
257 2286
2246 1428
912 16
1397 1252
1232 2293
1697 1056
57 2208
1076 1938
1740 1844
1057 1075
770 1455
1956 2123
2747 362
333 165
2674 1823
2100 2
2981 2134
1870 1384
2205 763
2498 1937
2622 1217
796 898
397 69
137 1964
888 511
1981 2246
2452 1116
2579 155
1809 1645
235 33
2691 856
1012 976
2863 1536
783 2706
389 2579
1902 383
1163 2351
969 2461
2262 1953
2627 721
804 2415
2003 1455
1219 2112
63 2497
579 2834
2313 321
1448 348
2710 162
914 2472
2100 1170
1267 1245
2945 1424
2318 2254
612 2238
1296 2683
344 2335
338 2910
1796 967
2788 2313
1782 1443
2044 2934
902 2904
2148 615
676 2341
1612 1924
2036 801
626 92
1846 1207
2745 2465
935 1254
786 2927
1889 2005
399 1718
700 2322
2333 2713
630 1304
1983 1531
574 1392
1896 1635
2298 986
2150 2978
1511 679
2164 2661
1652 530
1488 184
2469 1685
2822 941
2035 2227
614 1609
2196 1810
1670 522
911 1008
2299 1786
282 2779
1820 493
1498 2791
1018 122
2251 425
2948 306
1552 1318
2282 1414
890 1751
2412 2514
2912 2519
2232 388
1725 584
267 2196
939 126
2254 2250
1734 2250
1911 281
584 2935
211 1949
2394 2000
1866 710
1568 118
2023 1885
2697 191
2419 368
682 2523
1216 1720
2833 303
1157 2894
1569 2897
2771 2805
1803 1569
1262 1970
447 2628
1784 793
2302 1553
1145 1607
2024 950
896 1998
916 1509
2540 2995
2169 2363
1293 2655
498 2936
845 201
781 2393
2637 929
2802 1946
165 635
2862 793
1841 1478
1377 505
1727 1778
1139 1363
953 2953
1907 2617
1664 825
2475 370
132 2182
590 2763
2068 1599
2899 2978
777 895
1339 1175
1388 690
26 1971
600 1185
1798 375
2895 898
169 1722
778 1899
1357 1601
244 1757
1209 1861
1689 637
1022 1009
1540 1539
1788 2535
1628 1772
448 1677
1045 398
2526 637
618 505
2417 13
1543 204
1373 263
2157 1871
2781 2466
2177 2849
1590 931
657 1106
1285 375
1899 2604
1167 512
1097 1157
975 1514
1438 2951
2163 2674
265 2492
2783 1929
1503 899
150 1221
2299 2059
2100 35
692 2025
124 2046
1072 2864
478 1599
1773 1833
1959 191
943 1395
514 2906
788 246
237 771
373 454
1330 1259
2172 1775
1646 2082
314 1146
2606 2844
25 98
162 1809
2186 2037
1594 397
2422 2721
1954 674
1184 1696
1974 619
1000 2120
1013 263
2870 2118
1005 1309
340 2301
2673 1690
611 1763
1737 1848
2481 1713
915 752
1447 1078
424 861
1253 2371
2890 2280
276 522
1351 952
2465 1283
1255 90
2409 2428
412 1238
1668 306
1934 2765
2042 2495
2761 884
609 290
121 52
1758 1578
167 575
1353 2691
2720 2133
5 2807
345 1166
699 265
399 113
2345 2500
2392 317
648 77
517 1529
1393 183
1856 2619
52 2914
1105 1738
2671 1348
74 2235
617 1601
1609 2723
1343 1237
223 944
208 1558
684 655
2346 1165
1162 2252
1213 2508
1929 2982
1083 982
333 369
622 1317
414 1838
2464 1499
2661 661
168 2673
1876 432
277 2972
1276 1229
1384 1982
33 1215
1463 2300
1594 620
166 200
1437 1052
8 2127
2657 481
2842 1146
2343 1593
826 156
887 560
2971 1938
2460 47
1576 825
1810 2975
1473 1393
2057 1423
1401 1613
139 704
2547 781
836 2404
819 289
961 990
1279 2913
2456 813
18 2223
39 822
1724 1124
1546 2339
115 931
1346 1997
910 534
1366 1034
1046 2663
2079 2528
355 1139
1801 1920
2330 2766
490 2969
2901 2678
1367 1373
2084 2354
2517 20
1783 1412
1962 224
624 2477
2595 2885
2685 1047
2772 2537
1507 1172
1445 1675
1991 442
1857 15
2296 1274
1748 2896
460 2051
1341 2567
1524 1694
643 232
2259 1315
1700 895
2881 632
2779 830
1568 2082
1020 698
418 2330
1103 2948
2148 1999
1834 2980
1771 1502
2261 1274
433 619
608 904
2507 753
1661 2731
1820 272
2726 360
2524 1097
1352 2001
863 312
1151 672
477 309
2959 2888
1450 1047
988 2455
311 2181
1893 1093
585 1012
2551 366
2064 2126
646 419
120 1428
2205 2759
1836 1341
773 2665
81 21
1892 2509
506 229
189 593
710 2575
1169 2279
2000 2456
1940 302
1881 1847
1458 1223
1537 1895
2453 569
1 2795
2197 299
513 83
2435 1311
601 1260
2233 334
2517 652
173 1584
875 2254
1713 539
1535 1108
1714 2732
50 1599
1598 1711
75 1475
2336 2281
2506 127
2775 2840
1486 996
2230 2964
1053 946
1909 2737
2994 1952
2649 2054
2220 2857
573 710
178 1046
2601 2362
2280 1410
1651 2796
1451 2342
1629 1414
2093 548
2633 870
855 1953
38 2188
448 1169
2099 2151
1179 1738
310 2607
1885 2013
50 2701
2483 2656
1808 1349
913 2643
1669 1548
866 932
2161 1883
776 2813
621 1929
607 1182
2755 2004
2745 2921
105 238
1578 2831
609 2728
2797 2788
566 1177
324 629
492 508
958 719
322 2052
1789 2610
1125 903
2383 484
767 756
1049 765
2061 1394
2071 1848
646 1736
2632 2409
2607 1421
2780 2185
85 1043
1979 1425
1361 2669
2238 1183
1951 384
999 1176
192 512
622 1644
73 205
2188 143
717 88
154 1944
498 2704
247 2094
89 755
1314 1773
157 642
2148 2831
1017 2281
608 229
471 1212
501 540
730 2498
459 1723
2530 2341
2204 839
2010 2969
2658 1750
2114 218
1191 15
1291 466
671 2571
253 107
156 1464
2058 728
134 47
1534 716
1388 2325
2483 1036
1318 2395
2589 2296
2773 2931
1070 2906
1455 2512
806 1907
760 1360
2396 2966
741 689
1101 2613
2440 1273
528 2845
2723 2968
2809 806
1802 1779
2844 2871
2832 1512
1837 1047
2696 1319
1857 1175
1975 531
964 2146
1745 1168
2457 957
1290 891
887 1793
2958 1062
733 472
2012 1887
1650 510
2284 1117
1591 951
1499 2109
2172 2278
1282 622
1897 1597
101 1742
638 778
254 2526
8 2199
2135 355
2108 2939
1689 1863
797 673
2273 2708
2167 1914
2976 708
1947 688
936 1220
2395 2121
2565 2035
802 1941
1651 391
2151 1939
2139 714
2810 150
1957 958
2489 1799
1931 606
1840 753
1938 1970
1521 2212
1116 2427
855 2748
1586 2851
1665 140
2078 1828
1236 1739
2819 1673
1922 400
2716 1920
1705 592
2873 1060
572 1465
2215 1066
1923 917
1575 2679
2484 1639
252 2052
576 412
1495 1610
1228 1716
735 1729
1113 300
2926 898
1221 65
1566 2002
386 1185
1756 488
26 2993
130 1088
517 2862
1502 1964
2128 1728
906 2885
2215 2918
2403 1818
1155 2152
954 1094
2496 1202
2466 1482
496 616
185 2199
2019 836
2053 1842
228 174
1839 2581
1838 2450
2077 2355
2085 1761
1980 8
1941 1553
1525 2010
39 1087
1614 2877
1533 2348
1074 92
1887 488
194 151
700 2482
613 2875
291 2028
1601 1662
824 2602
2290 346
541 722
671 1605
2029 2481
30 1233
2841 1033
1328 2825
1904 1861
1164 906
995 531
1582 1742
350 2867
1834 2179
1219 2541
410 1294
2370 441
2292 2055
1488 2846
1226 1043
10 2423
2163 403
1084 2977
1015 2648
1407 2516
1459 2590
1027 2291
632 864
178 2512
1402 2340
893 236
112 64
293 2145
2882 2636
2170 2995
507 2838
2670 257
2307 1189
2987 454
2142 198
2631 1669
755 2752
1376 1687
731 1127
575 2062
136 1355
2867 2688
2576 544
1368 193
111 1177
2469 2559
1204 1726
1744 1606
680 2696
193 1427
1674 768
2152 409
84 813
100 1819
2311 2714
2998 453
2180 94
2689 647
2849 1407
2136 569
677 1165
1611 2648
477 1424
1306 1344
1629 2979
2843 258
1153 2193
1489 49
1433 2138
761 2806
2020 128
1663 2026
2209 1620
1311 1734
2012 2683
12 937
200 500
225 2978
567 2962
1089 2907
1031 1547
2244 2510
733 1246
2115 2721
128 1753
2719 897
2253 538
2784 762
1336 2526
199 1381
765 1087
112 244
370 2992
1100 803
143 2305
1637 754
2156 2389
1621 102
2477 2513
1982 1866
1062 439
421 2799
480 2333
2912 2196
3000 2662
800 2691
1570 860
86 36
787 1372
95 668
2734 912
2144 291
1555 1228
835 2735
409 372
2595 1315
14 1360
2914 861
2605 1009
734 2826
1735 211
2372 834
1087 2774
1115 323
542 2006
1162 1865
1968 683
2838 1359
154 853
2410 2519
1814 1980
2116 711
835 636
58 1617
318 1249
103 1587
1750 2990
471 1969
1708 1574
1197 303
2253 1159
1122 581
2543 134
428 2118
2382 649
2596 362
2045 2002
2415 349
905 1104
1272 1310
2315 703
787 2532
268 2060
823 2840
2956 2880
663 2271
22 773
2091 2641
2860 90
809 2446
2555 1707
1352 464
2079 2468
2214 2691
170 2780
940 2883
1894 1007
2361 2146
1119 2213
2818 1064
1771 53
816 591
288 55
1563 1258
684 1132
2695 546
1616 2386
259 575
1631 435
2313 1591
2073 724
2690 405
2359 2156
2741 2482
396 1356
2537 1200
1464 1603
1073 13
1758 1464
185 2320
1285 2506
2448 2291
1159 1954
1742 1661
1682 2123
1342 1376
2675 1031
1203 2472
840 2755
2951 1475
1266 2306
2556 1817
1769 1888
1680 2098
2032 2433
2420 1030
2815 550
1014 1554
2191 1744
2401 820
736 470
1586 81
1372 2051
2187 2554
1658 2248
1587 2110
734 2790
2042 87
1050 614
2774 658
1323 1401
1826 1505
2949 1725
1211 1718
123 1551
209 1166
2784 1648
1773 1156
924 119
1402 1983
807 1795
1994 87
2149 2961
2402 641
1792 1244
2405 2417
247 1124
2767 1253
1460 2583
1412 57
548 234
2699 2773
773 2019
977 2645
1307 2141
1038 2599
2459 702
715 903
1303 1205
287 2445
627 466
2215 2969
326 2591
2364 2223
1380 678
587 156
2739 1332
372 1422
605 827
1535 2966
2637 523
1314 2590
2011 813
2531 2553
970 2855
1093 2317
1487 2407
976 2245
181 1796
2857 917
1664 696
603 1480
1002 2730
2615 2522
1510 2334
2075 2324
2381 546
799 779
2353 1593
1109 289
1777 603
2815 1622
1104 2801
141 916
2433 429
216 2043
1565 1516
1733 738
1844 1312
682 2071
1778 2868
2406 771
208 2157
2672 2236
1532 2505
2486 1844
2175 709
114 686
1876 384
2649 1458
2495 2453
2829 1265
872 1146
1990 1719
568 1005
170 2933
664 1457
2722 2848
979 1139
1949 2563
1273 2867
1466 574
1979 1877
2116 1121
2037 2945
1662 1779
2343 2403
159 1764
2432 1110
1560 461
2523 1077
184 2387
2342 2188
1927 1275
1667 2608
916 1903
494 2329
2470 2326
2747 1110
286 1386
913 296
1819 563
2231 1586
2853 378
863 1626
623 533
311 2255
95 1280
1614 849
4 1485
1281 2084
2988 775
2789 80
203 729
2198 2763
2140 1179
1905 537
1199 2075
2375 2598
1923 555
1988 1733
2593 1349
1687 196
1654 2996
1649 1561
332 2746
631 100
1003 1567
911 2647
1596 46
1309 1006
1824 1908
1870 2356
2356 134
1057 243
1059 2351
2496 1248
852 2053
1541 468
1637 2017
574 1364
2031 2574
2538 1446
2741 1040
1715 2412
1257 633
1728 1025
1648 1076
1765 2542
2705 1772
284 869
1707 1230
1038 1462
96 1750
2332 2644
1140 54
2332 2229
2081 1745
1556 731
1034 1787
337 1480
891 419
1092 1236
2370 2547
2083 458
889 1728
2668 1790
393 2707
2738 2085
2319 1204
2091 922
711 923
1705 2546
2008 2947
1301 284
1659 2261
2010 2825
1785 1584
1243 931
2134 2101
2426 270
394 2782
1890 571
1684 2927
851 1955
2634 401
1488 654
2868 2473
292 722
612 2255
2751 462
2422 1956
1326 2226
2365 2346
1107 2480
1432 1403
102 604
2786 2107
2242 1664
1620 871
2523 1446
1392 740
248 2398
1086 2143
793 267
704 1965
1522 1137
21 2792
1698 2243
1663 747
1589 433
1595 2873
165 214
342 2438
712 2277
2564 2514
1623 1558
759 1072
2825 1498
2744 872
2168 2160
1152 2630
2958 283
2112 371
2706 2879
518 2872
1674 1921
377 1368
1121 1187
1532 699
1161 1793
926 759
2497 1562
539 786
2740 974
2046 2189
2842 2202
748 1436
204 2589
2372 315
983 2349
2639 2210
1507 2437
339 2978
1134 850
2366 2717
2872 139
907 1686
26 2560
1914 2133
1800 684
2105 357
1798 1572
2585 1743
805 2721
695 1609
309 202
451 9
2272 879
938 2988
2414 963
809 2057
798 1371
2034 2038
810 2492
2681 2564
2336 245
1406 1960
1079 2729
2641 614
2599 1653
1846 2920
2458 2221
2546 1543
2287 1472
2987 927
244 2092
655 2653
2545 2940
2454 2874
113 1602
446 1224
2102 168
1026 598
694 650
1741 2316
1025 651
1135 641
894 239
2235 508
1386 975
2412 292
703 4
1647 2224
2960 2667
1782 1740
2885 1465
961 2830
2081 2347
2111 1225
2090 550
456 1880
2210 1859
1531 2323
2669 2131
1193 375
2439 1854
324 2985
2684 1688
634 2165
1008 178
398 2111
2858 814
217 642
66 515
1615 1520
1360 1426
1 1112 870330201
2 2543
2 999
1 517 120473126
2 2799
1 1028 350853547
1 2921 885327335
2 2798
2 311
1 1653 215226656
1 2772 977529672
2 812
2 2583
2 1430
1 1130 70182489
2 2151
2 389
2 90
2 2464
1 1002 108287285
1 2241 511552598
2 949
1 2834 486272228
2 1822
2 623
1 1305 650343480
1 1094 886751493
2 2180
1 951 528435388
2 987
1 62 361406244
2 676
2 1391
1 21 740832673
1 1953 510913613
2 1683
1 302 907946245
1 428 150751842
2 2689
1 2542 618351528
1 1304 448350123
2 2105
1 2116 909895273
2 331
1 2886 260398395
1 458 918130936
1 29 217764459
1 935 511397460
2 357
2 232
1 738 202680469
1 1158 94411174
2 2757
1 513 571220645
1 853 293499880
2 1600
1 1313 705542890
1 2829 746932977
1 1261 238076491
2 1673
2 2172
2 939
2 1101
2 1902
2 2960
2 2155
2 402
1 1845 722298169
2 1822
1 2948 890266188
2 511
2 2107
1 892 748445676
1 821 669006784
2 1946
1 1886 849729724
1 2120 785084147
2 150
2 1550
1 507 414050501
1 2271 903784522
1 239 847027472
1 2745 93271354
1 910 280090238
1 2011 43225648
2 2685
2 574
2 1775
2 2270
1 506 383562835
2 843
1 2394 350682915
1 978 996843741
2 1675
1 2201 714394520
1 364 494462726
1 1299 589613269
2 754
2 1033
2 787
1 690 953847491
1 796 293863975
2 2491
1 1653 112209116
2 1609
1 970 807337024
1 1966 736892244
2 349
2 2491
2 1786
1 1446 135071039
2 2339
2 1492
1 2045 290803792
1 919 917126728
2 1187
1 211 603963564
1 2289 666912652
2 2293
2 779
1 1341 156223733
2 2063
1 2382 29089182
2 47
1 2547 546212227
1 1596 39369207
2 756
2 7
2 665
2 1617
2 2166
2 2981
1 2575 683969857
1 628 294488757
2 2829
1 1618 353593155
2 2306
2 1303
2 2865
2 64
2 2217
2 1247
2 1044
1 831 930319632
1 1706 430129811
1 125 168992394
1 684 730109054
1 1851 381499489
1 2349 242800604
1 2990 757029947
1 2115 644467701
1 1906 960640254
2 623
2 1676
2 3000
2 2617
1 542 119061902
2 2652
1 1581 657151949
1 1365 44252624
2 2297
2 1008
1 1993 461004132
2 1532
1 1982 603684307
2 717
2 2230
2 916
1 940 652182073
2 1477
1 1634 630802464
2 24
2 2961
2 996
1 616 906123092
1 360 677602924
1 1843 875448386
2 1572
1 158 479821468
2 312
1 2618 214163072
2 395
1 2086 419641722
2 1294
2 2922
1 1385 354194423
2 552
2 2006
1 819 524403133
1 2117 270229852
1 988 954260975
1 360 688388603
1 2195 897896112
1 2240 896283163
1 2707 922741502
2 2151
1 2688 255293241
2 22
1 1365 531984784
2 1594
1 2641 893938348
2 2194
1 1281 162992283
1 468 965319308
2 1596
2 1577
1 1674 233769847
1 173 737032597
2 1999
2 2804
2 903
1 377 971153116
1 585 450837848
2 776
2 1624
1 2486 557796086
2 352
2 783
1 2598 349765585
2 1040
1 939 101393105
1 726 697789266
2 890
1 1735 77279827
1 1063 434613874
2 1359
2 1770
1 1326 959248279
1 1348 291584052
1 1959 797611533
2 2610
1 1532 744125103
1 1079 999313546
2 2272
1 1159 742089933
2 2140
1 273 966047116
1 326 102162354
1 651 589833898
2 1982
2 2012
1 2699 718697623
1 1534 759291281
1 2166 499899635
2 586
2 1341
1 1041 861550916
1 2146 399813040
2 384
2 2173
1 1315 486870120
2 303
2 2661
1 2064 516226507
2 182
1 1563 765971866
2 918
1 975 369093277
1 1225 969782028
2 129
2 899
1 1185 38814948
1 589 124679115
1 434 71720720
1 721 349864597
1 1470 754792087
1 2042 44313976
2 976
1 663 358024222
2 2852
1 594 161129901
1 2116 880688723
1 2492 102538873
1 1812 820344378
2 2971
1 1112 602230768
2 1870
1 1107 447600302
2 711
2 59
2 1122
2 411
2 2501
2 1633
1 913 354978980
2 2762
1 1456 117357433
1 2554 157846671
2 1414
2 2168
2 1981
1 2057 611526593
1 2403 668126693
2 899
2 1399
2 117
1 1084 540752268
2 652
1 2164 534552923
1 2865 524054497
2 2369
1 2210 446338135
1 2023 224034625
1 2622 716914023
1 1014 675025945
2 1196
1 582 33916199
1 1749 913934484
2 2708
1 2681 222782456
1 924 87835407
2 1712
1 1647 863305276
1 2698 833653666
2 1054
1 2416 30992253
2 2471
1 2060 401128770
1 2400 946493149
1 110 776080883
1 1074 814645152
1 360 512974472
2 183
2 677
2 854
2 141
2 2191
1 972 970604587
2 1850
1 2931 850579419
2 1652
1 470 389961663
1 1996 739943246
2 2760
2 363
2 428
2 2786
2 1165
1 1672 95825935
1 1687 484213662
1 1868 749866948
2 2159
1 2215 651967509
2 441
1 373 108362685
2 2808
1 22 862415421
2 587
1 328 22879497
1 2038 721507777
2 2055
2 2198
1 2975 110639570
1 1337 480787941
2 1408
1 1101 608166405
2 2819
2 695
1 1941 317141652
2 1895
1 2634 739274559
2 1186
1 2379 753214410
1 2015 179933844
1 538 911490413
2 2766
1 1572 518247705
2 2366
1 1712 987950894
1 1229 484320385
1 2352 504833886
2 2486
2 278
1 813 741811204
1 256 960187611
1 158 766270211
1 2950 771651851
2 1367
2 2419
1 2187 628110678
1 1946 462974417
2 672
1 1404 667394165
1 1930 433904900
1 2334 824036481
1 1986 527904732
2 2071
1 1713 529310992
1 875 977876744
2 2586
1 2593 245187267
2 2230
2 2380
2 2113
2 159
1 957 512520478
1 2602 49098639
2 2829
2 892
2 580
2 1817
2 1662
1 1358 876016598
1 304 478775780
2 2770
1 972 735143493
1 1072 404578850
1 1616 882630836
2 130
1 998 476734398
1 2743 163855365
2 1942
1 2295 480039422
1 131 675170822
2 527
2 1971
2 1840
1 835 795863854
2 1461
1 2314 845700193
1 2060 402605884
1 788 782495944
2 564
2 314
2 2768
1 2096 444401518
1 1258 693473306
2 590
1 700 349921910
2 1483
1 1850 487446066
1 15 889083719
2 2228
2 2456
2 91
2 1551
2 2233
2 2803
2 1229
2 2557
1 1175 285094411
2 2534
2 1737
2 2358
1 831 407269456
2 710
2 2872
2 2512
2 1276
2 2341
2 1672
1 2911 133969081
1 1736 194001988
2 2951
2 1765
2 2858
1 791 796668535
1 1688 366061791
1 2339 232647511
1 508 162061911
1 1984 92925154
2 738
1 1247 212437975
1 158 380949986
2 2393
1 1617 762300821
2 2813
1 954 650964675
1 554 925453172
2 50
2 1337
2 695
1 1447 813929277
1 1565 615492047
2 233
2 1826
1 2072 335204741
1 2145 491506260
1 1575 843777828
1 1713 483464089
2 219
1 1670 66493151
1 466 95954142
2 2992
2 1470
1 1307 325621571
1 908 797245839
2 1398
1 1424 733717175
2 1679
1 691 613705291
2 1607
1 343 369072017
1 1514 654995837
1 298 315657868
2 2961
2 1153
1 2515 231419408
1 1966 228626864
1 1193 795857676
1 725 480993250
2 225
1 1492 178771063
1 2486 933140539
1 513 322863932
2 2261
2 1008
2 1202
2 676
1 1293 206741471
1 1845 389753833
1 334 644081490
2 1315
2 664
2 2290
1 1853 139514235
2 375
2 2518
2 33
1 686 686133844
1 2739 508970788
2 343
1 576 613277112
1 2125 729291624
2 896
1 2105 243445265
1 1626 272034066
1 1881 920685956
2 2450
1 2429 444071045
2 774
1 2469 149107260
2 1227
1 233 758940416
2 1116
1 360 692603749
2 2181
2 1645
2 1141
1 2839 54099098
1 426 961015197
1 688 9190059
2 1129
2 392
2 1134
1 2075 744293114
1 369 199624640
2 1391
1 1425 167387606
1 1218 256250503
2 2133
1 2387 324683397
2 624
1 16 972249197
1 2604 883909725
1 128 304912834
1 2083 560218301
1 977 851822151
1 2082 469081128
1 452 264578570
2 2982
2 584
2 603
1 316 549651217
1 362 286332060
1 2897 309414364
2 1227
1 799 927700685
2 1844
2 2766
1 2944 311168385
1 1304 446386935
2 1938
1 2468 327768442
2 1196
2 1158
1 2739 228275914
2 2749
1 781 83267390
1 2805 34960214
1 742 669298095
1 2990 563458965
1 1511 236740478
2 1732
1 2656 783909762
2 2976
2 1167
1 2751 341830226
2 1448
2 1985
2 1839
2 1588
1 388 152328945
2 2210
1 1575 796070643
1 2760 837331021
2 1916
2 537
1 1072 200468046
1 394 852681011
1 1444 235384193
2 1119
1 1049 179583395
2 205
1 877 25603141
2 1832
1 900 849402459
1 1504 421925779
2 2754
2 112
1 184 382718403
2 1135
2 101
1 1458 148557461
1 2831 869055118
2 969
2 2370
2 161
2 999
1 2234 43741657
2 72
1 2722 34658457
1 1131 434665220
2 2905
2 1685
1 253 873990467
1 1057 290391685
2 2497
2 937
2 33
1 1123 689442838
1 1729 332993367
2 407
1 1368 906506331
2 1384
2 1926
1 234 766731568
1 677 892008991
2 2451
2 598
1 788 770143087
2 2347
1 2665 188831249
2 309
2 887
1 2319 932553798
1 621 533728958
1 2282 642586573
1 1950 119992721
1 1578 687510679
2 22
1 545 619983125
2 1202
1 1306 902618165
2 589
2 1137
1 2528 856260802
2 1536
1 2257 664375615
1 1549 325212919
2 1111
1 1578 266074334
2 1549
2 2525
2 13
1 609 251705334
2 1846
1 820 605667988
1 393 727718783
2 522
1 728 193200279
1 929 847892005
2 2496
2 62
1 2784 641615079
2 256
2 634
2 1708
1 1946 241285327
1 2936 851541238
2 732
1 2051 463515151
1 1666 350625316
2 45
2 534
1 243 421142132
1 2789 543664417
1 2894 79798194
1 277 234503221
2 1492
2 2967
2 1614
2 2680
1 371 463721092
2 988
1 1293 928473563
1 1740 95931381
2 882
1 1586 991053721
1 1253 837301706
1 2154 323560434
1 1582 945544652
1 555 626041790
1 128 150299443
2 1094
1 2106 652438440
2 726
1 1855 913449048
2 296
1 649 990674625
2 765
1 1690 920233918
2 45
1 2917 199363794
2 286
2 1469
2 1709
2 260
1 1379 781947976
1 359 108299712
1 460 346155269
1 655 509856460
1 132 4759340
1 939 874179643
2 1267
1 1620 138263739
1 658 325092208
2 2489
1 734 166335113
1 1940 133736619
1 1869 671809179
1 891 559210134
1 734 798646601
2 876
2 1709
2 2683
2 654
2 1405
2 2042
1 698 431010216
2 808
2 2774
1 206 602353041
1 2216 189502693
2 1784
1 2775 218598302
2 1575
2 753
2 509
2 2469
1 1096 914808447
2 1756
1 85 908879344
1 1179 225376281
1 2663 945721822
1 804 188463286
2 1280
1 1918 804330565
2 887
1 33 595896407
1 1874 398814186
1 814 843124036
1 1885 306867894
1 2006 871368633
2 2899
2 1
2 1037
2 866
2 2401
1 345 488609138
1 52 785304091
2 2297
1 2770 227877680
1 547 479281413
2 2597
2 2579
2 93
2 577
2 2095
1 1706 542353959
1 2528 285869948
1 591 484106366
1 851 411759750
1 629 514588229
1 1401 730504632
1 1663 221791073
1 2392 869859513
1 1402 123151383
1 1023 297772661
1 2327 58266593
1 2649 229170051
1 2117 578884211
1 520 17737431
2 2776
1 1532 872305833
1 1764 547960306
1 131 707204517
2 1607
1 2291 400752724
2 1318
2 2798
2 309
1 2900 450334354
1 1077 213972634
2 903
1 897 893811570
1 699 780144852
1 2481 443081548
1 2284 746043006
1 2291 36055638
1 629 131893616
2 2366
2 2861
2 2721
1 676 307982110
2 1651
2 1015
2 2668
2 1976
1 427 335806239
2 1497
2 2481
2 2754
1 1078 464951500
2 1993
2 2186
2 1249
2 1007
2 1238
2 765
1 2119 52344508
1 1150 751162043
1 2445 341675269
1 354 796801701
2 1835
2 1621
1 2398 175073362
2 1743
1 191 661021574
2 1996
1 2270 462933477
2 670
1 1193 681397455
2 1311
1 2613 578128693
2 259
2 1780
2 1749
2 1111
2 2216
2 1741
2 1193
2 2389
1 1995 940554320
2 1753
1 2235 376764452
1 2419 823856213
1 965 340124942
2 412
1 2302 541498534
1 1634 71725713
1 2811 301063397
2 2378
2 1938
2 2214
1 1023 518686630
2 2336
2 241
2 951
2 941
2 1129
1 1083 982183468
2 2442
1 856 972171830
2 2939
2 1884
1 2030 601708439
1 565 999762236
1 2249 737783550
2 2563
1 1730 167366073
1 973 809359508
2 249
2 2828
1 2947 792566397
2 2150
2 2982
1 45 809738043
2 376
1 856 536011473
1 2862 210828563
2 1242
1 105 931756446
1 1433 897883403
1 2386 791717468
1 578 368957333
1 34 436035438
1 2372 937348929
2 2475
1 673 14263573
2 2714
1 908 532088551
2 2193
1 839 565582441
1 528 467841720
1 403 441844342
1 180 432874102
1 2038 411675804
1 2378 92217342
1 1896 74505450
2 2613
2 2238
1 2702 881937522
2 2426
2 2628
1 2810 707832731
1 2548 548034451
1 1264 404335624
2 2370
2 1674
1 784 529816837
2 2675
2 2357
2 2969
2 98
2 672
2 1673
2 1239
2 2959
1 9 611437110
2 1044
1 1470 895963338
2 2712
1 2547 189249181
1 2320 783322845
2 2958
1 768 779360164
2 703
1 979 495171135
1 2387 946121985
1 1393 789649193
1 35 754081083
1 1647 661335071
2 2205
2 1357
2 584
2 756
2 2085
1 2159 224737309
1 283 143535935
1 2675 11695414
1 764 489366434
1 2497 816006895
1 591 849186709
2 2483
1 1925 180379036
1 645 264692388
1 967 50836188
2 2359
1 519 345822503
2 1583
2 1494
1 2524 679761441
2 583
2 2648
2 2946
1 2429 441406864
2 2530
1 67 718804285
2 1698
2 496
2 805
1 1433 739122136
1 1406 876589294
1 2664 535801032
1 135 120508717
2 2438
1 309 345274004
1 2931 687031080
2 1596
1 236 583563483
1 438 899608841
1 443 425572289
2 2810
1 2397 70533861
2 1026
2 1648
1 2413 922355738
1 2139 85628958
1 1782 763914249
1 1698 543276567
1 1661 265645782
2 394
1 2044 786297136
2 2186
2 76
1 154 862645610
1 289 803661152
2 1992
1 2002 311143255
1 2248 431218753
1 2454 715502963
2 1859
1 2300 933911598
1 2012 708023500
2 2977
1 1846 177257089
2 1087
2 2738
1 1523 40031923
2 2440
1 447 197419503
2 1875
1 2362 594385957
2 146
2 2172
1 51 119055272
1 750 162161922
2 2186
1 1721 630156527
2 1651
1 2838 576633271
1 204 229625824
1 1086 860840819
2 1502
2 2434
1 2574 539390395
1 549 863456528
1 1142 922509215
2 2832
1 2489 381895638
1 2303 965302670
1 279 366820722
1 2466 278118492
2 2557
2 694
2 913
1 1125 397519227
1 1435 761680907
1 2786 282027159
2 1360
1 617 105767628
1 2771 339424058
1 1351 609074051
1 188 233963509
1 1509 957350227
1 2158 112580056
1 1395 488912656
1 2923 988169207
1 2258 384896280
2 2675
2 1098
2 2901
1 1774 847565992
2 668
1 411 348942782
2 357
1 104 114259090
2 2560
2 1755
2 605
2 808
1 2361 809822442
2 2112
1 1928 238028175
2 558
1 2909 540588690
2 149
1 1640 977985664
2 304
1 471 439156260
2 1730
1 2039 704289334
2 1288
2 2684
1 1162 368335036
2 664
2 769
1 2417 275776740
1 1437 597665372
2 1166
1 519 454523672
2 1794
1 543 373480091
2 809
1 1501 396663194
2 2179
2 1277
1 2270 772213327
2 2063
2 897
1 1821 393292211
1 54 31287301
2 1816
2 1383
1 2012 172212821
2 356
1 1707 873567116
1 2651 279327411
2 2152
2 2969
1 2693 460308625
2 2840
2 2934
1 634 684539352
2 1718
2 2772
2 274
1 2878 34907871
1 1933 981435110
1 930 25267440
1 1957 403551910
2 163
1 2339 894132162
1 1879 88764061
2 840
1 1624 243192814
1 862 865278288
1 2959 674111325
1 1011 334560863
2 1698
2 886
1 439 331477119
1 2027 572461262
1 1417 689911734
2 1721
2 667
2 2278
1 642 374669198
2 1168
2 1087
2 1855
2 2045
1 2321 210142319
1 2792 8861448
2 2046
2 2222
1 365 500192373
2 874
2 2135
1 822 833031651
2 2882
2 2081
2 624
1 1530 759006125
1 2560 365188567
2 851
1 1197 685163680
1 1192 883228956
2 598
2 242
2 2070
1 1655 589091452
2 645
1 2260 57499984
2 493
2 446
2 2689
2 1653
2 2203
2 2122
2 1077
1 1874 151505887
2 2466
1 2395 176349133
1 1037 528030256
2 1118
2 291
2 101
2 1964
2 2510
1 519 294964686
2 865
1 2838 798312385
1 2023 585452296
2 1743
1 1603 275482541
2 525
1 2525 78725361
2 335
2 2683
1 2279 40191489
1 971 615303586
1 372 112310457
2 2415
2 1940
2 2920
2 2196
2 614
2 1930
2 2550
2 901
2 2412
2 2626
2 1811
1 250 584208074
1 1523 961955354
1 1858 331019922
1 586 334682926
2 715
1 2142 128385640
2 1212
2 1561
2 2756
2 925
1 1435 459410571
1 1746 963230357
1 1179 957207802
2 1686
1 291 841493823
1 373 295815967
2 1340
2 2809
2 2824
1 338 368314317
2 231
2 1145
1 355 203182452
2 497
1 2207 363377221
1 2592 457586116
1 1987 232011482
1 341 126358448
2 731
1 2993 80085048
2 1112
2 834
2 1462
2 1237
1 2871 279097943
1 2932 589820760
1 872 951047210
1 1649 595191548
1 2755 610177771
1 802 902820149
2 1229
1 468 176364583
1 2760 209691622
2 1660
1 1755 20822205
2 1436
2 1009
2 1571
2 2231
1 720 475684354
2 2761
2 1792
2 358
2 421
2 2539
1 2577 343798775
1 454 589900280
1 2716 826670919
2 396
2 618
2 2765
1 2200 143509406
2 2054
2 1703
1 2918 706017627
2 1306
2 1525
1 709 770517140
2 1809
1 1646 394105259
1 755 63976412
2 2441
1 554 493097145
1 694 495307900
1 2166 530879124
1 2629 217605231
2 959
2 2372
2 559
2 2351
2 685
1 170 517335873
1 378 531219323
2 1852
2 2394
2 1156
2 579
2 95
2 1225
2 1674
1 1974 139743078
1 773 747037690
1 1995 808658306
1 2281 777364273
1 100 490042898
2 1659
2 1979
1 2537 803474203
1 474 852935944
1 1004 790778783
1 631 619388024
1 2622 310325559
1 2091 811460807
1 2454 967321035
1 348 568374910
2 2881
1 451 956801876
2 1451
2 1920
1 1174 298390055
1 725 89363896
1 962 705416891
1 2735 12934994
2 2630
1 2508 230155134
1 2982 357134191
2 1113
1 613 149743275
2 2899
1 1108 419484773
1 2761 572187059
1 1731 463672841
1 111 432458999
2 527
1 2318 532223369
2 2364
2 2074
2 1605
2 35
2 2570
2 1360
1 1617 853148475
2 1841
2 1744
2 1771
1 2425 670509074
1 2313 889321962
1 2279 206798082
2 137
1 2424 460966987
2 1237
1 1883 598532644
1 2995 983182346
1 2771 362356938
1 1102 125729477
1 1676 538602926
2 358
1 606 483874523
1 661 10255300
1 1344 467044010
1 1684 362048257
1 1734 346746281
2 2725
2 1470
1 1617 507119547
2 2023
2 2589
1 1922 348509147
1 1472 282531303
1 445 663405223
1 1792 329696107
1 2101 691208539
1 1086 351451714
2 2436
2 2615
1 2492 10927075
2 1716
2 1123
2 2907
2 1335
1 2008 807280139
1 1299 881327449
2 2382
2 1546
1 1634 32178438
2 2323
2 689
1 1581 461834330
2 1088
2 1197
1 629 833474589
2 1549
1 2892 556608422
1 383 811267572
2 1941
1 1579 630290459
1 2836 238960240
1 613 42534620
2 2584
2 2930
2 831
2 2748
1 1945 449933575
1 91 321718786
1 1469 280878642
1 1910 296634147
2 593
2 1547
1 677 774226663
2 2555
2 458
2 1497
2 1294
1 2404 126196775
2 1435
1 1891 347472387
2 241
1 24 209137586
1 1185 125004334
2 952
1 1867 346698899
1 185 491552899
2 2162
1 621 706412187
1 1725 746487013
1 878 859744776
2 2705
1 2962 246212291
1 926 817357784
2 1753
1 1879 883130451
1 564 50006582
1 1382 124873188
1 832 209637719
2 2671
2 2043
2 1915
2 2494
2 471
1 35 883771137
2 1414
2 2025
1 644 50830226
2 278
2 1517
1 28 304939893
1 589 962088235
2 1534
1 1616 294288894
2 500
1 1372 857964964
2 2261
2 2669
2 1708
2 2146
1 1199 962526734
1 2847 155094911
1 2684 82090148
2 2474
1 2524 47169407
2 2625
2 1388
1 2251 657209682
2 2288
1 1174 267503954
2 2395
2 2641
2 701
2 626
1 2828 76180044
2 1882
2 550
2 2847
1 2454 404784449
2 2715
2 1116
1 2403 37644390
2 1705
2 2546
2 2443
2 2943
1 718 141976058
1 2748 501976048
2 628
1 2672 339579565
2 414
1 2183 420425152
2 867
2 2128
1 1423 946378888
2 447
1 752 199949583
2 492
2 933
1 659 841136624
2 823
1 2045 360291338
2 444
1 206 991745314
1 1530 59765007
1 1897 292302416
1 2761 112722937
1 1729 144854199
2 1292
1 2433 934552530
1 1816 49388882
2 1246
2 933
1 1723 499463508
2 2949
1 2004 393317527
2 2571
1 2679 92400798
1 2478 36579395
2 1664
1 2230 3257590
2 28
1 1717 132930377
1 1448 366075474
2 2697
2 258
2 1889
2 592
1 2942 232647732
1 1695 405131710
1 292 198810103
1 2143 463673069
2 1992
2 1549
2 1532
2 1337
1 2464 587915846
1 1376 42500682
1 2163 504485046
1 2164 341306281
2 2019
1 163 114865557
2 2393
1 1077 182464274
1 2617 821370745
1 970 873514388
1 368 965426146
2 2171
2 2053
2 2407
1 1005 150320547
1 1448 612829195
1 313 859067992
2 135
1 243 9217559
1 2557 202628051
2 2570
1 1164 722969321
1 1465 999844138
1 1445 595543781
2 1846
1 1603 131994991
2 2937
2 775
2 1739
2 2549
2 193
2 2143
2 2009
2 2024
1 1428 546090307
1 324 234011113
2 1837
1 2157 299008339
1 2856 442965099
1 1057 108702474
1 1774 243659812
2 242
2 488
2 173
2 2993
2 815
1 2881 208565980
1 2189 268770650
2 127
2 1339
2 175
1 1431 564560642
1 1452 18896180
1 2398 376861803
1 1343 259372391
2 1751
1 2905 59961913
2 863
2 357
1 1524 724694272
1 88 116771553
1 85 395307376
2 1605
1 1218 680717030
1 1444 61683842
1 2232 381268387
1 588 713012833
2 911
1 97 856354201
2 2327
1 2566 808130293
1 896 462350503
1 550 589110595
2 314
2 2583
2 2996
1 1280 414743238
2 440
2 1301
2 310
1 1240 931248392
2 71
2 305
1 1309 184528032
1 2497 399099924
2 2185
2 2284
1 661 607349840
2 1325
2 427
1 351 148916734
2 1821
1 2760 522030446
2 934
1 2095 364897963
1 2641 693084734
2 1426
1 992 633595011
2 913
2 2527
2 335
2 2826
2 994
2 1196
2 800
1 2690 30878657
2 2340
2 1511
2 2289
2 2320
1 110 222584791
1 1035 931399226
1 890 579742678
1 347 90091988
1 1570 17244832
2 2423
2 969
2 331
2 727
1 1135 925039567
2 445
2 727
1 1391 951287062
1 690 580744076
2 2954
1 607 9610557
2 2512
1 2572 268305036
1 849 352569551
2 1112
1 1957 637957965
1 28 152814591
1 431 408752001
1 2053 443555304
2 1636
2 1549
1 820 395772382
2 1394
1 1815 718304162
2 1494
1 2172 961190761
2 681
2 1869
2 2812
2 2151
1 1263 696721711
2 1145
1 493 717900837
1 66 995910089
2 758
2 2872
1 821 790145236
1 302 831376858
2 2115
1 1237 173253454
1 1588 230366623
1 710 321730189
1 1288 561793907
1 398 858830047
1 1603 60685457
1 2267 581594268
2 129
2 2287
2 308
2 1906
2 1272
1 404 544724354
1 2329 811920613
1 2426 147799258
2 2667
2 153
1 2930 63511217
2 1193
1 1866 19744885
1 1619 273606451
1 738 770988660
2 2846
2 588
1 598 797717741
2 648
1 2430 991238174
2 586
2 2503
1 2264 52715040
1 994 304730680
1 2416 443867541
1 2810 906639719
2 2865
1 1660 13640863
1 1977 51986483
2 651
2 1015
1 2520 831415597
2 330
1 1831 664817530
2 2401
2 407
2 2955
1 2306 780483884
2 1498
1 923 249319242
1 540 239113938
2 2008
2 594
2 1865
2 644
2 679
1 444 215226482
2 1055
2 1641
1 2257 607782940
2 2271
2 2108
1 525 874680705
1 133 671960532
1 2535 345680497
1 1263 485453674
2 2381
2 108
2 1515
1 2629 453908830
1 1443 152234045
2 1990
1 615 489831613
1 1118 534142786
1 1459 987586777
1 1685 445732521
2 1634
1 30 558108467
1 2703 702542154
2 1463
2 1039
2 1998
1 1765 678649682
1 310 576507156
1 582 756114432
2 1738
1 2701 879204282
2 1673
1 1650 873082886
1 2867 568284922
1 1174 707687887
2 2723
2 1242
2 973
1 105 60187873
2 2585
1 1338 578703497
2 1175
1 314 337575876
1 2942 556038713
1 1857 173684239
1 1944 379433864
1 156 707269201
1 1400 461193394
2 643
2 1199
1 1676 496547045
1 1482 532397800
1 639 317768504
1 328 269902246
1 1931 443939807
1 426 971377977
1 80 134179580
2 547
2 2518
2 1915
1 1678 124198502
2 2894
1 583 526829979
2 2186
1 2956 699808753
1 1273 437090430
1 2652 102151859
2 2675
2 2689
2 1711
2 1589
1 2547 375561977
2 1249
2 1314
2 96
2 2837
1 2116 212010012
1 2365 535590879
2 2974
2 624
1 300 818341571
1 1458 164434681
2 1214
1 2613 986839288
2 776
2 235
1 2687 57029742
2 2523
1 2934 389844261
1 2179 744256212
2 2312
1 141 8665399
2 1187
2 1405
2 1745
2 1145
2 362
2 2041
1 2449 58972378
1 1521 516149450
2 2621
1 2532 368215757
2 2417
2 27
1 373 331247884
1 2958 634051450
1 2702 706501820
1 363 155594636
2 306
1 2277 683585314
2 1321
2 77
1 1888 750806167
2 967
1 95 783924322
1 1838 610115992
2 1918
2 2937
2 2363
1 587 623236071
1 1623 937858293
2 213
1 2434 97928126
2 1782
2 491
1 917 584600184
2 2884
1 1686 833920161
2 1709
1 355 198256498
1 2095 62125827
1 1293 323179321
2 2181
1 2219 515878031
1 1126 875722142
1 698 552202816
2 261
1 1645 803615101
1 2644 702053540
1 302 716186181
1 1117 875080336
2 830
2 2139
2 690
1 1233 310165153
1 974 363249602
2 2009
2 1981
1 1392 356185913
1 2649 11656490
2 2120
1 2968 566763611
2 1765
1 1481 600926090
1 2716 973989894
2 645
2 2008
1 1816 422499397
2 1055
1 217 351167372
1 1380 740995382
1 2544 434118754
1 30 39773678
2 1911
1 1393 904118858
2 2428
1 90 400178663
1 1655 198305551
2 1873
2 2030
1 210 999637629
1 2065 294828384
2 2636
1 2314 374395245
1 1014 628363786
1 476 396125663
1 1654 700185505
2 1744
2 908
1 2467 396460424
1 1110 200672086
2 892
1 2813 373916537
1 2132 939341110
1 1488 426714758
1 47 386468980
1 1406 133404833
2 2386
1 506 424236650
2 2341
1 546 876188744
2 1467
1 1568 123338746
2 1590
2 1068
1 1400 44271850
2 2865
1 2112 700314120
1 1191 844715722
1 994 817388455
2 1897
2 346
2 2512
1 2481 103056794
2 1136
2 848
2 2545
2 1797
1 2016 454836312
2 2988
2 134
2 2591
1 1689 508850625
1 1497 479399888
2 770
1 1679 816703802
1 2254 890488265
1 2887 937463826
2 305
2 1325
1 2231 854883270
2 1196
1 2869 593902973
2 930
2 2007
2 1199
1 547 802895115
2 407
1 1126 25840464
1 2214 604511551
1 1685 305108232
2 563
2 1718
2 1439
2 2039
1 2248 476471733
2 536
2 785
2 276
2 1996
2 1006
2 2610
2 1561
1 497 953566905
2 1736
1 1976 514246317
2 871
1 1919 237176103
1 513 635597233
1 1650 917394212
2 1692
1 759 467085074
2 1529
1 2614 849083767
2 1912
1 104 68583392
2 1307
2 1819
2 1914
2 573
1 1319 741272728
1 2486 358477938
2 2250
2 2595
2 711
2 2903
1 2342 961269560
1 492 648713327
2 763
1 1867 759029129
2 2568
1 841 121327376
2 2080
2 770
2 556
1 2786 922714474
2 163
2 1697
1 293 996716369
2 518
2 2648
1 1543 18103914
2 1583
1 1463 768914341
2 2479
1 1017 417769205
2 2620
1 1485 23997869
2 1451
1 1024 90456079
2 601
1 2408 962927804
2 2644
2 256
2 2896
1 2256 961117600
2 460
2 2417
2 718
2 672
2 1676
1 2152 188378133
1 1204 921131622
1 1356 823990416
1 2494 521224770
1 2733 113185281
1 784 992868880
1 1144 299618603
1 786 701357655
2 1612
1 419 496790200
1 483 246814136
2 2251
1 1838 634318501
2 2826
2 1093
1 1297 251289170
1 455 216739136
1 2816 110460825
1 623 775786642
2 983
1 848 864584116
1 2512 257452583
1 890 656773261
2 1765
1 2717 205785037
1 1830 197962589
2 572
1 381 260586746
1 302 827326458
1 549 960106288
1 873 817137350
1 40 904320705
1 2271 545775822
1 424 35963031
1 638 939205769
1 2360 610482002
2 346
2 2611
1 2045 210113724
2 1157
1 642 911733870
1 2129 528373785
2 1270
1 2971 136839888
2 2112
2 2142
1 178 542245836
1 880 867661095
2 1888
1 2404 124949239
1 328 808389967
2 992
2 2130
1 1160 375060832
2 1690
1 1731 878565511
1 1484 415795061
1 1548 746695812
1 127 614653850
2 11
2 2860
1 141 457941111
1 1281 260231649
1 809 597737629
2 2961
2 1892
2 2966
2 2143
1 1081 390928581
1 1879 448705969
1 2840 312852702
2 1605
1 706 148332348
2 1271
1 2071 284285162
2 1222
1 947 837589751
1 490 836539649
1 1445 708182751
1 547 640979003
2 1866
1 800 860597311
1 1919 2325668
1 2237 886688931
1 2870 923699948
2 1008
2 2176
1 4 279566600
2 85
2 2170
1 2527 474756772
1 2773 175652141
1 1933 529258864
2 621
2 2526
2 798
1 2868 907721156
1 841 81605207
2 1436
2 522
2 2210
2 1659
2 986
1 2553 708172974
2 2916
2 478
1 607 919309727
2 2430
1 2145 189766798
2 2422
1 398 578818291
1 786 488849485
1 1895 407335017
1 2093 908174386
2 2804
2 1726
2 461
2 2944
1 2589 580378147
2 2227
2 680
2 305
2 2238
1 27 974153488
2 1472
2 1909
2 2955
2 1215
2 1994
2 2157
1 2824 529948357
2 2505
1 1902 169736602
2 1927
1 2602 364081618
1 1273 835882557
1 2912 33312940
1 2749 975212443
1 1789 254998717
1 651 251100872
2 1202
1 306 289948937
1 1261 354370760
1 2309 619139101
2 958
1 2866 908366734
1 1792 99383319
1 795 39107128
2 2798
1 2681 59710487
2 1280
1 1341 395377750
2 1918
2 1736
2 2683
1 1669 629006969
2 2926
1 366 242274426
2 2805
1 492 696877289
1 1874 155805291
2 2386
2 1347
1 188 483103663
1 1276 648038314
2 1628
2 839
1 174 726837274
2 1927
2 1372
1 2281 593743619
1 1699 445448252
2 2732
2 2263
1 1122 840005916
2 1428
1 1199 331897581
2 1023
2 1282
1 2765 977558724
2 993
2 1369
1 1049 611686008
2 379
1 1605 999881071
2 591
1 1831 521109233
1 1428 653922345
2 693
1 246 320717066
2 86
1 534 381459903
2 2909
2 560
2 2436
1 1276 650631566
1 2412 65461887
2 2577
1 1484 766951431
2 702
2 2120
2 1331
2 1652
1 288 554689111
2 2817
2 2500
1 310 49733809
1 2328 850209785
1 2939 976229825
1 1837 980769158
2 154
2 1731
2 2510
1 1482 589515933
1 528 238457003
2 2430
1 1111 337087364
1 2903 545375694
1 1328 766829723
1 327 268566750
2 767
2 1375
1 884 135000783
1 2828 465664051
2 561
2 1253
1 2827 455570492
2 1000
1 447 155224281
2 1054
1 1478 755075642
2 2171
2 411
1 723 239219688
2 2660
2 2209
2 2896
2 1289
2 408
2 1432
1 984 81663649
2 986
2 216
2 125
2 2838
2 36
2 1646
1 1677 474417221
1 2828 607898198
1 1959 124418769
2 264
2 542
1 755 402303834
1 1897 309979521
2 514
1 2238 688702725
2 2496
2 1203
1 920 752514174
1 2496 612738991
2 2523
1 1595 795450315
1 2807 654216061
1 717 865184007
2 897
1 1291 417433633
1 1963 729562694
2 2062
1 329 635328211
2 950
1 1368 387085979
1 317 593843661
1 176 223703630
2 960
1 740 576583457
2 891
1 2383 364418043
2 1045
2 1593
1 1441 536531740
1 2218 171586212
2 2551
1 1894 252310217
2 489
1 105 106608057
2 410
1 2797 362145066
2 2052
2 505
1 1913 785980558
1 2020 539347257
2 965
2 2138
1 2625 275825372
1 2310 600608913
2 306
2 2712
1 1731 59791445
2 225
2 952
2 1733
2 940
2 2775
1 813 255666581
1 1003 16539015
1 2974 121982935
2 2527
1 229 9558738
2 875
2 903
1 60 805461092
2 2024
1 307 674865966
2 1143
2 2835
1 1841 534248101
2 1490
2 708
2 543
1 2919 603495108
2 949
1 2823 873001371
1 1062 389966124
2 2613
1 1939 123698302
2 1751
1 2923 22449204
1 2876 901607489
2 1858
2 1507
2 1396
2 933
1 346 310914153
1 418 975437525
1 2252 825704582
1 570 999395739
2 2951
1 1085 758447985
2 1520
2 1444
1 1490 706886007
2 1257
1 572 965397976
2 2452
2 310
1 1335 446529147
2 613
1 1861 377262324
1 1661 360062067
2 2814
2 934
2 206
1 1194 63169159
2 1862
2 2958
2 2050
1 2527 50656360
2 109
2 1534
1 2146 949275059
1 399 160418481
2 564
1 2502 949855988
2 1143
2 578
2 2616
1 2679 945290652
1 2731 657832607
1 2886 866225053
1 1467 704361397
1 1847 857656103
1 2695 733936094
2 2490
1 1875 564312018
2 1946
1 1932 664905398
1 2836 263291894
1 848 322327656
2 2430
2 2685
1 850 229396046
2 184
2 2229
1 1601 483089660
2 154
2 1949
1 1652 599028155
2 492
2 1708
1 291 201511646
1 2584 795719212
1 1420 311648436
2 2341
1 1581 300925004
1 814 767718484
1 2638 466710681
2 2284
1 1206 32572928
1 936 595336818
1 1728 289215329
2 335
2 2978
2 2629
2 1911
2 2405
2 221
1 2447 595578257
2 2937
2 1963
1 1697 493839599
2 2797
2 1305
2 969
2 2203
2 1881
1 1160 312485094
1 140 146458098
1 1940 485901695
2 2593
2 2993
2 1332
1 114 382893817
2 920
1 2474 688744963
1 134 237069535
2 2390
1 1732 562536668
2 2256
1 2793 652673457
2 2605
1 2343 607008713
2 2114
1 1866 184377061
2 2017
1 2209 801591054
1 2810 360723524
2 1818
1 24 947402039
2 906
1 1377 53112708
1 861 750472880
1 2018 637249232
2 2674
2 2178
2 1795
2 1958
2 1051
2 1900
1 1505 212718378
1 1547 985089589
1 2204 687248427
1 811 841308967
2 1095
1 2825 333478326
1 710 682900326
1 2885 629531232
1 2961 799242112
2 447
2 2688
1 1271 951742092
1 1984 26924040
2 2948
2 1357
1 615 357141281
1 1360 33357595
1 777 952869376
1 2379 244089351
1 2434 253797720
2 2137
2 2611
2 2020
2 670
1 1345 50557351
2 1860
1 2294 262862359
2 655
1 1759 870607066
1 2113 394081521
1 100 145310527
2 604
1 2807 299076879
1 1915 203228213
1 2909 17201016
2 2481
2 2643
2 408
1 2547 57371930
2 948
1 2750 579499389
1 185 136038160
2 883
2 466
2 2705
2 851
2 1849
2 1570
2 768
1 617 961575533
2 1099
1 2734 869532162
2 2955
1 1462 188419749
1 2123 896570479
2 1975
1 951 176593242
2 2654
1 2576 502512908
1 2768 695177499
1 45 636220551
2 500
1 1171 380044126
1 944 131065560
2 1808
1 2339 861512256
1 2461 925151869
1 1835 270193836
1 2538 525960699
2 2951
1 1349 646894048
1 511 788280134
1 2781 503270807
1 2475 399013403
1 2220 16368869
2 1217
2 420
2 2531
1 2947 909859918
2 176
1 2170 560765548
2 2825
2 866
1 2974 757595907
1 1439 725466449
1 506 833318591
1 2025 387972932
2 2213
1 2504 794879114
1 104 880640530
2 1960
1 2349 886443855
2 2805
2 1359
2 2905
1 1889 145725114
1 1931 499520988
2 571
1 330 800881657
2 2225
1 2643 25535167
1 1279 431334201
1 2686 5977717
2 2703
1 2127 34680973
1 205 141169952
1 1923 197503886
2 861
1 1801 33182019
1 1330 335073228
1 1996 514814245
1 1698 487835027
1 86 885980935
2 1145
2 830
1 507 619699994
2 2893
1 293 521380892
2 1173
2 1670
1 1187 728121846
1 2874 884572380
2 1582
2 1447
1 1584 917716892
1 1563 911320988
2 1076
2 1917
1 641 168411717
1 187 818568052
1 2718 985335471
2 2404
2 718
2 1294
1 69 548313499
1 2187 991474532
2 1875
2 2759
2 2633
2 412
2 2513
1 1458 778699577
2 2523
1 209 369967242
1 180 330992110
2 1609
1 2881 911623898
2 1092
1 1429 42739473
1 2089 919060859
2 2575
1 364 453093297
2 320
2 1444
1 2395 66827163
2 685
2 2893
1 951 951101242
1 1582 557981053
1 2158 262567130
2 80
2 603
2 2032
1 2387 842265386
2 2515
2 2950
2 1379
1 2251 986071113
2 289
2 122
2 124
2 544
1 1779 550103494
2 10
2 760
1 1868 991787648
2 701
2 1586
2 1995
1 601 611024266
2 1776
2 1086
1 2848 177171942
2 1998
1 2903 991012995
2 1527
1 222 752566832
1 2743 66491025
1 1564 182006275
1 2051 715006665
1 1998 202328733
2 2027
1 1930 37289180
1 2772 302061008
1 1049 655442626
1 1062 210282560
1 1227 676931236
1 551 547817842
1 2574 93172887
1 687 328313531
1 1418 583092248
1 1172 798956941
1 1742 428354042
1 1441 989875195
1 2151 863530133
1 2731 434109832
2 131
2 331
1 888 254719905
2 2499
1 1554 526999382
2 2058
2 988
2 1386
2 1023
1 2644 369302726
2 857
2 1674
1 375 694491278
1 389 797852254
1 325 202553557
1 1368 710538507
1 629 174485726
2 1141
2 1270
1 413 17686862
2 159
2 2229
1 1253 728627961
1 751 579125662
2 1264
1 159 732914044
1 1004 439294462
2 2768
2 1655
2 725
1 182 671759897
1 2051 629728747
2 2676
2 2959
1 2597 636056557
1 796 7346677
2 2840
2 1736
2 1707
1 1111 37030181
1 1868 31499331
2 759
1 2277 79771392
2 1077
1 2662 842369908
1 1056 92309106
1 2825 930693051
2 2301
1 2913 706941182
2 2026
1 2261 419990051
1 2999 2250070
1 1492 861786806
2 2881
1 2841 147373586
1 640 782154349
1 1921 866436308
1 1132 205179724
2 2697
1 435 113901092
2 2901
1 2422 319319634
1 222 540343569
2 2180
2 852
1 1679 341736408
2 2973
2 1621
1 1436 728837426
1 930 455893530
2 613
2 1388
1 2919 287519609
1 2774 271028373
1 147 187106522
1 2881 821337178
2 2532
1 55 438702475
1 2127 965092213
2 250
2 2836
2 340
1 2381 362699370
1 248 168672936
1 2655 617852612
1 1745 57422537
1 2783 604122799
1 745 35578014
1 1703 206159371
2 661
2 680
1 2567 421195975
1 2522 169597137
2 2267
1 25 558005822
2 645
1 786 225887160
1 1051 454645575
2 2495
1 1431 951313353
1 1942 221803076
1 1776 697057398
2 368
2 689
2 1089
1 985 844955489
1 659 155494255
1 868 619307266
1 2264 649284569
2 2058
1 2631 640683715
1 591 634586495
1 1765 338607584
2 2338
1 2616 79809052
1 2090 754224133
1 1993 407933067
2 1525
2 1768
2 2315
1 524 496346706
1 2098 461147413
2 626
1 898 33612452
2 61
2 1124
2 1207
2 1807
2 1382
2 1987
2 2219
2 1633
1 1527 768022639
2 1930
1 574 205586359
2 2270
1 888 422080440
1 1832 855263004
1 2245 849119105
2 2824
2 802
2 833
2 2121
1 2205 563514377
2 2437
1 2173 80334351
1 2341 936668155
1 4 75955755
1 864 564260042
2 1710
2 1091
1 2652 446005287
1 975 450901097
2 2708
2 2390
1 1663 597452411
1 2582 458475135
2 2626
2 934
1 2616 483446574
1 1017 389383146
2 2240
1 737 374282647
2 2259
1 2126 659152498
2 601
2 1214
2 2324
1 2710 594429503
1 1260 450374277
1 1762 529329103
2 2301
1 2970 823146335
1 1253 396618366
1 846 507906333
2 1226
1 1802 20896579
1 1411 67488193
2 405
2 254
1 2998 362579009
1 2778 138053882
1 1320 225930529
2 1342
1 1312 111596817
1 777 739294231
1 604 233579944
1 1747 461290765
2 269
2 1012
2 1080
1 1026 809308204
2 234
2 2496
1 1033 100525024
2 1726
2 211
1 1763 665904273
1 2200 710779835
2 1330
1 1019 652913847
2 2564
2 97
1 2913 316348823
2 1529
1 1837 184044337
2 1357
2 2072
1 86 513413637
2 2350
2 1999
1 1481 444650968
2 266
1 2611 444905933
2 719
1 24 153906744
2 2703
1 1715 335581294
1 1412 423130744
2 2079
2 2235
2 2218
1 1068 382703098
2 84
2 2937
2 1421
2 2452
2 1960
2 2630
2 802
2 429
2 1120
2 229
2 2088
1 851 505609247
1 974 733678376
2 1373
2 1305
2 2006
2 1735
1 2624 81583399
2 2574
1 114 378508321
1 692 997856989
2 2805
1 977 471811477
2 2481
1 898 485734549
1 1197 975975697
1 913 867050579
2 1550
1 4 680407903
2 2295
1 1476 477527788
2 2866
1 87 571329952
2 46
2 855
1 1369 955294807
1 2139 383886016
1 239 146603789
1 2494 160896594
2 1140
1 2767 644140716
1 2182 997715063
1 2200 892684374
2 422
1 131 683290451
2 848
2 2673
1 2793 908853564
2 1525
1 2017 872607594
1 185 419678095
1 1761 151926321
2 87
1 757 232485752
1 506 795177236
2 85
1 1549 297856211
2 2873
1 1676 644826246
2 1091
2 273
2 2785
2 834
2 2667
1 1145 429304725
2 1025
1 556 759189949
2 1992
1 1230 648983357
1 927 836846577
2 677
2 2597
2 973
2 2917
1 1205 874544120
1 2548 181306465
1 1944 309693145
1 1762 910089166
2 1286
1 167 94090180
1 2140 668281458
1 2703 840600972
1 457 234864187
2 1913
2 2794
1 1132 357325136
2 2080
2 75
1 360 198646708
1 1907 60637778
1 1955 582730695
1 2306 576617619
1 759 349092761
2 1562
1 413 886068647
2 837
1 1852 833560412
1 579 523233262
2 958
