3000 3000
1503 2934
651 1679
2734 323
754 2252
101 1925
951 600
877 2990
2146 847
2498 1805
1355 2727
2381 593
1439 2134
2113 2355
464 2814
1913 921
632 40
2584 2742
499 501
166 33
198 1723
522 80
2184 2445
2093 698
1409 624
2967 1072
357 527
1036 444
2076 550
779 1329
2478 2829
2653 1801
810 1335
1236 1099
2404 337
1769 1377
424 1505
2772 1009
2677 2125
202 1467
2895 6
2310 228
278 844
2636 2652
2192 670
1051 254
1109 2247
1342 433
570 2947
1931 154
2665 2110
292 1850
1257 1447
1134 2425
1542 1491
2526 2664
954 1589
1784 443
1462 1046
1646 1539
2861 2220
2696 55
2526 459
2724 2253
2088 520
2889 1225
704 963
131 2247
1663 1945
2851 369
876 2393
996 1595
946 2580
502 1601
1750 860
2932 2525
2852 2364
105 2344
2481 2131
1680 174
2077 145
1563 484
598 1769
1533 2717
2879 1026
673 1862
1975 218
1585 2730
2190 1737
663 146
1298 28
2056 1516
451 802
2806 251
1213 1666
2048 2887
246 2562
412 1466
2903 2204
926 998
297 2090
1718 2331
2566 139
2231 2834
620 2312
45 2971
2147 2109
2880 2065
1528 2180
1663 1621
2077 2529
1315 833
2289 647
1513 1332
2508 1790
1735 295
2189 2545
1981 1596
2575 2272
2609 1078
552 778
255 819
222 2412
2493 533
1852 1967
1350 402
381 558
2136 264
2061 77
1309 2190
1862 2218
1999 2837
2892 105
572 2208
2755 595
704 1572
1742 4
2985 2488
2250 1386
538 1284
1612 5
2830 1366
485 1718
2669 719
2570 923
1911 1410
62 627
2343 794
313 1232
1737 828
1183 2816
40 1294
2123 2349
384 2437
858 1264
2761 2708
695 2888
1973 2362
1615 1811
1278 678
1182 2554
1992 2944
324 2436
712 872
1159 2381
477 913
2994 1014
2261 2549
521 393
1694 297
1917 125
2070 455
2349 2402
1708 2593
718 1810
854 2472
1508 1772
1822 611
1645 1566
972 2600
803 2413
2130 2950
2133 816
2543 2454
334 2339
2303 259
2332 1064
1908 1744
134 2575
1055 176
2525 1875
919 253
2343 943
2085 2747
1756 915
1121 143
1098 1238
1985 2917
2733 2296
832 1872
2397 2265
1609 1483
1008 2776
270 1021
420 956
578 2960
1312 297
1919 72
2501 1326
2251 1454
691 509
2550 1796
2428 2961
1770 1938
948 2581
954 517
2687 680
2526 160
2519 1208
2281 1894
2020 1003
2287 1817
1005 2603
742 1294
166 112
148 229
1995 1745
1616 20
115 2648
2849 1496
1689 257
2943 338
2596 60
1867 1572
2791 896
2440 2929
1046 2732
698 2232
1796 1086
2676 686
2391 308
1903 545
944 814
164 1349
97 1229
1871 1047
453 2440
288 2534
879 1304
422 2495
497 1314
1326 2286
2712 1088
1269 1494
215 823
2102 2362
2017 241
514 1186
2577 127
971 695
1613 2585
1688 1006
1664 582
263 2189
649 1925
2324 2002
184 2170
1600 2812
2412 887
1427 2118
641 1944
2289 1695
132 1065
2363 379
741 1992
1012 12
50 2492
195 746
570 1391
1868 1521
1243 408
270 588
2979 2952
499 2846
273 2494
2166 1384
687 2762
301 1594
2182 1887
413 414
1673 1389
194 913
55 2792
1310 1305
2968 2001
85 773
2065 1614
2143 2244
1923 24
2333 623
2588 761
1998 367
508 2191
924 2947
1697 616
2990 1298
94 1567
738 1231
2540 585
2976 1190
601 1603
2450 503
1034 1224
654 519
1372 2084
1184 1141
1492 2609
401 2533
1997 1859
1239 2030
2183 689
2925 1035
1813 2802
1301 2729
13 456
132 1924
1123 1858
2511 1312
2998 858
1090 636
965 2275
2048 2675
2995 1509
430 2644
1892 1637
619 2796
2010 1249
2738 2924
644 191
2980 445
1793 360
1616 1568
6 210
1222 2823
1168 1101
2092 815
1542 1662
188 1927
2480 1318
1274 2643
2029 1877
1963 1538
1634 248
2529 18
637 2936
1011 1996
2898 2479
347 1276
2214 2673
1264 892
1966 705
345 2178
1958 7
2057 1844
1482 1721
156 1933
2752 660
104 591
2249 2017
680 2803
573 59
1865 1827
2857 1661
377 2870
2723 642
2055 660
165 1223
861 95
1124 1552
1284 118
641 1826
1433 85
1559 1318
2124 2152
1733 2880
1574 1064
2787 1628
2877 2078
683 1284
1787 2344
1091 945
2005 234
1069 1098
1226 1687
1777 2629
1548 635
2818 53
137 2161
2780 437
2352 21
1293 224
127 752
1218 2948
2788 2934
2613 2068
718 187
798 2991
1740 85
2715 2027
1581 2206
2382 668
1564 1644
2082 332
1330 868
83 26
1848 1256
1176 1609
318 2638
806 196
686 167
2978 890
2846 1327
1559 2865
2681 1934
2316 496
23 817
1513 1732
1189 926
866 768
2713 2858
2629 2350
1745 2460
1741 2967
1253 1506
2608 1000
899 794
1058 1864
434 2651
2188 2240
2582 537
2532 766
526 1075
1146 2446
17 1040
666 173
1328 1965
880 267
548 1155
344 745
1276 670
360 712
596 2670
299 2364
779 303
1728 250
1584 854
1905 853
492 1448
1674 96
814 1802
2847 718
1013 664
711 2218
1207 711
2223 1160
1132 1028
772 103
635 740
1022 418
1790 2276
2859 2107
1465 990
900 1179
1551 2175
2851 1658
2291 2047
2886 501
2058 796
1062 1296
924 306
377 1085
463 2939
2263 344
582 2404
2707 2713
1572 2686
738 2605
2542 839
2209 826
2086 1024
2282 1026
2789 1395
2292 1557
1271 1936
595 1733
790 2902
510 1642
383 888
939 1329
2249 2321
1442 1153
2238 1364
1967 2521
1591 671
1068 2289
2165 677
848 2541
882 2716
1001 536
2388 2896
599 2253
348 312
371 1513
2593 2502
44 915
2615 929
1370 1025
2453 302
1784 1978
2381 220
1795 1297
788 1177
1698 1553
2404 727
2067 2389
402 835
1562 1414
2217 978
891 2420
576 2073
1964 516
2402 1148
2994 353
1501 1102
2708 2088
2885 2288
1732 378
466 1999
2597 1922
2740 2177
1429 1761
327 2748
1813 1343
2296 2693
2520 1272
1633 811
2615 774
307 1732
2937 168
496 1332
2664 792
1602 2881
1809 960
2969 2719
2875 1976
2692 212
2961 2238
758 514
1175 2585
1199 113
2160 2629
1220 1579
2310 689
2094 1489
2293 1844
2966 1
2128 633
730 69
2584 100
2494 2503
365 2094
2352 2280
2119 428
1043 2892
227 415
2775 2746
215 952
546 2721
2209 2942
2674 2201
1818 1496
1372 1597
2345 617
1256 2016
1187 1186
302 2725
2346 846
2038 2681
652 2282
1607 2419
2326 2541
2302 2065
1036 1897
544 133
468 200
2583 106
1172 1345
1585 147
2114 2376
908 2207
2838 2964
373 1361
2555 204
1970 55
1247 2105
603 941
2744 1288
937 1470
1706 2999
2703 2195
441 1177
1446 1366
79 2746
2489 2907
868 1005
1957 1719
1533 304
2448 1030
1898 2505
748 1202
1475 2485
2034 1498
1501 1104
1275 1248
891 696
1549 198
2283 2569
346 2012
2059 1943
969 283
2454 2227
468 2447
131 1096
737 1475
1605 2159
1318 2753
182 1954
1416 392
2251 596
674 1334
823 2341
58 2479
2935 2096
1957 308
1809 442
2362 1134
2753 298
1860 768
7 2850
2641 829
1032 309
1366 1833
708 1295
870 857
1369 848
897 2595
2608 2967
472 1428
71 63
812 2722
524 409
2568 2974
1839 76
1216 2233
2494 1019
1705 2087
2881 1377
2697 2915
1653 1471
2904 1463
2960 1145
2022 1475
2556 2130
2244 1441
139 1000
314 1379
2975 2719
1164 2705
1836 2158
1876 722
2036 1403
1666 426
1393 1488
79 2588
1960 780
1489 1040
162 618
946 1161
1589 2996
2951 2318
2835 770
2301 2837
1139 2241
1415 1082
1987 640
934 2189
739 2764
952 1376
63 1887
80 375
694 2682
2842 812
528 1306
1096 2711
2978 315
1425 1914
165 2530
2456 30
2971 2742
989 1053
62 1938
1682 2832
1686 1776
539 2768
984 983
2804 1977
1755 1630
1453 2797
1535 1661
2088 2723
1252 253
557 2911
180 247
684 9
463 1933
1532 781
2205 1465
1390 340
1689 2882
1962 1586
2776 1904
476 1515
1781 1081
128 350
435 1847
2592 2507
236 309
907 35
2530 1929
1660 1573
686 325
1935 1321
281 1919
2015 2649
1290 1566
1746 161
2248 947
825 2606
2078 1987
2421 2989
2167 446
8 1530
2603 1626
2799 1692
921 1679
1649 2197
776 1849
658 2192
293 699
2837 736
806 1445
574 2365
501 2492
1029 511
1479 1630
1325 2652
50 2873
1282 1044
311 1302
2997 896
1197 1526
662 1965
1857 991
2717 830
741 2793
1790 102
1991 1410
93 1609
101 1502
1843 32
1951 1735
197 1473
574 1768
2810 603
2307 1540
1628 2354
1682 2474
584 1631
1111 1626
10 1958
1186 800
2909 625
797 1015
2641 2769
68 2187
1206 1484
27 829
1760 2581
2630 2319
845 716
1150 1508
1341 2454
1835 1959
894 386
2105 568
342 2760
2954 775
357 1137
369 2645
1649 1
2224 1265
2405 162
1665 750
2148 870
927 2323
481 1272
16 2820
209 202
2116 826
502 273
1414 1435
968 1960
2507 1558
2274 1491
1138 269
2509 54
865 2675
1484 466
738 2211
1624 2656
480 1962
1551 1262
769 2640
1638 90
2350 1891
770 721
1265 1779
1565 631
716 313
2086 1171
2388 240
1146 209
1470 564
1240 249
1543 663
1757 2297
559 376
494 182
2587 901
2164 2754
2360 295
843 1328
88 725
1769 154
2325 2100
2953 568
25 1784
21 639
2665 1838
853 951
2310 635
2193 614
641 1449
2284 269
2786 1246
442 2755
1798 590
25 1869
821 1240
2687 771
442 577
1574 13
1630 2169
2192 1219
616 1568
2205 2543
2536 1156
1010 2867
1431 832
1380 759
1834 310
2026 1827
1868 502
3000 2714
193 544
1475 1335
209 469
1234 233
675 490
2667 1904
1413 2819
2125 423
65 298
1490 1607
2427 776
286 636
1375 1989
1478 513
268 808
1815 2866
2578 478
587 355
993 2885
2421 2294
2963 404
2458 311
878 2643
2911 1388
1735 395
1501 2393
2433 2935
351 1758
390 2025
142 1741
1956 1847
1002 2207
1891 1016
731 2515
1754 2743
382 2201
666 2599
757 2392
1980 840
881 892
1514 2013
1402 2983
1998 2649
374 232
2922 1493
2200 2604
486 1866
116 1244
334 770
633 647
301 1278
2167 2632
1083 2254
2667 1133
703 2014
453 543
1262 1933
885 2783
368 1982
2335 1399
1018 87
2835 498
2643 700
1427 272
870 1398
2171 2477
2391 2487
1968 1416
2799 1606
2976 1736
33 1010
2709 1846
1513 909
288 700
2117 2784
2370 2482
2762 767
2465 2054
1151 567
1829 2624
1150 1103
163 772
875 1757
421 2940
1747 2467
568 869
583 2760
1870 1167
2029 1116
1648 1930
471 2302
2219 1912
534 824
1670 2210
168 1339
2833 1043
1505 1816
291 2285
518 418
2371 54
2451 211
1448 218
1730 2315
2959 866
46 1156
1658 2449
740 1537
963 146
1711 1309
1854 1982
2486 2517
796 2264
336 1462
2404 2995
134 2452
417 1386
1712 1989
1561 1455
2010 1527
667 1613
1147 362
982 2898
2260 788
881 851
335 2055
2130 2906
2666 643
2322 1421
1167 2547
244 865
2569 91
2455 1828
1217 295
235 2300
800 2157
1985 1057
2301 2422
212 1512
2553 2249
1949 1863
400 2123
1849 280
394 1643
1441 2111
2127 2279
314 932
1624 1129
1557 1744
2135 801
1717 2436
1964 1536
1165 2619
1767 2918
11 2814
877 1051
342 979
2172 764
785 190
1797 1678
1704 317
2432 1857
651 709
66 2764
665 2575
290 1417
753 783
2420 1187
2636 610
2470 804
2718 1511
53 379
2741 2024
1191 918
2325 1683
366 2570
2756 527
1879 2721
2785 381
2413 2901
2010 97
366 2153
2527 297
2316 1631
525 2012
2058 2441
1374 747
2089 2516
2942 372
253 1564
2473 2905
2278 2369
864 84
1671 2314
1263 1284
1670 1280
1610 1077
2406 1261
2008 1789
1936 2829
2475 2519
997 488
2267 2178
467 200
1791 2981
2708 2957
2136 2508
2691 1046
966 2217
2704 322
1828 1886
2223 2595
383 2067
2815 277
1568 1281
1555 114
1019 2074
1181 343
244 75
2848 33
235 596
99 2562
1940 718
2829 2737
2415 2053
2591 1270
981 2396
2704 1220
2204 929
1826 1105
1093 797
528 64
1472 92
2135 507
400 1855
1781 446
1227 890
258 2952
1699 445
1763 291
1118 1523
2620 192
1201 2229
2729 2638
1299 1434
2671 396
573 1244
2984 1246
2925 2695
129 47
265 122
2616 1456
371 717
321 2234
161 802
1385 461
1972 1674
548 544
1110 1965
1452 448
2611 2335
515 1681
800 178
2551 669
2359 475
2369 2306
944 1133
1905 961
2965 609
139 724
2416 1304
516 1259
391 361
1507 730
2018 2633
592 1081
2442 2607
1023 1515
2828 2576
2185 1771
403 2056
1320 2939
1336 1617
510 1203
2162 901
619 2220
2926 1017
232 2308
1419 765
1031 612
1021 445
1603 192
397 1303
1780 1259
387 2092
1582 297
2710 1142
2035 1896
2140 2819
1588 586
1040 1990
818 845
2178 2872
1389 2226
2602 1971
2148 1092
2759 151
2596 1082
2257 1094
2031 2592
856 2447
2726 9
1102 1803
1709 87
182 2385
613 1437
2748 395
2973 1846
2295 1514
2564 1472
2225 1169
2884 2778
787 2964
48 1510
1560 676
2253 2706
2501 454
519 281
999 477
725 2739
1205 668
860 1684
788 41
2431 1413
1313 278
1905 2933
2377 1837
1060 1331
2144 655
867 1052
712 779
1127 995
2779 2577
1367 653
2339 290
137 2860
2154 2104
566 1479
2195 1283
2273 1248
1524 1832
483 1945
801 675
2482 1226
210 922
2838 1120
2449 1590
1745 2945
1985 2893
2726 1348
320 751
416 2000
2437 597
2659 2213
1504 593
1640 1223
1250 1676
1621 637
1267 657
2547 1725
281 1546
2057 2807
2242 2183
1439 659
2192 323
1529 2744
1061 1084
1014 250
1721 795
441 2051
1261 2767
1154 812
1266 390
1301 1466
1921 2222
1287 2934
2962 109
2310 1759
1204 237
787 1225
2483 376
2855 1805
328 807
1682 603
1578 2559
548 906
1522 415
1390 2552
1336 1144
2586 223
2054 2210
2181 1753
704 2049
1801 1481
1953 1622
569 1867
646 2366
1412 2724
712 1416
2607 1903
2357 960
277 2737
2899 908
1523 1438
2900 1017
1840 1981
1020 9
30 1007
345 1277
742 473
2074 549
204 98
127 79
1453 639
2987 2166
1942 1173
1599 804
2405 2493
1767 738
1317 1532
964 1129
2927 1417
1482 2977
2331 2776
2204 106
2257 1800
450 2535
594 2844
2808 2193
450 167
1837 451
322 472
380 501
1042 2346
1448 398
761 1679
1333 207
419 59
1285 1458
65 1698
1396 2359
2489 1260
332 1124
39 844
1005 775
2176 2778
508 1394
2329 2544
1983 314
2336 961
2531 418
1594 1398
598 957
607 488
1775 527
2714 1673
1144 834
60 2555
1271 1541
537 1816
2285 389
1611 354
479 2633
1433 550
2167 2745
1830 708
2235 159
867 1776
485 1188
1404 2587
1683 1765
2338 2212
1403 2215
1498 174
676 279
2062 472
1565 116
1622 1353
913 2787
252 124
2431 2446
738 827
124 2376
962 438
2394 1476
2027 2917
2708 1402
795 1530
556 1395
1191 440
24 1939
1063 1251
941 2649
2259 965
2871 2729
94 1074
2037 2523
2353 292
1561 16
2892 2731
749 2647
2941 532
2179 2207
437 2959
622 1009
1171 293
425 437
2689 24
563 2079
1374 1604
820 495
2137 2294
2712 2217
802 40
1300 912
1317 2176
782 1652
510 2644
2760 1308
1623 719
2461 2041
2390 2771
1563 1731
2148 1294
1906 189
2445 2353
1788 2197
1154 1431
1944 2201
2841 630
1853 2256
2181 37
1073 2875
2306 1890
940 1788
808 1713
2914 1786
2637 1889
650 1197
2195 1566
1476 507
1206 2069
2204 2489
2263 2845
2074 735
986 1434
1538 1890
2908 1872
411 2547
2185 2400
1338 2289
2468 2747
2252 2146
1233 950
1993 2266
1899 1175
2859 2905
2789 2357
1935 2930
1701 1869
1181 1887
523 768
1977 491
1500 992
2086 470
1880 2458
2861 1027
1979 2795
1600 1170
2822 2833
1292 540
2852 2820
2780 703
186 2236
1895 2364
792 1126
1228 986
1070 2403
200 2345
2872 201
1210 2204
2873 239
2956 1812
1590 2142
2895 1794
859 2899
1092 1534
2973 2714
2103 861
1049 2931
1627 2375
713 1077
2578 2119
2522 666
2677 2228
2756 1771
1618 2011
1071 1258
1273 310
2075 1093
1071 1324
2777 2304
654 928
1660 2862
991 438
1888 358
2662 604
2332 1652
592 1422
2366 1656
1444 1874
407 1616
763 1892
2666 554
2344 2287
512 1009
203 1581
2342 340
2146 1451
2238 2572
2030 2822
2574 2089
726 402
2448 1306
59 1369
951 434
2414 2921
1819 800
2288 36
614 225
2796 2876
2576 2517
2518 2113
2469 1887
1441 1423
1131 266
885 2
2773 206
2090 456
2772 910
1400 1381
2304 2711
1058 2347
2081 610
2709 1172
2269 2422
2199 2158
68 1160
899 1797
782 1851
1760 2631
164 22
1352 2427
2504 2684
1097 2536
2575 1125
2112 1110
358 2502
492 1833
1139 415
2409 1116
1814 1761
1639 2862
1824 2472
1450 1838
953 310
946 1139
2212 1347
1786 2805
2927 2072
2271 1037
330 1696
1222 1879
531 1158
688 557
2430 481
2637 2567
328 820
992 959
2191 524
2715 432
1282 2043
1286 45
1048 97
2127 2882
2750 849
2198 1882
1544 2515
2368 94
705 84
2609 74
1881 2883
813 579
469 167
1100 2120
1593 2009
1854 2600
180 2236
1940 2531
1774 2782
626 949
2271 2414
436 2924
520 2853
1764 1358
230 2199
2660 2373
679 970
1861 2677
1700 1458
1411 2105
2565 2546
506 1798
2696 1564
2371 2464
1544 2487
1912 2685
1122 1325
2619 2678
2155 606
938 2505
972 1878
1915 923
422 1531
1966 150
47 574
1569 2919
493 2990
2627 306
1809 753
2326 1311
2097 1232
2172 340
217 2033
2864 2164
2091 222
2573 1618
108 657
1404 2830
1338 2447
1003 1284
933 1136
733 2548
2597 1603
193 2571
1823 1828
1920 516
2528 1709
2247 925
589 2833
1151 1353
2875 2421
863 970
1587 1327
1464 665
1662 2309
406 234
2200 413
1211 448
2298 1320
1749 1927
933 1087
1118 643
2330 75
2579 1322
405 633
2079 1076
849 458
2563 2392
1198 1611
1876 150
1208 2443
2328 2954
452 1985
333 1792
2717 2930
2215 2520
793 1518
611 2142
485 1033
504 2529
334 1841
1832 1762
2652 575
832 829
2226 935
2320 502
609 2714
1554 1253
615 1835
2028 785
1431 2115
2194 862
1732 2155
1269 2389
2232 2499
608 320
900 724
1753 2490
455 898
2458 2831
335 2937
417 2373
2471 2317
649 1479
759 324
2803 1380
1834 786
1046 1724
1977 1500
397 1127
2101 790
547 956
2746 2770
2993 1903
399 158
2753 1677
986 562
2769 2661
2206 603
1571 387
1580 2657
1344 2958
2476 423
884 582
1218 442
435 55
699 1063
2130 811
1342 274
2634 2602
368 535
2176 2905
2589 1909
949 1055
1408 457
763 841
2226 2654
1075 922
1485 1004
626 2514
1180 1065
817 1028
1157 567
1947 2323
580 904
2834 2060
771 2528
2143 1667
509 1820
4 2509
562 855
949 80
1014 534
1668 1116
628 2498
668 2504
2735 2542
1758 2460
1041 294
876 1289
2561 141
2032 1080
1201 1884
2410 1925
2866 2324
200 895
1256 411
408 339
529 2221
96 864
2922 1290
2603 1722
1450 2701
1368 1163
1634 934
153 627
2683 532
1054 1773
2451 12
2912 2707
562 46
410 363
729 2793
2399 46
2495 2072
1612 1901
631 2240
728 2513
919 1647
1863 1192
297 1703
2038 928
553 1815
1109 1502
2497 1059
2355 1945
2631 182
1754 2216
78 983
2223 199
2314 282
2423 1133
2690 36
926 2989
206 112
287 869
886 2198
2621 1383
2624 1651
1390 238
1781 1633
237 267
60 1142
2993 413
1070 2324
222 1680
1250 1565
1989 1437
265 2029
834 2461
2839 319
157 933
2398 2491
2340 2342
1457 2785
1640 1497
1613 11
2133 2113
266 300
114 1761
1126 2550
2159 877
1056 2671
2270 2061
426 1807
115 1996
2390 2868
731 2023
637 2452
2668 505
1774 2794
645 401
1114 2036
1085 1439
143 480
2836 2487
2428 2165
1237 2863
362 2909
2439 2464
1633 2559
2858 997
2827 2400
86 1980
2767 1349
1018 2001
187 1174
1879 1807
2424 130
1873 1845
55 2237
86 225
1057 809
380 2802
474 2332
37 163
1385 2992
1076 2180
2251 460
555 2624
1136 1359
296 974
1088 2698
1596 2299
2020 1808
756 104
2924 1896
1438 2280
1542 2572
1756 13
482 2305
2288 2758
2944 81
948 1487
932 622
1857 599
2627 2874
856 1629
2955 2639
1174 400
1510 1059
966 1406
111 1716
1078 1340
1233 1746
2519 1344
2442 819
457 1740
1736 743
1950 2813
2974 473
1136 601
1179 1576
2506 862
2593 793
2717 850
1112 478
52 739
2544 2766
2702 2658
138 2678
2062 1804
2922 1401
1821 1202
1961 1368
2033 2836
2790 504
159 1132
1579 702
2432 92
2726 2996
1246 2311
1219 1285
2305 889
1032 1418
1334 2370
2078 364
1145 396
973 2775
428 2613
2258 1537
2290 264
34 786
1511 1486
14 1604
2361 798
2938 1756
2635 584
1424 2340
515 1421
285 2235
2233 1360
2144 1221
1808 243
1378 120
2218 2407
1358 1452
980 1942
2006 1592
1619 1794
952 1004
253 2234
48 2977
1152 224
708 805
662 873
2778 199
2241 1942
1889 574
506 1916
2043 863
219 2191
2813 15
1483 833
662 1307
2871 447
1193 3000
1416 61
783 1691
1871 1255
2317 1608
2548 879
1916 1822
869 1575
47 226
2380 648
2443 211
2655 1721
918 597
1262 916
1519 2110
1332 1906
1726 1106
2304 1741
495 996
2332 1852
1546 59
1101 836
2271 2642
2909 726
2871 1850
1898 1111
226 1827
38 2587
1912 780
2745 2196
514 2626
395 1751
656 361
278 1399
1714 2560
2889 1345
213 2922
2779 1842
1529 1928
2129 1739
346 101
1505 1877
370 101
1030 91
955 2689
96 2557
145 1743
2246 2590
1021 128
2370 1449
756 765
1772 1098
1726 1333
2966 14
2239 1493
1659 1553
1108 332
2000 2576
1157 2214
2561 943
2268 2669
534 976
1899 325
587 1937
2993 2467
1932 1873
2292 1234
93 2618
214 1778
1657 210
1291 336
2262 705
1727 1408
1316 2831
470 1737
967 181
1928 2348
2573 1195
368 573
2018 1454
2417 607
1010 2610
1091 2163
2825 1357
1411 1127
2809 2576
2269 2661
2050 2419
2825 585
777 1721
126 229
1641 2248
1900 2657
1415 349
2378 1596
181 1941
2265 2904
976 1918
2194 2173
2883 2997
1825 1319
2702 1218
2920 2310
656 63
1328 1440
1593 2978
2082 1268
875 2341
990 89
2122 2191
2246 693
2329 677
2396 117
1006 408
734 519
2152 2860
1090 2674
2472 825
316 351
1677 2660
2751 1704
49 2186
147 1079
2124 51
2437 2896
1308 2913
1931 385
1093 1910
2582 1165
2865 2123
231 1035
185 1499
192 605
1685 886
2118 670
1405 217
2852 2623
1906 2610
1079 2839
1615 902
1106 34
2189 2893
450 1183
112 2351
2303 2506
939 738
677 841
587 2023
2561 2040
1828 158
1785 308
1292 170
2295 2981
2943 98
2511 2356
1469 1998
2692 1609
2361 833
910 304
2221 1850
2946 1743
2804 76
1858 541
1625 1022
2537 2638
670 2525
1143 1051
1397 2693
1024 2801
1386 540
2399 2964
78 651
1773 2155
2586 560
895 2890
1343 2374
874 2343
1163 2073
2614 602
28 1554
1280 2542
1039 221
2650 55
500 1655
320 1130
1342 2003
1990 1955
2040 1845
2700 985
2495 1661
2774 1556
1980 2656
2513 219
393 710
1367 490
688 1660
2931 2795
2332 2657
2493 2066
2288 2869
1299 2203
2138 2607
2554 1361
528 1738
2972 1410
1849 2372
1815 1613
186 903
1095 2156
2401 579
2283 655
974 1685
959 2976
797 2720
1305 1749
379 2055
2975 356
1268 839
2584 2039
2463 1435
53 449
2817 729
2682 456
2426 669
477 957
1753 49
17 2401
1686 1223
261 720
2941 2184
1532 853
2605 714
1541 2019
1275 413
883 1419
902 2765
1288 554
1585 120
2775 179
364 2946
813 1675
2275 614
2516 1684
316 1893
2560 1662
628 1624
1167 1440
2863 2699
394 1749
1914 917
2071 1373
431 1286
1190 1729
77 2099
3 2106
916 685
2304 1089
410 2406
2162 2145
242 1563
376 390
1147 2441
695 1848
702 2468
136 812
407 67
2095 764
2653 1966
2730 1830
2349 1520
1950 2387
710 2120
1354 1586
2499 2216
849 2231
2972 1214
1614 243
20 2500
246 2348
953 2103
299 2601
750 2171
731 1084
769 1216
1654 588
2856 160
1680 1602
2285 1843
1450 2916
2543 243
2827 90
2451 1886
2198 107
1153 876
180 2857
242 416
152 606
1672 1447
1241 774
1023 790
754 2896
2087 1852
940 300
1591 1441
289 2641
2194 2383
2597 2920
2222 1407
2811 291
2286 697
1522 1307
2313 1141
442 462
822 661
1911 2888
2375 889
760 513
143 67
480 2257
1877 620
2177 2534
1510 1627
1023 1191
19 1397
237 2789
2982 2923
1066 2957
815 2524
30 2464
2589 95
2602 1179
1162 2635
1976 2510
2462 479
2459 2974
1474 2154
1292 1539
1526 236
2362 2991
31 2910
363 1657
1108 2612
2045 2579
84 43
1714 995
2749 1588
1396 1128
893 2642
2599 2368
897 536
1158 783
311 2016
2968 1255
1728 165
248 1249
2085 2266
958 1936
2403 121
623 242
1705 415
223 333
1613 236
1114 2974
2068 1859
461 1720
2243 2457
381 2727
2743 5
1436 716
169 2779
2311 373
836 2392
1459 28
1956 1669
158 1547
88 1720
1279 1628
2574 2861
296 2564
73 1054
160 832
2702 429
778 2147
2208 757
1567 1599
1329 216
1060 378
1416 2679
1152 1950
1616 2826
2098 1454
2524 1802
188 2916
1053 1995
2150 564
2129 1577
1085 1856
2885 1510
2292 901
956 2550
1883 1963
2093 2979
735 262
993 871
2434 1442
2700 1932
1993 2100
2152 1468
1611 2262
978 1951
2950 1623
911 1243
1690 2330
1379 600
275 2720
1235 2447
653 945
942 1135
2416 784
19 1730
2213 1778
2824 169
2334 971
586 2471
2477 692
543 748
1566 2986
2989 1063
1476 123
57 1991
2007 2703
1362 981
1076 2022
1323 1623
1478 1635
185 687
1762 1473
579 1667
2114 2940
1992 558
1825 831
1314 1002
2998 326
1816 2263
931 1625
140 1642
2738 338
31 2797
457 1373
1119 414
2108 241
1733 1917
1752 745
1517 2083
2567 2141
74 2009
455 309
277 2356
692 503
820 486
1385 838
1040 2354
122 3
1838 121
165 279
2705 1007
1414 536
744 711
2618 2956
1876 155
2066 1764
84 359
1960 1521
1917 1783
1214 530
2640 727
2685 2951
2936 1194
66 1765
2291 1841
1378 2147
1045 2980
1185 701
1540 2588
2134 2278
1958 337
27 1651
104 2728
230 2418
2549 1707
2052 1959
755 2545
852 1086
746 285
2444 1356
983 1215
1178 2058
1869 2409
1620 1661
764 1882
1430 929
1092 2202
368 604
1487 2775
2549 57
2242 743
852 808
2403 9
478 1370
1702 1334
2980 2646
1790 2113
261 1492
1029 1073
1365 376
1692 1836
2583 412
715 1763
1383 2945
341 2773
294 2461
2124 427
54 2444
2185 1422
1556 140
75 2424
2943 181
2695 2153
1717 1953
2386 1283
1392 1199
2273 492
2126 1400
82 260
2890 347
1184 272
969 912
144 1894
1570 1461
2149 1758
42 1767
1344 760
444 333
602 788
1513 248
1478 2680
2565 325
1409 2626
197 1388
1073 55
810 1710
2632 1600
2416 694
2049 2871
2083 1571
1495 2122
2988 1058
1456 81
1342 1384
1447 2496
1632 1671
389 229
2644 2080
1044 2099
1507 278
1538 758
902 1738
1985 1984
1938 1515
2940 621
1504 1073
1653 2951
583 2384
2691 1500
1115 2469
2752 2675
1347 2360
454 809
2286 1549
2340 2053
2708 2617
931 2482
2453 1488
2876 2636
803 2949
2504 104
2520 2539
2983 1410
2811 375
1158 1258
239 1177
1806 1517
2116 1681
1967 1236
1182 838
2070 1095
2183 2150
372 2050
438 403
1994 2809
463 2992
1387 2097
1469 669
706 1795
663 2207
2994 762
2740 2032
2500 539
837 2496
2188 895
2395 2207
2370 904
1576 7
1499 143
1447 1162
177 2976
1989 1984
1135 2960
276 1029
2786 509
487 972
1456 2026
580 1636
664 317
726 1330
1712 335
1524 1069
2504 1768
644 966
2225 2871
1067 2249
2726 1195
348 2144
1101 804
1727 2305
1814 2028
2166 2031
1795 1222
1515 170
353 1107
1691 218
539 2750
70 2082
2075 634
982 1884
1639 1393
2757 2473
2874 1619
1782 948
844 719
312 2749
388 834
1601 1525
1608 2267
1200 475
2926 1402
908 2710
30 1405
205 2639
2386 2180
2841 1555
2912 1362
2112 690
2139 1422
1835 2386
83 805
2474 1461
2523 1300
2931 2277
977 251
2118 623
2408 1776
2547 1425
289 256
1988 317
1831 52
2265 989
1819 2264
1584 1876
2798 2255
565 344
2559 1039
271 2421
884 24
1650 1941
2064 2914
2688 621
245 1432
2899 571
2126 2484
1464 2571
2657 2914
1485 2821
629 1140
525 2380
2168 982
1479 505
549 1787
701 2819
2647 2970
2834 1368
2450 1230
451 269
1734 22
2800 2827
1463 1120
994 2041
832 2894
260 467
723 2346
471 1986
1812 1101
2736 2592
612 2176
263 1242
558 2476
1775 1319
882 1208
2021 909
2414 2945
2725 1428
1444 352
486 1610
2318 1617
2781 640
1490 326
508 2230
2919 361
2963 789
707 1629
2598 2165
883 1371
1294 1858
2057 2104
866 1046
1729 1039
478 1038
2084 282
2532 1365
927 292
630 625
1093 2337
56 2588
2393 135
499 151
2124 822
2118 1274
2281 1110
2539 176
594 800
2154 906
927 2699
2509 439
212 2648
965 2642
1050 690
2457 2146
2119 1587
977 1766
2490 2161
474 1766
2132 1322
202 2004
2891 1821
149 1552
2279 1915
920 691
214 632
1693 2353
2995 1706
726 681
2254 1686
831 301
588 2916
2786 1897
431 1409
1583 1715
1948 2390
240 1004
1627 282
2044 271
2270 23
1842 2870
1550 691
1534 2379
1479 1337
2322 2910
1058 1974
2784 1858
1033 1122
1665 1131
1223 984
1477 2315
1102 1589
1789 2919
1480 512
2879 2327
437 1113
1076 2438
2021 2512
1971 988
2510 2843
1366 1598
423 1511
35 2460
629 2973
538 2741
1755 2478
1509 1293
299 1344
119 2076
2926 1748
1212 2363
1357 987
803 44
1460 1603
2558 361
2731 196
1973 2840
1946 1332
1178 2663
2013 353
1376 2879
807 2728
1330 108
2245 352
1972 1351
693 339
2386 305
1881 2382
433 1746
1541 2913
2594 2709
1149 2296
1026 794
2411 2812
283 1136
570 149
1901 117
2994 2679
1583 2429
1383 1245
1056 1831
1266 994
1885 532
2739 1097
1932 1423
1052 465
1909 1734
172 1361
2359 2848
374 2248
550 1999
589 732
2579 2358
2143 842
1696 484
1886 183
1095 1065
1888 2042
83 716
1355 2398
2584 797
166 1094
1323 2479
2136 286
1952 2890
2046 2306
683 130
930 1303
1477 2915
329 1557
1780 466
208 1137
2891 1874
2597 1382
561 645
2145 184
1635 1088
207 2765
1591 894
2466 1546
2194 1192
2661 1902
2929 2694
2920 1363
916 1981
1047 2417
1067 2048
2443 245
747 1420
532 2488
1058 489
29 1819
2868 1647
626 2816
2109 1209
2763 1003
851 110
2715 1592
1605 1719
1381 489
2163 2697
1979 1034
258 1149
2045 982
1575 661
338 2255
751 330
578 2054
1767 2900
2854 2717
975 2611
2224 890
2481 2173
1583 2982
1891 1242
720 356
103 1750
110 195
1818 99
1218 1969
2673 2694
1086 284
12 1518
2397 542
1346 2866
691 1115
2407 2151
421 219
1867 430
1532 776
118 2647
1715 1840
905 1425
2313 2464
1930 1647
2849 257
1647 767
1543 2672
2931 1966
443 1535
2625 1521
2928 1432
1779 1926
1861 498
2788 1239
2935 1651
1183 2174
1427 2962
2247 2222
2963 672
393 2842
1814 551
1964 171
581 1137
2488 1494
1739 208
2138 2173
1997 1213
1001 1034
2864 2427
2233 1801
883 1779
1013 216
1042 1412
1216 331
2935 2158
2086 774
2986 819
2916 2639
621 1060
1387 673
992 2533
113 231
877 936
162 1207
32 404
1469 464
1853 2205
2878 1875
2530 1799
1152 682
1120 2540
1103 2394
2076 2794
1138 1472
778 2823
1211 1637
500 1290
1426 338
2591 1252
1492 385
2587 2063
2387 2628
1283 521
788 2293
1065 2005
2245 679
2622 1862
1296 370
590 2121
71 1166
1196 1116
831 914
460 128
964 280
638 493
799 2635
2023 2523
1136 821
403 2
1907 1742
2425 138
1545 1372
1930 1117
391 1708
1364 2059
2319 97
1806 766
2435 137
871 928
845 2367
1443 811
917 2248
1243 2597
859 191
1074 1898
175 2587
856 2538
2645 1420
531 2897
640 2872
791 213
1230 1392
2345 1400
1254 1820
1287 18
418 1716
198 2366
1 1343 455227737
2 1104
2 1079
2 2320
2 1511
1 1251 682867427
1 1286 107007924
2 2809
1 1658 973594544
1 1513 762174140
2 2697
2 1881
1 1342 7070469
2 945
1 2693 535753588
2 2913
1 1385 513055753
2 2451
2 141
2 2002
1 1680 808967419
2 2451
1 2373 340942533
1 1844 864164811
1 2858 581494669
2 2267
1 1136 923855980
1 1257 934031643
1 2228 967958629
2 359
1 1397 687767488
1 2161 300851055
1 1173 385753248
1 1233 865345241
1 307 132526311
2 2629
2 1985
1 2829 42066325
2 643
1 327 486163253
2 880
1 2996 996120047
1 269 139709766
1 2591 53299293
2 2678
1 147 959716518
2 2415
2 1421
2 243
2 699
1 83 133424063
2 635
1 2290 579259370
1 176 683147217
2 2799
1 2946 61826015
2 1772
1 772 662442472
1 2174 998219210
2 307
1 716 940852207
2 460
1 1164 245923278
1 2077 739294275
2 1739
1 120 12804585
1 1859 806701084
1 412 522708937
1 507 754246156
2 125
1 643 42394670
1 1678 471668675
2 286
2 484
2 1203
2 77
2 2614
1 426 408047040
2 1443
2 850
1 1844 735779323
2 2064
2 701
1 374 207751177
1 484 355324650
1 1803 247543142
1 29 243754268
1 1001 364437207
1 1821 983231047
1 619 784562418
2 2758
1 2670 569283902
2 1772
2 518
1 1470 547135129
1 2395 501285353
2 848
2 1636
2 2007
2 1811
1 1325 718375868
2 1442
2 14
2 1430
1 683 132293087
2 1649
1 2141 373889660
1 2117 359211980
2 1549
1 2606 23578416
1 99 88212050
1 2360 436518455
2 2085
1 1626 238496062
2 2977
1 2019 528368355
2 2677
1 706 994293315
2 726
2 466
1 1710 927894034
1 975 977883450
2 2882
2 1843
2 2523
2 2820
1 2683 341066722
1 1634 108406818
1 2020 928152655
2 125
1 2941 989754151
2 2572
2 1757
1 548 83783320
2 1028
1 1671 705040616
2 263
1 987 116773955
2 2395
2 62
1 540 767409039
2 192
1 606 694358785
1 2688 404909986
2 301
1 386 226249068
1 2713 710992359
1 1232 142409896
2 2813
2 1895
1 394 965160360
2 1484
2 1629
2 368
1 1433 303275011
1 1256 918768591
1 521 901618834
2 489
2 412
1 1083 889841839
2 1375
2 1483
1 503 321072252
2 2238
1 1941 409167602
2 1331
2 262
2 1042
2 218
2 1723
2 1235
2 2433
1 1673 753350789
1 751 940879383
1 2189 797753550
1 1065 699534657
1 172 787935619
2 2167
1 2733 107045790
2 207
1 861 24407506
1 1601 35899089
1 2337 948930274
1 1168 181850769
1 564 211579716
2 1686
2 2739
2 615
2 542
1 1874 947794979
1 936 567674603
2 1996
2 418
1 535 512280066
2 860
2 2161
1 2820 906819574
2 416
1 1643 770124096
1 1222 778442523
1 860 539421122
2 2512
2 2559
2 2068
2 1014
2 1755
2 655
2 1979
2 194
1 2921 234665206
1 1971 633775211
2 2446
2 2659
2 2441
1 523 944943721
2 2660
1 1978 568841258
2 49
2 1928
2 1047
2 1658
1 2809 464535629
2 1952
1 1279 496605634
1 2596 997620608
1 1703 614848190
2 1668
2 38
2 698
1 2306 348822459
1 1219 434660374
2 659
1 2734 453911733
1 1426 192645231
2 1302
2 561
1 34 862522387
2 2444
1 2932 117647551
2 2791
1 2871 914134193
1 2753 203589074
2 2237
2 2424
2 2921
1 2021 8679293
1 1753 552019965
2 378
2 679
2 2738
1 1161 933937964
1 2137 737525908
1 2726 40243968
1 253 466898863
1 2218 233048297
2 1755
1 1189 193023704
1 1605 399266986
2 2263
1 2772 348146234
1 2856 725225875
1 777 943040704
2 2230
1 2065 316460634
1 47 875542802
1 938 332359101
2 1280
2 2959
1 518 31762989
1 2315 375619264
2 620
1 524 226381519
2 1980
2 1933
2 2930
2 1818
1 2214 257421909
1 1199 643591933
1 26 527520095
1 1193 890134856
2 2036
2 1088
2 2733
2 1804
2 849
2 1334
1 2136 615702756
1 1265 541938467
1 2397 931079402
1 2161 887244677
1 2630 690242405
1 1755 227563274
1 2805 333227
1 2222 145573292
2 2285
2 1697
2 431
2 1502
1 1478 242048414
1 878 710961062
2 2768
1 1446 709733628
1 727 82805796
1 2986 383124667
1 1656 911759172
2 2759
1 2659 687180497
2 2270
2 1067
2 774
2 2310
1 857 723329910
1 792 982447382
1 499 809579295
2 1940
1 2488 897351541
1 1323 776435557
2 1676
1 1185 582920668
1 2383 748816272
2 509
1 1505 685554959
1 3000 83826500
1 2683 875351397
2 1953
2 1136
2 1023
2 2122
2 2350
1 48 304468405
2 2191
2 1391
2 2626
1 887 560909775
1 1430 34504643
1 409 655691673
2 1403
2 2599
2 2222
1 1931 619799187
1 1566 12668760
1 258 486653716
2 590
1 723 47298184
2 379
2 2740
1 550 727312004
2 869
2 845
1 2608 430485662
1 29 738759058
1 2903 540689616
2 2556
1 1071 217209096
2 1269
2 1525
2 2948
2 2751
1 1572 740598321
1 2732 562402578
2 2773
1 1495 666184672
1 1571 495133480
1 1321 774173385
2 635
2 782
2 2016
2 457
1 1734 418296125
1 219 945162587
2 2037
2 1625
2 81
2 52
2 2280
1 1390 836621884
2 1613
2 2082
1 884 898763222
1 1211 993702339
2 2245
2 729
1 797 383516100
2 192
1 938 430182134
1 1866 701962545
1 1102 810023842
2 423
1 39 93511707
2 739
1 1300 882136361
2 2368
2 2139
1 316 254062891
2 2354
2 444
2 1900
2 2217
1 1029 488663960
1 1891 194984240
1 1256 425336734
1 677 960011011
1 2647 596269047
2 1160
2 796
1 667 544148040
1 198 75346410
2 2450
2 1503
2 2421
2 189
2 35
2 2661
2 1967
2 1056
1 2483 837560522
2 1631
1 1347 423638345
2 2329
1 443 575691065
2 1888
2 604
1 1320 290787278
1 2900 21866801
2 2048
1 509 333844309
2 1548
2 1416
1 2819 969932766
2 818
1 1429 124760911
2 598
2 2009
2 1476
2 940
1 2545 635809456
2 1517
2 2911
1 384 107964558
1 1511 223617167
2 2784
1 413 696790953
1 1529 61375819
1 1204 192555902
1 2245 488463422
1 1770 604994430
1 1518 818778785
1 1742 131444996
2 892
2 2408
1 1904 985417685
2 433
2 2345
2 931
1 1751 984798689
2 1330
1 885 782488800
1 220 268827677
2 2754
2 790
2 10
1 2536 263776773
2 2625
1 1354 942719893
2 2177
1 1832 187234177
1 1381 71707600
1 2443 911018981
2 2214
1 1304 944591513
2 2060
1 406 166046382
2 672
2 955
1 1416 416721645
1 2862 400749828
2 1539
1 1067 42345058
1 2503 585323724
1 1795 450993426
1 1544 394340486
2 1907
2 1531
2 903
2 2130
1 1903 463278894
1 233 439261984
2 905
2 848
2 1336
2 2283
2 2413
2 2440
2 1347
2 232
1 2704 869546867
2 657
1 2793 154701271
2 1761
2 1454
2 1646
2 1887
1 1444 301608061
1 1181 191765104
1 183 922254952
1 2493 817686249
2 2667
2 338
2 801
1 265 352680573
1 164 102558835
1 2089 42304178
1 763 207377576
2 1443
1 2120 949839838
1 383 316350451
2 409
2 1960
1 2462 91901773
2 1194
1 2171 994264772
2 1050
2 1687
1 1461 345083757
2 653
2 612
1 890 878813346
2 2607
1 615 83337891
2 128
1 2928 141123325
1 2290 154953874
1 2181 408462335
2 2907
1 2247 19510089
2 159
1 2342 293127019
1 2389 799551656
1 1969 551429825
1 574 293872675
2 550
2 668
2 1891
2 841
1 653 903704452
2 2472
2 193
1 2664 71584284
2 2200
1 1559 392880531
1 799 128150567
1 2708 598512536
2 1054
2 448
1 2599 916927302
1 470 85251519
1 2042 497484201
2 1122
2 2496
1 2143 294974795
1 2741 549446531
2 1580
2 2186
1 760 894814090
2 2691
1 76 383957641
2 1517
1 1897 569183197
1 2571 682438264
2 859
1 682 671516275
2 2252
2 2002
2 829
1 326 226097466
2 225
2 1047
2 163
2 125
1 578 632288209
1 1494 589822510
2 195
1 611 806450031
1 438 453297242
1 2527 283669837
1 1108 717372026
2 378
2 2249
2 1662
2 445
2 1416
1 1816 270076612
1 1603 399932349
2 2037
1 184 919988096
2 1223
1 441 820804118
2 1074
2 2719
2 1420
2 1392
2 1069
2 2182
1 2476 829782446
1 2654 461340490
1 1434 158557594
2 877
1 1843 92411527
2 1712
2 115
1 836 204429626
1 1790 911070930
1 2427 909579506
2 971
2 130
2 1955
2 80
1 2709 91123359
1 2552 79799588
1 869 994179222
1 2633 918345814
1 421 235663507
1 2388 71817468
2 698
2 407
2 548
1 193 860518305
2 847
2 238
2 486
2 395
1 1 769704151
2 1725
2 173
2 1774
2 2244
1 720 773183402
2 93
2 2894
2 1014
1 1840 343581678
2 1960
2 110
1 2163 225009373
1 328 222878824
2 2842
2 2412
2 2872
1 864 911300219
2 1500
2 2929
1 322 770756762
2 1587
1 1635 327679887
2 515
2 2382
2 1659
1 2423 477665386
2 2677
2 1496
2 762
1 1455 394052154
1 827 712312187
1 951 985677577
1 2216 865682773
1 810 98513053
1 2313 344286121
1 1022 17053094
2 962
1 1141 36423810
1 659 633932368
2 851
2 599
2 1178
2 268
1 1585 485636020
1 1236 61406288
2 917
1 274 91373909
2 1615
1 2927 946638960
1 1663 56624135
2 2494
2 1224
2 5
1 189 333955682
2 1782
1 1515 672296033
1 1638 201097728
2 1560
2 180
1 2019 652757271
2 1293
1 573 300250969
1 2039 743479689
1 1303 341797214
2 2651
1 1596 175477912
2 1583
2 209
1 2795 739338285
2 1443
1 91 905577383
1 520 654775177
1 838 846239721
1 122 720026094
1 1405 498001653
1 216 970442006
1 871 401423464
2 174
2 546
1 111 130394242
2 1189
2 248
2 1853
2 32
1 494 630965554
1 1725 210813645
1 2475 433430942
2 761
1 2664 504607007
1 71 875833820
2 2255
1 2911 699288743
2 1624
2 1456
2 1893
1 1647 534542231
1 517 614137729
1 2108 768833299
2 408
2 2581
1 2372 917151696
1 2701 934201927
1 1671 630862012
1 2343 335100209
1 1620 67806684
1 1479 221328798
1 1393 851033032
1 2600 527927491
1 2793 795404402
1 2812 675083377
2 159
1 704 677313172
2 2467
1 2454 984042476
2 2600
2 672
2 990
1 1555 779303566
1 740 599575737
2 2881
1 2514 348773975
2 1218
1 133 96885114
1 428 749868642
2 2674
1 1801 585814253
1 1743 403796557
1 2825 393353586
2 2303
1 2792 274474445
1 2221 419613646
1 1714 34203016
2 2388
2 5
2 1205
1 943 76660843
1 2577 109945544
1 2337 575688318
1 1889 93061713
2 2954
1 2555 979396141
2 1783
1 1070 800127506
1 2138 981560361
2 456
2 2698
2 2703
1 1107 796299644
2 1725
2 1293
1 2969 824244273
2 1066
2 2290
2 2475
1 2646 373605126
1 723 474171400
1 2395 970868217
1 1551 12146913
2 196
2 2988
1 2575 256216530
1 930 250760838
2 1861
2 2665
1 2579 509449371
1 611 158585576
2 423
2 601
1 1677 886539886
1 224 95108684
2 2035
1 1821 128865791
1 107 954947417
1 1832 346998602
2 1
1 1454 982423298
1 92 281970400
1 2114 960151630
1 1592 239449662
1 1662 474240168
1 428 760824698
1 1853 381115671
1 2624 76816839
2 156
2 770
2 1441
2 2274
1 2546 337902937
2 843
2 2218
2 1108
1 1688 506990355
2 2535
2 242
1 1024 434432960
1 2585 658406353
2 2481
1 2053 441019244
1 1100 817322984
2 2899
1 1041 994520716
1 1901 227258571
2 849
2 1041
2 203
2 373
2 870
1 699 106820318
1 2440 766125540
2 424
2 2853
2 2859
1 274 43779882
1 1146 707763038
1 187 426404665
2 543
2 266
2 1452
1 2778 832758492
1 1707 566976534
1 2763 539340580
1 362 936925664
2 2800
2 2158
1 2910 161906249
1 942 458260726
2 119
1 802 577107486
1 390 715292779
1 533 754095207
2 1836
1 2159 946910990
2 244
1 1974 184658360
1 1883 757929387
1 599 385981288
2 1107
2 2080
1 2496 899025638
1 1921 151860093
2 1570
2 2379
1 845 332835440
1 2928 555119923
1 2391 949787195
2 2116
1 2849 39112265
1 1211 351070596
1 192 435758386
2 1428
1 2372 983539879
1 2733 813708797
2 2586
1 384 264510059
1 6 841019763
1 1925 429677122
1 2532 994823154
2 1032
1 1816 662310344
1 2269 245341063
2 1259
1 2410 277289369
2 1560
2 2052
1 1214 289164598
1 1909 318063828
2 2391
1 1886 493298893
2 81
2 2697
1 2644 95051954
1 1737 122211999
1 2364 686601638
1 1004 703235692
2 2792
1 2967 640110097
2 499
2 1532
1 1274 513062583
1 2713 949492925
1 358 780239144
1 434 799682464
2 2091
1 1113 483746512
2 1568
2 339
2 1016
1 2349 934794382
2 274
1 999 160991330
2 2237
2 872
1 1999 758008127
1 1420 313828034
1 839 48311228
2 1171
1 559 758997312
1 2698 110529504
1 2519 67456988
2 814
2 2311
1 1662 91353812
2 1812
1 801 501023749
1 1701 640098277
2 2193
2 639
2 1576
2 2895
1 1113 360511808
1 150 99830337
1 2944 493894697
2 1475
2 85
1 2148 900858045
2 2749
2 1870
2 1499
2 1398
2 1070
1 1895 240782559
2 1355
1 2813 928564709
1 2981 244135082
2 1770
2 2051
1 2521 460268029
1 1074 225523935
1 1896 48367812
2 667
2 2650
1 1455 798386106
2 2220
2 937
1 710 767331602
2 883
2 798
2 2684
2 528
2 2425
1 1154 616678710
2 539
2 1334
1 152 97553289
2 2327
1 965 506101767
2 216
2 3
2 2194
2 2616
2 1598
1 1177 477880143
1 755 790984100
1 357 988480204
1 961 785267675
1 2372 253536740
2 2773
2 1288
1 22 104730620
2 2539
2 1384
2 2122
1 1104 408564962
1 898 454126273
2 2992
2 409
1 1973 347320102
2 2126
1 1830 459386334
1 1092 435801698
2 2014
2 2716
2 1732
2 2522
2 2705
2 1034
2 155
2 2403
1 2848 360173353
1 1666 333801037
2 1710
2 1939
2 74
1 476 45491013
2 2630
2 1148
2 999
2 2219
1 2718 469152007
2 2002
2 1374
1 533 622646516
1 1647 500571960
2 2478
2 2449
2 669
2 812
2 2694
2 942
2 2843
2 1717
1 1882 500257182
2 902
1 1720 668536411
1 2205 991183747
1 1103 938806131
2 2895
1 1013 213620002
1 1149 344604796
2 741
1 131 899925086
2 2851
1 2913 32090691
2 91
2 2081
2 1858
2 1105
2 2816
1 2337 532333143
1 1676 173382250
1 2207 551841783
1 1233 696487441
2 2394
2 1
2 2389
2 408
1 790 136360125
2 2250
2 2527
2 529
1 2699 239475669
2 457
1 411 876946301
1 2029 86859448
1 2417 356372613
1 2534 550902369
1 1622 941394332
2 1840
1 264 967594640
1 905 523731675
1 2191 181511409
2 581
1 2458 328591849
2 1748
2 2284
2 824
1 2051 656799289
2 2000
2 731
1 2633 206379941
2 2678
1 1286 545682742
1 2856 834389929
1 2765 858394446
1 417 68614119
2 1741
1 2075 349438096
2 2502
1 1438 836619930
2 2897
1 2577 784311696
1 752 613267475
2 1162
2 1727
1 2128 386100426
2 1812
2 1608
2 1700
1 1070 851520342
1 1480 441072862
1 693 621902829
1 590 799124872
1 1649 513321662
1 2362 734549642
2 1747
1 1535 763203343
2 2093
2 2674
2 1113
2 1927
2 1940
1 2447 449023127
1 1639 705069544
2 169
2 199
2 1255
2 1716
2 323
1 1544 356998066
2 50
2 2929
2 2824
1 1650 444148072
1 2493 270170812
1 2037 613819961
1 1624 197836779
1 1269 665121984
2 762
1 2010 548918028
1 2428 932119200
2 2501
2 484
2 2053
2 1676
1 1161 612533157
2 2821
2 960
2 579
2 2006
2 2610
1 1129 324729914
1 2640 62239868
2 1404
1 2195 897453768
2 1898
2 1781
2 1294
1 1878 318612208
2 1873
2 2066
1 2308 225745614
2 171
1 1856 282925812
1 561 63787406
1 1290 277909490
2 391
1 2756 683424879
2 1233
1 1457 415890720
1 1988 132071620
2 2063
1 1845 796017752
1 2651 724962989
2 29
2 456
2 2860
1 1017 703131493
2 1565
1 2504 29466632
1 1129 841333886
1 2966 7168518
1 1591 106476942
2 2165
1 938 796727522
2 843
2 1956
1 177 584900751
1 907 808520382
2 1076
1 2130 146729171
1 362 40032376
2 2538
1 880 535636386
2 881
1 1849 31377137
2 2331
2 1162
1 2343 176415555
1 2909 835974738
2 1180
1 620 211059625
1 2676 350389467
2 2472
2 2400
1 185 977590731
2 2820
2 2839
2 1517
1 1728 255183806
2 1554
1 516 909159528
2 552
2 1550
1 841 42344225
2 2812
2 2990
2 2954
2 2810
2 1155
2 1906
2 1473
2 1676
2 1942
1 1332 535046404
1 202 765996016
1 2269 847340313
2 2038
2 1574
2 2169
1 2076 900680865
2 1370
1 456 518708521
2 238
1 2368 7420306
2 1996
2 1011
1 925 93922185
1 2816 25458636
1 1768 926123780
1 687 898842811
1 1750 694016624
2 1836
1 898 831701981
2 1151
1 2173 200796879
1 2136 698313019
1 2015 827321504
1 2890 497635288
2 2896
1 2606 250499670
2 2873
2 1082
2 2518
2 1018
1 2501 695936140
2 1927
2 772
1 814 630160318
2 2839
2 59
1 2488 851067192
2 1206
2 2858
1 829 537857391
1 1384 318420022
2 2739
2 1595
2 2536
1 282 62823849
1 905 526261505
2 637
1 1195 929157736
1 996 390185276
2 1587
2 1540
2 2977
2 402
2 1397
2 1733
1 1104 986122728
1 1846 227382447
2 719
1 577 38296495
1 1468 541093819
2 1281
2 2318
2 1664
2 2475
1 581 47742455
2 2796
2 2690
1 1393 730504188
1 1949 577276423
2 1989
1 190 41092491
2 2499
1 2089 378173883
1 1170 407962078
2 2205
1 782 905074697
1 2653 967460331
2 384
1 2645 750761791
2 2800
2 880
1 280 304168089
2 2161
1 1203 179696995
2 728
2 2422
2 2494
2 375
1 1906 891113361
2 1525
2 2741
2 2767
2 2460
1 503 624496905
2 678
2 1904
2 2406
1 375 578389076
1 2281 794734202
2 448
1 2786 604417607
2 2169
1 308 502296995
1 2251 859609157
1 2145 620113513
2 2599
1 1170 89598493
1 2437 367638250
2 623
2 372
2 2537
1 606 794474972
2 2260
2 1170
1 1385 792692795
2 775
2 1804
1 2638 860325941
1 2378 655172476
2 1215
1 358 962422907
1 2360 97569821
1 1996 968906314
2 971
2 350
1 798 598791425
2 735
1 2431 875740900
1 1629 753165540
1 1376 354757062
1 2043 964443905
1 2744 213509623
2 1886
1 2203 982529956
1 726 473436201
1 2764 996150357
2 1289
1 353 830422439
2 1563
2 942
2 905
2 2829
2 344
2 1685
2 2664
1 1249 861729389
2 1093
2 524
2 1672
1 114 488481260
1 561 294465888
2 2337
2 25
2 2192
2 2239
1 1056 344778094
1 1280 563112348
2 921
2 395
2 847
1 2004 678049488
2 678
2 104
2 218
2 2681
1 2802 650914439
2 2107
2 246
1 2639 495110208
1 856 843137978
1 255 949154040
1 1912 714884317
2 2986
1 347 125798976
1 2641 915367636
1 989 415054620
2 170
2 1950
2 828
2 1298
1 1003 662378675
1 1876 882594539
1 1324 487975506
1 340 123191175
2 1619
1 142 310261043
1 2509 308023034
1 1534 546960522
1 2825 54897433
1 2114 478775318
2 163
1 2656 947555016
1 1578 946065589
1 761 761738680
2 1760
2 1836
2 1692
2 406
2 1548
1 2458 170408063
2 2357
2 2508
2 1439
1 475 896636271
1 1987 605007677
1 127 144736874
2 2295
2 2055
2 2796
2 2343
1 910 73988952
2 1585
1 1397 122466504
2 802
2 2954
1 952 968643591
1 93 490114802
2 857
2 2597
2 2134
2 729
2 1968
1 1765 986368133
1 2810 609021271
1 2128 385382996
1 761 365981112
2 1380
1 560 528623107
1 1590 626940085
1 2968 680235394
2 1799
2 702
2 619
1 302 85391614
2 2265
2 2687
1 2122 96894564
1 2048 435177579
1 207 148383347
1 930 907696170
1 1565 519036949
2 1518
2 899
1 1114 413594414
2 2598
2 127
2 2675
2 1077
2 2542
2 2393
1 2466 403033022
1 1695 679105813
1 1760 26151896
1 2092 578275592
2 1435
2 1102
1 2084 698224492
2 1855
1 2803 557400115
2 2358
1 1151 771799659
1 1183 562010395
2 342
1 804 304416693
1 2607 428060281
1 2213 452945327
2 871
2 1581
2 1777
1 1086 758609923
1 2123 483602607
2 2166
2 1917
2 2218
1 1148 436235393
1 764 96766923
1 1375 570697381
2 2648
1 2856 394471669
1 1516 934581041
1 1078 991243995
2 2527
1 1841 941136905
1 641 209707524
1 806 42543770
2 189
2 2517
2 2179
2 1224
2 2257
2 1093
2 2044
2 1951
2 2299
2 2416
2 451
1 675 579416799
2 1721
2 2152
2 996
1 2295 310769751
1 1585 994226931
1 1906 918881672
2 1012
2 949
2 2572
2 2048
2 1143
1 1655 706377197
1 1638 803938989
2 1664
1 1219 588387162
2 1205
2 1410
2 1372
2 2893
2 1972
1 122 240611287
2 1937
2 1641
1 275 57430279
1 1178 217055443
1 3 278040459
1 2660 131451637
1 2878 627464044
2 652
2 326
1 2732 558695928
1 2270 837719213
2 1770
2 836
1 2988 939199112
1 2037 382759074
2 2409
2 1692
1 1899 203872446
1 1779 538733462
1 1771 455831384
2 1487
1 875 710857544
2 2262
1 1842 269252176
2 2883
2 885
1 844 172591848
2 2586
1 2817 492059437
1 2785 688390130
1 1313 319294368
2 574
1 1473 612243529
1 1120 663996883
2 1654
2 2735
2 707
1 1221 787144326
2 461
2 1242
2 1582
2 206
2 320
2 1745
1 2244 191978245
1 1597 475889731
2 2113
1 2839 797806040
1 1345 457717266
2 1003
1 2593 874482078
2 742
2 1233
1 1001 51268007
2 804
2 2875
1 2873 994604560
2 647
2 2450
2 591
2 2739
1 2903 644294770
2 637
2 2478
2 2580
1 657 143147586
1 1383 729572232
2 401
2 2143
1 175 540223907
1 2907 117313586
1 1910 494548741
2 330
2 96
2 241
2 1765
2 926
2 632
2 373
1 1970 235548493
1 714 987448131
2 2996
2 2951
1 32 535398432
1 743 481933521
2 2888
2 2386
1 546 264235691
1 1858 180938078
2 546
1 271 652575514
2 1986
1 1031 996199782
2 438
1 1633 67612076
2 1900
1 115 307822106
2 2075
1 2512 630791742
1 353 122270295
1 655 127865567
2 2827
2 2769
1 1815 21110818
1 1713 506998990
1 29 352741686
1 2498 764402193
2 1422
1 2980 275533364
1 564 987645418
2 320
2 1835
2 2854
1 1374 544471072
1 2195 112744826
2 1382
1 1767 659935642
1 1952 658645096
1 1655 945353787
2 1261
1 1343 984271289
2 2535
1 339 185632929
2 129
2 1263
2 2399
1 1484 293570612
2 719
1 1812 326683359
1 46 482991961
2 1976
2 1038
2 1561
2 2552
1 861 134030012
2 1821
1 2908 797734360
2 2362
2 1970
2 2420
2 2966
1 1081 890056022
1 723 904690716
2 2024
1 581 167962684
1 522 372277543
1 2623 537324750
2 2434
2 764
2 1065
1 379 730838490
1 966 380194851
2 2703
1 2533 177425916
2 1391
1 862 543070866
1 2954 293953716
1 553 71923478
1 157 496790717
2 2775
2 2353
1 442 399308674
1 1568 709720918
2 617
2 2639
1 470 137814973
2 1457
1 137 635269009
2 2593
1 65 418327130
2 2233
2 368
2 1554
2 2303
1 684 352751438
1 851 505668793
1 2175 886630277
1 575 12619362
2 66
2 203
2 2827
1 620 302838997
2 2406
2 1396
2 1882
2 357
1 65 781000011
1 137 510568566
2 512
2 1812
2 7
1 2796 286897011
2 2681
2 856
1 2854 347953463
1 864 97506693
1 1776 664633490
2 589
2 1220
1 2137 577807204
1 98 597542068
2 1225
1 1520 3928359
2 1561
2 1290
2 2319
2 1821
2 75
2 2917
1 213 37622671
1 1796 225868034
2 2129
2 1829
2 1840
1 1233 880417483
1 2880 772601528
1 897 364471451
2 1325
1 2995 246872558
2 2616
2 1185
2 848
2 79
2 2503
2 1436
1 2199 25200077
2 172
1 2333 831104285
1 1964 778735630
1 69 996227485
1 534 234702654
2 7
1 2366 126010885
1 1034 4611467
2 1813
1 2823 133482661
2 1397
2 1639
2 1461
2 2720
2 1766
1 1893 739060848
1 1926 617903458
2 2316
1 323 510881300
1 1629 976470255
1 291 932917149
2 2680
2 1491
2 2471
2 1973
1 509 873333114
1 2694 625989841
1 877 290323759
1 239 803047903
1 2559 874234806
1 2027 813709782
2 1031
2 2425
2 1463
1 1515 901479231
2 1991
2 2440
2 2651
2 598
2 2092
1 2866 277434351
1 650 540829135
2 547
1 770 173553623
2 92
1 2139 527964789
2 362
1 2526 779897540
2 2647
1 557 590370790
1 1124 331571271
2 2884
2 2404
2 1726
1 2864 16865417
1 1858 72514884
2 2389
1 1559 700608027
2 1550
2 2060
1 166 424775149
2 2940
1 2405 48470861
1 2296 267630182
2 822
1 254 946497948
2 30
1 1834 801462697
1 1465 256415349
2 2883
1 2688 268553521
1 2432 899067081
2 374
1 683 929649879
1 1461 971891005
1 1237 122579052
1 883 276523488
2 547
2 1058
1 2568 723200076
2 1415
2 1995
2 1481
2 579
2 2685
1 113 398438157
2 1728
2 62
2 1701
2 1270
1 2881 666539028
2 1868
1 636 515993276
2 2550
2 850
1 1243 255979119
1 2801 55556731
1 2515 749869570
2 2052
2 462
2 2985
1 1361 607416886
1 2646 338864266
1 533 841241357
2 1690
2 825
2 2082
2 1377
2 2913
1 2096 848289853
2 2644
1 2115 694226631
1 2606 254923928
1 1414 813591459
1 1784 488553326
1 2604 264925915
2 220
2 2602
1 2955 423264428
1 1228 354599356
2 1988
2 555
2 343
1 2749 229511166
2 1042
1 230 458142649
1 2074 878929650
1 2767 142562635
1 2028 198093819
2 1133
1 1541 546212497
1 1244 615299554
1 2712 612685425
1 252 21304205
1 1639 381410833
2 131
2 1277
2 2676
1 906 530606784
1 1879 919090119
1 2430 148553457
2 2058
2 1442
2 383
2 2076
2 2359
1 1891 751523297
1 2110 165545003
1 563 267325459
1 1847 141374123
2 1386
2 107
2 2531
2 444
1 1593 729830251
1 1400 439347406
2 1230
2 1307
1 797 552944801
1 2116 934693051
2 1030
1 828 578209756
1 138 496658966
1 2411 583514287
2 518
1 2540 221484555
2 284
2 699
2 198
1 2820 67622573
2 2789
1 1950 633474573
2 2914
2 2545
2 2091
2 2637
2 2146
2 1548
2 1513
1 562 52097638
1 65 906126652
1 1874 608855333
1 2820 949324548
2 2267
2 1184
1 2675 741094808
2 2542
2 2315
2 1682
2 69
2 2092
1 1834 848020093
1 2736 568709799
1 896 992010960
1 1066 907454993
2 1411
1 1044 949581619
1 962 281059184
1 2547 379944102
2 2491
2 1384
2 194
2 2451
2 2911
2 702
2 1790
2 456
2 908
1 327 397241778
2 263
1 347 134212423
2 198
2 2631
1 1594 244448870
1 2985 445639203
2 388
2 1029
1 280 533550197
1 2374 270733016
1 2008 232776897
2 2566
1 2077 657381293
2 1998
2 2490
1 120 26402131
2 298
2 108
1 412 463112812
1 793 231728125
1 2932 300156285
2 78
1 325 686822204
2 2864
2 1429
2 109
2 2192
2 521
1 32 997446114
1 1520 570959861
1 876 7886642
2 2251
2 128
2 927
2 2956
1 739 634569025
2 696
1 2986 628703120
2 2103
2 2449
1 161 808055249
1 249 345426806
1 1799 623229796
2 2632
1 265 157930733
2 1700
1 1611 914103293
2 2640
2 361
1 163 471410791
1 2831 523135195
2 293
2 956
2 1852
1 552 856272
2 1224
1 989 895093851
2 474
2 195
2 2219
1 2616 504603718
1 2019 48068770
1 2350 876006060
1 1527 777168876
2 2509
1 2943 659603714
2 2387
1 2983 827088797
1 2106 427538493
1 2014 417752843
2 522
1 1004 214158279
1 2728 300140397
2 2304
1 2894 952392225
1 1178 596462449
1 2707 785426276
1 1340 247775552
2 1461
2 215
1 2645 910260423
2 2356
2 1090
1 1529 328051494
1 2394 517963915
1 350 60698521
1 557 836420584
2 2775
1 826 481677183
2 1379
1 263 945496566
2 76
2 2540
1 2753 537436077
2 1105
2 2066
1 1152 717831749
1 2282 287125727
2 172
2 2467
1 578 652141140
1 2237 380861522
1 896 206539377
1 2775 952952454
1 2692 256122120
1 1138 493281091
1 2095 127063738
2 2571
2 2074
1 272 414713249
1 2472 346365897
2 1710
2 2734
1 1065 395007890
2 1615
1 356 100889348
2 1188
2 1082
2 2459
1 2421 417173774
2 1565
1 1078 339052229
1 2045 323030373
1 389 87367490
2 302
2 2490
1 101 867370428
1 564 820766092
2 2376
1 936 670742802
2 1877
2 1445
2 1967
2 2855
2 2518
1 129 39642959
2 1285
2 1319
1 81 898789614
2 2595
2 1167
2 1223
2 645
1 1227 140986303
2 597
1 2873 133393943
2 46
2 686
1 2948 806445367
1 90 450024115
1 697 420234144
1 1114 874852739
1 1085 804008227
2 2173
2 2803
1 1893 518271268
2 109
2 463
2 442
2 1061
1 213 741778165
2 2682
1 1928 917779733
2 1543
1 338 485536663
1 2084 733830473
1 381 935760668
2 266
1 196 192408892
1 1919 570812452
2 2428
2 2322
1 2872 40791958
1 1841 852283674
1 2219 182267362
1 2552 351012873
1 2024 483600679
2 2452
1 469 260186248
2 743
1 625 418672840
2 2517
1 2642 846846401
2 1183
1 1578 82807077
1 2783 767490715
1 1315 202554995
1 556 681674855
1 1057 44035133
1 2863 463598203
1 1008 660705945
1 2861 941138064
2 1447
2 447
2 404
1 1984 701679163
1 2161 845732419
2 829
2 1918
2 210
1 1144 368780629
2 2651
2 1640
1 305 592434521
2 1303
1 2143 886121395
2 2122
2 468
2 1810
1 1482 820895170
1 2694 370088112
1 1224 210072774
1 2531 874446208
2 2892
1 667 897251942
1 531 885942313
1 1452 971010117
2 2684
1 2556 799186836
2 826
1 1315 693156757
1 2730 808159354
2 2112
1 901 267852152
2 1687
1 831 213122346
1 2610 777684820
1 1128 899887342
2 2630
1 2081 29962357
2 1680
1 426 546971488
1 1041 177941613
1 1554 32234522
2 270
2 1967
1 1388 438266677
2 344
2 1530
1 1984 420662857
1 680 180175891
1 212 512189543
2 1624
2 2471
1 2874 244104991
2 2013
1 1206 895503693
1 78 986447834
1 2260 292397125
2 309
2 2542
2 736
1 1010 39736004
1 592 106388887
1 1385 306594114
2 692
2 1132
1 210 176877617
2 2897
2 2535
2 2976
1 2688 277806335
1 476 465591110
2 2825
2 1055
2 1764
2 621
1 508 75334740
1 933 884424632
1 796 567397212
1 2316 530208185
1 2698 977244607
2 1635
2 1897
1 2779 251808032
2 615
1 2463 112879462
1 1594 898453253
2 1266
2 1545
1 1073 927478500
2 1408
2 34
1 1165 525224951
1 1406 890482058
2 1090
2 547
1 810 449261779
2 734
1 41 532517966
1 1664 292218431
1 2710 456113159
1 1439 612498292
2 2931
2 1168
2 2247
1 2074 47446683
2 1593
2 1461
1 2097 7359027
1 884 881943986
2 2107
1 2079 396747004
2 340
1 244 797352893
2 49
2 1224
1 1453 215228548
2 945
1 210 707440427
2 703
2 1730
2 1011
2 1415
2 2351
2 2545
1 2831 966024616
1 2359 827023400
2 2135
2 1328
2 1830
2 291
2 2242
1 1868 354830317
2 1220
1 480 39442618
2 2774
1 2532 876624068
2 1963
1 2242 570974003
2 487
2 2541
2 832
1 326 864569850
1 483 504235474
2 1621
2 1194
2 381
2 2838
2 2482
1 1864 488322280
2 182
2 2037
2 2883
2 682
2 1730
1 797 121554149
2 1300
2 1485
2 1023
1 20 382945601
1 2205 725911188
1 1106 484994164
2 2984
1 2300 304545240
2 2913
2 310
1 2241 692729708
1 1613 747808365
1 352 441102030
2 1369
2 382
2 2978
2 1823
1 1161 384988939
1 1371 185966405
2 1864
2 2102
1 1174 330998307
1 1316 119216783
2 317
2 1247
1 2885 264485797
2 2884
2 349
1 2867 63046458
2 2303
1 623 348640157
1 1388 493080878
1 1303 2076915
1 1305 882087144
1 2147 541014573
2 842
2 2249
2 1276
1 312 91056804
1 384 701480262
2 1429
2 2213
2 158
1 533 290646892
2 2500
1 1276 524591130
1 165 256864029
2 2494
2 1418
1 1855 300368363
1 1812 286925197
2 1551
1 2325 789462867
1 2086 245664637
1 237 683187135
1 2149 40548232
1 339 737433981
1 175 583962120
2 1062
2 758
1 307 966526969
1 1425 88697496
2 1376
2 2277
1 1433 639491295
1 490 892704140
1 1929 330503964
2 1057
1 2884 430315706
1 1740 707195416
2 92
2 1517
2 449
2 1297
2 1245
1 847 791511885
1 2191 133205692
1 869 490255341
2 840
1 2075 124814798
1 2323 760799165
1 2995 421501762
1 561 700303506
1 1063 7977289
1 108 838798951
2 1076
2 475
2 286
1 2966 886052871
2 662
1 2075 100629126
2 968
1 2138 636166497
1 552 674426515
1 1172 440567751
1 1023 350992880
1 610 34449452
2 2473
2 27
1 257 380254733
2 1478
2 1608
2 171
2 443
1 1692 21046451
2 987
2 2112
2 2098
1 1442 176103457
1 1043 269561088
1 1109 993998621
1 1929 460275794
1 1140 250994019
1 932 52488400
1 2944 889847829
2 2408
2 1226
1 2495 630261567
2 2611
2 2193
2 1089
1 10 488674501
1 2715 297982670
2 2084
1 1256 587186995
2 517
2 235
1 946 443431403
1 2498 267189914
2 452
1 1808 28742033
1 2467 575420130
2 2096
2 666
1 2301 592576954
2 1562
1 110 782540016
1 1530 461034137
1 2414 657467191
2 1398
1 251 367945935
2 1902
2 1014
1 2353 166740914
1 2236 874768138
1 970 566436438
2 291
2 2474
1 344 621703227
2 2040
2 2959
2 437
1 731 939484913
2 595
1 575 235248835
2 112
1 333 907551534
1 2606 208985511
2 494
2 1390
1 1002 716677098
1 2485 748015233
2 1833
1 2310 985428458
1 833 102422160
1 481 859157569
2 1002
1 819 860740267
1 2855 301364862
1 2398 540839502
1 87 829979947
1 2235 636690373
1 1348 665432199
2 1622
1 994 169380146
1 2154 321388973
1 1843 556312178
2 1757
1 1337 855993746
1 486 633290734
1 1284 978594939
1 2389 322113214
1 918 700833168
2 1891
1 1364 328925391
1 226 411334431
1 510 859236902
1 2230 323058692
2 1921
2 717
2 1372
2 2468
1 1288 904869339
2 2547
1 220 702960252
1 1330 881308902
1 1745 763307572
2 2821
1 2091 97073203
1 2085 265134257
1 2616 915528989
1 1967 373961866
2 1924
2 978
1 1364 201686280
2 1539
1 586 737632804
1 1372 165633027
1 650 882067804
1 766 529902662
2 2747
1 1611 108285131
2 2280
2 2504
2 1664
2 1097
2 1972
1 510 431837191
1 936 732313781
1 1029 284416972
1 1933 936039584
1 2641 145811768
2 413
2 2707
1 2167 923389997
2 878
2 2819
1 2736 999493013
1 1809 721172466
2 198
2 2286
1 2392 952683746
1 680 219602573
1 2230 170034957
1 2931 18684346
2 2569
2 2499
2 2134
2 84
1 1808 646360181
1 391 877965190
2 1924
1 1823 513022980
1 2681 772875580
2 1299
1 2104 495019514
1 1165 405069369
1 2697 151393526
1 1180 549591072
1 2271 846785814
1 2165 359211570
2 358
2 2056
2 1555
2 1985
1 243 648191140
1 324 926475936
1 1639 191219656
1 806 603985883
1 2863 458198967
2 248
1 925 235624563
2 189
1 2892 569778430
2 2951
1 314 538583448
1 510 580543446
1 1282 49171770
2 2658
2 214
1 2618 176554648
1 676 34880194
1 556 369950898
1 1103 87532820
2 2719
2 88
2 278
2 2469
2 1542
1 1434 186461680
1 474 700604178
1 1406 953856012
1 2590 66112092
1 591 273589670
1 1130 23549366
1 153 945734982
1 888 401365957
1 332 547609543
2 2681
2 85
2 2899
1 1159 222461196
2 1758
1 2057 765819511
2 744
1 1314 543485637
1 1454 580010210
1 2195 436733930
2 1813
1 445 814806098
2 520
1 555 921141665
2 2147
1 2170 824003754
1 1345 357185184
1 488 565616302
1 1930 291080043
2 481
2 831
2 392
2 1410
1 2572 550674549
2 2504
2 1129
1 2514 717937908
1 314 121105720
2 539
2 197
2 1099
2 2055
1 1396 538529515
1 56 983176171
2 2508
1 712 830101333
2 683
1 1338 494580491
1 989 289586467
2 1577
2 2483
1 2545 790594499
2 694
1 1200 513277006
1 1269 657504743
2 1078
1 1976 345945634
2 81
2 2236
2 2141
2 2744
2 2547
1 1872 654693653
1 608 925631287
1 1025 649964933
2 1840
2 2902
2 2386
2 1377
2 175
1 228 926857842
2 1094
1 2441 234655299
1 411 376398397
2 1031
2 2640
1 824 456247333
2 1186
1 455 608778469
2 913
1 830 245932180
1 129 980044885
1 520 650609531
1 2733 206744291
2 451
2 789
1 57 438695062
1 1790 175739516
2 2943
2 2618
2 1063
1 216 739849479
1 2082 129503687
2 2206
2 504
2 2885
2 2652
2 140
2 66
1 673 72134618
2 2211
1 1204 535215205
2 1636
1 1989 994363110
2 2242
1 2168 112450834
1 2802 927129786
2 382
2 1391
2 1366
1 955 214098273
2 1772
2 2346
1 2442 313056158
1 1180 452405058
2 1694
2 2235
2 811
2 1189
2 1507
1 1458 233384128
2 956
1 1545 713266287
1 2160 413101382
1 2127 322526321
2 2762
1 136 242263165
1 663 914307083
2 714
1 835 878206151
2 1926
2 2148
1 1529 349691082
1 3 372495233
2 1435
2 624
2 2583
2 374
1 155 557029908
2 376
2 1857
2 2411
2 1398
1 437 551139746
2 1522
2 1053
1 1856 524714074
2 2212
1 1230 397946022
1 2219 740998932
2 976
1 1013 678205267
2 112
2 1607
2 2242
2 1054
1 1847 228831000
1 2776 805712115
2 1846
2 1223
1 1482 253137712
2 1946
2 89
2 1029
2 682
1 715 953829023
1 1778 434808064
2 1337
2 2615
1 6 926915244
2 1188
1 112 425014345
1 911 956357303
1 1185 539527416
2 1088
2 1203
2 1516
2 1041
1 1170 927322243
2 127
2 693
2 2715
2 682
2 2077
2 2514
2 1155
2 1106
2 2736
1 954 540563837
2 1503
2 2652
1 2932 503604636
1 2391 254291
2 2906
2 547
1 1579 495769546
2 1286
2 2100
1 2423 629335768
1 1887 325381214
2 1826
2 1902
1 932 278104682
1 1230 472185819
1 1720 741019426
1 361 102298689
2 1066
2 1863
1 938 803990445
1 1422 937155709
1 652 268822909
1 48 470953773
1 2454 666763274
2 2845
1 2635 683370927
1 137 53526055
1 2135 579091156
2 2440
1 2954 113993737
2 248
2 224
1 1575 382776181
2 2025
2 134
1 1494 2488108
1 92 836878847
2 1029
1 1622 785760019
1 2525 920692599
1 998 968846311
1 484 787605016
1 2227 255834480
2 1552
1 1881 116138291
1 2828 7454440
2 2104
1 1700 884023786
2 1458
1 1027 78498510
1 584 385896514
1 2947 671786120
2 1652
2 1421
1 1806 81704178
2 123
1 1992 537392855
2 2412
1 955 213103280
2 2582
2 1831
2 2937
1 1077 324182253
2 2042
2 2688
1 214 876291323
1 2917 886047723
2 569
1 1655 625131090
2 1022
1 2071 176888387
2 352
2 410
2 2281
1 1235 916284512
1 2050 119337789
1 2796 516078896
2 178
2 2152
1 1251 307174608
2 2540
1 203 985810888
1 318 692249536
2 191
2 2644
1 2438 694206694
2 1385
1 748 340146338
1 1324 770768905
1 2939 123591411
2 2859
1 1514 598069095
2 735
1 1447 527356726
1 1608 228053312
1 1135 844722841
2 2667
2 2073
1 354 363674169
2 2055
1 2707 695265841
1 278 919590207
2 2228
1 2070 26290444
2 487
2 2292
2 1489
2 2166
1 96 347561639
2 88
2 901
1 198 866514834
2 2423
1 2338 803155995
1 705 265082830
1 2375 877211903
1 2525 421560481
2 1222
2 545
2 1271
1 2018 56841758
2 2754
2 479
2 928
1 704 771441373
2 997
2 712
2 264
2 2471
2 1884
2 1395
1 952 116548726
1 2649 581193051
1 2125 783266525
2 2735
2 391
1 1541 528271274
1 367 22769106
2 2812
1 990 60486671
1 286 810896218
2 2805
1 303 409272969
1 1380 524051442
1 2459 142426469
1 1321 817443720
2 825
1 2418 719910426
1 2127 347858265
1 2364 804287635
2 1415
1 1014 3326063
1 1153 804022999
2 569
2 1009
1 58 415066639
1 1875 725403926
1 1498 315204200
1 2204 176551693
2 1187
1 1900 876458079
2 2119
1 1618 68114403
1 1749 670765220
1 1576 317851025
1 524 45391661
1 1024 860967103
1 587 259175255
2 2013
2 2841
1 573 779448814
2 234
1 2621 321847049
1 2466 64061225
1 2647 885682959
1 605 328448432
2 1113
1 1582 216387022
2 1359
2 576
1 2235 812266748
1 2571 566413796
1 1730 82895181
2 1608
2 521
1 366 390434974
1 2984 989056461
2 2134
1 2974 249123882
2 2990
2 1895
1 2578 203557469
2 906
2 2184
2 399
1 1164 969533767
1 1904 384428178
1 1417 562725871
2 1461
2 211
1 2517 387778002
2 1794
1 1050 756584924
2 2976
2 854
1 2181 626614413
1 1660 714504044
1 1050 81170570
1 344 28013995
1 1323 489155757
1 1098 960312530
1 169 116754128
2 575
1 856 587313798
1 2186 435079542
2 2029
1 2810 454470962
