10 100
3 8
5 7
1 8
9 8
1 7
5 6
4 1
2 9
10 5
2 8
2 7
1 7 25691001
2 3
2 6
2 8
1 6 171106258
2 1
2 10
2 1
2 4
1 6 870508913
2 5
1 7 739955486
2 9
1 8 395959570
1 10 928085240
1 1 355770302
2 8
1 6 166651020
2 10
2 1
2 8
2 5
1 2 781419729
2 6
1 6 57138186
2 3
2 9
1 10 572234691
1 4 211025529
2 5
1 4 821892847
1 6 824258121
1 8 648508772
1 2 848943439
1 8 806717879
1 7 440490379
2 3
2 2
2 6
1 5 697441826
2 3
2 10
2 2
1 5 911963238
2 9
2 9
1 4 245438891
2 6
2 3
1 4 640764640
1 8 805057893
2 8
2 2
1 6 24928666
2 9
2 8
1 5 332677833
2 3
1 2 622042826
2 5
1 8 254772967
2 3
1 7 813129475
2 5
1 2 125505388
1 2 707458776
2 3
1 7 198522755
2 8
2 10
1 8 676634580
2 5
2 7
1 10 32712882
2 6
1 3 714190341
2 2
2 6
1 9 780880078
2 5
2 5
2 6
2 2
1 10 261508744
1 2 996238853
2 6
1 5 348142283
1 3 76297995
1 10 666398643
1 7 872606657
1 8 962423893
1 9 737841968
2 7
1 4 180295577
1 8 633891046
1 6 381973703
1 1 432468559
1 6 969096283
