3000 3000
1261 1751
1051 322
2222 2391
1017 1944
2503 12
306 2377
1999 1798
2648 2994
1362 62
143 199
2455 2114
409 850
1754 314
1304 2766
834 1519
2972 1357
909 1076
931 2465
1881 1161
579 2281
1431 1060
565 1737
940 2154
2399 2923
269 2389
319 1215
2219 332
559 2471
1198 1847
1916 1686
173 376
2377 120
2123 433
671 530
2531 21
1376 2314
319 2307
770 548
1111 2418
1265 341
1752 100
2565 1338
617 452
1964 359
1733 994
161 1940
1111 1497
508 1163
1149 1183
2186 510
1028 2826
925 2359
2427 1987
215 815
347 630
2878 2174
171 649
437 1043
1739 1200
2493 1715
501 2389
2615 959
423 2432
692 262
2504 686
2787 162
2725 100
2370 1983
2551 2188
1780 2384
2403 1159
614 1158
1235 1003
2724 1963
1976 807
2766 1817
1022 546
676 1559
685 318
892 817
904 278
3000 2095
1966 2737
987 470
1488 358
1735 2347
1779 1995
1592 2031
1370 2955
1160 1749
2017 266
2860 13
1108 1639
1683 167
1197 2858
1022 1814
1422 1159
1533 2497
69 1938
417 1633
760 38
2599 2326
2996 1217
2802 2577
1001 1222
303 392
1994 1543
1572 2333
1858 410
68 2098
2827 1863
272 621
2487 182
505 2993
2153 2056
177 194
1608 760
2922 2890
2313 843
2297 1590
2521 2997
388 764
709 1008
949 1395
984 2147
1495 49
2219 2501
36 1797
677 259
1865 566
543 610
1729 262
2184 184
124 415
2428 778
2546 2002
2670 1668
2001 2782
954 1426
2980 1713
21 266
206 2509
811 1176
746 1263
2706 5
144 1968
1929 1126
679 1115
1752 2433
1721 2490
2277 1064
1678 1323
1618 1299
1073 1923
901 1500
2770 1812
1561 657
445 1971
1745 2391
2068 388
2838 1591
537 1633
2285 2113
1989 1090
429 1492
344 2462
80 31
288 2552
2564 2400
215 2452
1404 390
222 1148
2967 2971
508 331
1458 2215
1217 2563
1672 1283
2674 2443
2769 1329
521 1494
786 958
875 2123
1363 150
736 2339
2122 1410
1982 1896
663 753
2544 1746
2579 1331
1306 2302
1020 264
1144 1808
571 2798
304 2511
2547 1992
1205 1889
1045 8
1429 939
1212 2538
1812 2319
1474 734
497 2817
35 920
2074 579
2276 2216
1808 2229
171 2855
2430 2969
2387 89
2778 2679
39 2402
2064 2465
2254 705
2300 1068
1087 2845
1010 1147
1401 1096
828 2289
2592 2989
1462 2586
686 1212
1260 2326
2380 2954
510 388
787 1052
1593 470
2550 2362
2589 1772
1550 1969
836 2389
1458 1435
1075 1694
1630 1897
481 1356
1013 508
1604 110
189 1240
2962 759
1943 540
2590 2147
1017 494
1288 1012
1094 1178
147 1490
1864 99
1345 2129
2497 2649
887 2089
2374 986
1271 718
2925 2124
1309 2486
1721 1448
2544 159
2221 299
491 1741
124 1821
1700 2478
2573 1822
1381 1678
2761 2835
2296 1686
500 2892
1429 412
2924 1607
1656 2048
298 1878
1783 1518
2200 1184
2494 1028
561 1865
2149 2835
757 1014
768 1217
2406 2472
124 2326
2882 2952
639 1317
2262 2732
1504 312
1447 80
167 2454
2928 1588
2322 852
822 894
2249 1294
2279 2777
955 224
1456 2741
687 2269
1218 1126
2715 2255
713 196
1135 2619
2394 1271
2452 921
663 196
274 2097
2299 2366
1518 2467
1137 533
1171 2634
1394 1667
130 2083
1204 1777
2862 498
60 905
1755 2201
431 690
1123 2285
431 2158
1280 2659
74 1509
2151 2379
2487 2205
372 1328
1815 2103
2984 1533
929 198
2866 1417
413 2134
1981 2411
1382 951
2465 1565
2451 936
1859 1891
1287 2518
2772 2264
2933 1569
102 25
1958 1762
480 1659
2163 658
245 1764
2686 2526
2538 1411
2134 2243
2353 384
846 2316
1356 325
1755 1526
2548 736
2490 1447
1578 2226
1688 2147
2312 2268
2995 256
749 565
940 2897
2895 2185
1679 340
2752 918
2023 1778
376 2135
1247 2207
949 1036
2979 2335
2195 75
2319 2708
1316 1132
242 1061
256 1564
1373 409
1350 548
2514 496
2422 503
1110 996
2436 1504
1636 910
35 1793
260 448
2844 491
2590 1601
250 2736
336 93
2142 1210
2843 1567
2557 478
1488 1216
639 1881
932 1568
1871 2551
2865 2768
2874 1341
963 1883
879 188
511 1142
1196 2456
2400 2457
1199 968
1877 1461
196 2326
1277 325
1743 853
1138 309
2240 1139
492 2803
2791 1938
290 600
1131 1440
2772 1475
2378 1829
345 1543
2774 1894
2753 1184
528 1487
1005 990
2047 886
324 587
2888 1643
2194 2792
2443 823
1121 392
553 2494
655 2742
795 1486
2469 1955
2982 818
801 1903
1745 1655
1926 85
2837 2733
1186 2156
2507 155
2363 430
460 2900
2434 2063
2909 2117
1948 2727
1537 1184
881 2433
1360 2193
70 2785
1244 137
2386 1014
1330 2852
817 265
207 162
2448 2080
1457 1406
602 2194
2826 2326
1936 660
2184 1729
1810 2414
1201 2783
1927 542
1098 447
1745 750
1533 1303
1808 2641
919 1737
2202 2401
2405 607
343 1624
1736 807
101 1731
711 2506
1165 1129
552 2813
2896 2096
2082 2904
2425 927
367 2916
160 2192
93 1012
2902 2170
1231 1731
1203 1328
738 346
1813 1783
2360 740
1825 776
1837 1248
79 1896
1033 510
984 591
1485 2406
183 485
64 2015
2631 281
256 426
373 72
1647 1293
1847 2687
2478 2713
1525 906
2535 1503
1347 1967
670 975
2148 2256
2126 304
1117 2920
1798 951
2736 612
2165 2284
2669 515
753 2347
970 745
1257 993
906 1167
1431 104
1552 124
618 504
1373 2895
2866 1311
1106 2504
1221 2353
2970 2508
407 554
2651 1711
147 2030
739 2637
2216 384
1621 2410
283 1707
2313 2513
1576 618
2369 956
2072 2504
2156 743
940 1176
951 2755
1227 2285
2722 1835
2206 2408
1181 233
46 1751
716 2629
802 588
2240 2181
49 836
2922 124
860 1938
458 1124
2824 1170
229 1972
391 2293
822 2356
1137 928
1149 2556
1899 2394
2493 598
1838 2022
396 1713
1629 2699
1506 531
2804 2182
2958 1135
566 1971
972 26
2645 2891
1069 759
2973 2175
1350 1148
2364 2347
2458 2746
434 2326
2799 1001
1088 2415
743 1658
5 2953
1989 1069
1542 2072
2318 2564
352 241
580 1350
2881 539
2062 1449
64 2848
2219 565
1872 119
2551 66
1974 303
58 2895
1651 2261
1024 1465
2067 1267
1113 1062
2402 717
2855 377
609 1390
1817 651
2964 2075
1787 1975
2633 1181
1008 1305
850 1773
2069 1906
1414 1202
2912 1030
379 2515
2332 2802
1568 2426
2568 1398
2594 2176
2784 2555
1204 1870
602 279
742 2406
1275 317
39 784
2947 2703
1035 1506
383 2927
520 116
240 2269
1429 463
2048 1451
971 1980
1585 1049
850 2695
2152 2272
478 828
1566 1141
2891 755
1456 18
867 1769
1113 2421
80 606
1510 641
1111 347
2793 2558
1097 199
1513 1327
1278 1470
862 2505
1717 196
17 652
458 207
2955 1930
1379 2587
2842 2360
508 1617
354 2031
1998 792
1638 1070
294 2895
2159 1545
1706 2247
753 2568
1469 479
350 1015
477 1520
2118 2533
2489 556
2538 1042
1209 2402
2700 787
2285 1382
759 1889
602 1173
2670 2772
716 1208
2576 163
1640 2647
2593 2313
680 1851
51 1276
2063 367
2857 2347
2309 2780
1372 2504
713 1447
387 122
601 2621
2840 2548
2032 48
1074 2362
809 139
1398 263
910 920
639 589
1589 2961
2054 694
1178 2092
136 625
2535 2890
765 195
1571 1954
515 1561
2825 580
2532 181
797 942
199 1169
2649 607
1481 314
1872 2376
2284 2465
2562 2046
2274 427
570 1291
836 1715
2343 1501
2683 545
1623 2302
1160 1346
2008 715
1767 1054
1127 2682
891 308
2361 1932
205 781
467 1565
928 491
1293 2965
471 2499
1998 1996
845 1574
2639 2547
380 2386
762 2062
1943 2749
856 1954
76 130
759 1068
2421 1386
1420 2903
1342 2033
1412 2347
2862 2016
1219 524
403 1370
301 971
1534 6
2911 1111
1528 2112
1233 2029
1944 2475
2688 321
1854 1121
2733 1778
1178 2258
440 131
679 1764
2649 1596
1212 1706
2813 572
1661 658
666 760
565 2372
2921 638
848 1795
558 846
2847 1355
2126 1837
838 581
2464 636
2722 1006
1259 532
2526 1856
1631 1534
1106 1535
641 678
19 1366
1826 1563
946 1778
2954 2970
68 2930
682 1521
2869 1247
2375 44
2641 2765
1610 1786
1216 514
2135 2899
2849 98
1228 1716
1753 1655
617 2889
416 181
480 2204
1620 1007
1447 831
89 2932
1771 220
1939 1240
1460 2686
2885 2763
209 2274
539 453
2086 2625
2038 92
807 2480
1704 1678
2051 634
1646 1482
230 2307
403 88
1779 354
383 2857
1663 1716
1077 255
2760 1125
1496 869
1411 2732
914 48
2194 1929
862 2802
1819 961
917 1388
2024 2720
2109 2118
977 2226
969 1478
128 688
782 1220
2492 2863
2248 2196
492 938
1555 283
2815 190
2263 980
1898 516
2617 346
15 1217
2226 2872
1957 429
292 407
2114 1188
769 2364
991 1865
13 605
2951 663
530 999
1664 258
2534 805
40 2326
334 1113
2693 2114
1113 759
2315 1412
1984 499
713 299
1175 793
1585 1981
1921 1364
660 872
1963 2827
2307 701
2005 2294
571 2907
2807 1668
952 1721
210 2867
2525 2277
2213 1407
2416 18
196 1664
2603 1554
1994 2820
761 484
1106 2704
2905 226
852 1761
857 507
1064 2119
2110 2439
484 2093
170 2953
1443 1056
2633 2575
1483 1459
177 193
1885 8
2349 1121
1606 1327
1 1809
2606 1925
67 486
1158 2931
2919 1228
1228 759
1087 2616
1709 242
215 535
670 302
627 979
1076 2247
884 1014
2330 2354
1535 1645
1765 1473
2226 123
445 1225
274 1922
2721 2178
541 2745
800 1471
1873 2885
1400 2422
736 794
2197 615
974 422
7 2497
800 181
711 1195
670 590
1166 2765
1447 780
1330 916
1825 73
195 105
1606 2785
2816 936
686 2089
477 943
1292 1086
2664 108
1232 225
1559 2222
197 1538
1390 2861
2474 2449
154 1524
470 2033
2227 1605
1429 825
2311 2800
2931 2883
836 1079
2990 2767
2893 1322
1237 880
884 474
861 973
190 700
335 814
435 2858
299 1242
900 1287
2250 2901
34 2605
2032 2613
712 76
1869 1866
1630 878
2328 975
2189 2309
1341 2002
1011 2532
157 2486
1954 1985
227 1233
2144 2119
1223 2672
2052 2039
1635 1802
2559 2564
1943 445
323 2620
1428 655
49 2246
990 1846
2047 2561
821 1414
2796 1570
476 1579
724 1656
1971 1476
1765 2504
1894 1053
2599 2466
353 1726
1998 1699
650 1447
593 2409
1270 1295
125 760
2489 1760
2013 1549
2217 2210
2892 1970
504 1359
1274 2045
1822 725
1800 2031
115 2117
997 1466
1039 80
142 1673
1664 1972
2310 529
14 1705
2250 2446
210 464
1176 181
333 1879
1065 39
2066 1650
2981 2391
2402 1045
320 2392
1895 2505
2838 2612
2420 2947
2082 1009
1805 2179
2881 1840
330 1745
2399 1004
2371 1199
2542 1416
2630 2705
2521 1948
1302 774
545 1812
574 358
774 1198
2519 1070
108 571
473 2477
2964 2243
1588 408
1847 1219
2394 1771
24 2432
1671 1130
2854 2684
2226 652
2326 510
2678 332
972 1375
623 2748
9 511
2401 1702
2490 2281
262 1563
2753 2588
2762 56
2464 2044
265 2701
989 2219
603 2201
2695 464
1928 1186
289 887
2703 998
1391 1921
1889 927
662 2421
2761 131
551 481
2109 799
2938 2859
2104 2818
2957 2880
2209 2931
1786 1268
2824 68
856 1104
2550 171
431 1217
881 409
830 1319
1269 299
2499 776
657 700
175 1298
1919 1280
252 1089
1250 2771
2523 699
1349 1153
1581 1176
2873 2123
2368 1415
2974 1954
2826 2497
858 945
1849 723
12 2248
2008 2351
1286 2498
1688 2786
260 1271
2532 310
2409 1431
2952 2507
625 1811
697 2614
866 1266
2337 39
2846 937
2068 619
1774 755
1236 813
2290 32
2230 707
249 2880
548 2583
118 7
1217 303
1089 11
1538 2130
2078 2645
35 1293
1878 2698
2652 60
2612 1
884 2712
2439 886
1324 2359
2785 1611
2523 113
1031 232
817 771
1529 1712
1592 712
1038 1942
76 697
979 2076
545 758
1107 1831
428 2832
846 2406
1103 1565
1843 976
510 35
514 2385
1231 2351
2177 2150
2650 144
779 1638
2133 152
1917 2830
371 2977
786 2363
2615 1034
2441 1545
32 2484
2630 60
715 1830
1347 2473
259 2055
973 2063
847 1953
307 121
925 2645
1878 235
1408 1590
934 1876
1337 2999
2812 1664
1571 798
1715 945
1997 1267
2836 2998
934 296
2847 1874
2345 1953
2578 1323
1660 2256
665 1822
595 1810
559 887
2570 1803
2112 2009
454 663
2169 390
1521 2497
2722 2283
1761 710
543 2011
1297 2823
2776 1858
713 2821
1886 1781
1574 121
1761 567
1346 1974
1917 2125
458 1384
83 2432
780 475
1925 1543
2149 2853
720 184
2945 643
2627 2640
1586 698
742 1639
1682 1677
982 489
1126 1214
1430 737
2826 2980
2598 2560
389 1233
2497 1019
2778 2970
2620 84
95 3
1081 2884
1977 2777
2089 1920
608 1238
947 716
1416 285
724 2043
528 2287
308 1116
1493 1765
754 566
2562 2688
2872 2132
1806 1662
1075 224
525 1383
780 1850
2610 1861
382 1556
1341 1777
157 1449
2521 1073
2880 2239
1904 1703
1100 1670
65 1275
1522 1956
2070 2455
2899 2146
1816 1972
2327 1228
2256 2611
2635 2825
2743 990
572 1249
1301 2826
2506 2779
599 2473
98 2964
1131 1279
1436 2562
400 2838
2080 344
1115 2168
2244 1153
969 1914
1202 320
2532 1592
172 1363
2310 480
220 1423
1876 395
2775 641
692 1310
1285 2710
2167 2305
2355 580
1728 219
2360 2912
2540 1293
317 1809
232 1
303 196
2751 2764
951 2024
1190 2101
1054 1258
965 1162
348 1726
2952 1910
1696 2395
1187 66
1984 2730
602 2386
2443 1657
2574 1654
1875 1047
718 1921
890 2066
1931 1687
629 2024
2594 2661
1560 2627
1607 2121
1189 367
2187 1186
1127 1246
983 2421
1746 661
1951 88
1368 718
3 2567
840 2306
1794 1822
528 645
2099 110
2498 778
2703 1730
1952 2613
674 177
23 1123
2649 2754
1931 611
2566 2867
2134 1109
410 613
1087 2340
1804 1289
1944 2494
1621 2612
1880 1120
995 2382
472 1541
1365 2131
2128 2676
2428 2884
93 75
1870 1118
145 2831
759 1190
2212 146
2691 1096
1698 922
636 2450
1354 1866
2379 1021
391 2771
2632 418
1494 1284
2442 1713
1986 2686
2215 138
2320 2931
1982 561
431 1334
2625 1198
1953 1433
2594 1226
2809 1416
2395 213
2729 1316
2665 1065
2172 509
2793 2174
1541 2311
47 694
1117 2436
2594 177
660 1298
1433 2917
2044 2795
1491 582
1560 1703
1367 1797
1047 1556
2836 1634
2697 2141
1171 1815
214 969
785 707
2854 488
2253 1663
2490 2116
139 2306
1610 464
2645 2549
1691 1841
1223 1719
7 169
816 1721
464 1061
1653 2338
2091 2998
395 1622
2356 2954
150 1518
1137 1681
707 2266
2306 2685
508 753
2707 2352
2037 464
2202 1484
2969 988
2695 2556
2848 59
1452 1488
536 1727
1785 1629
1630 2082
1626 2812
312 1988
1369 2406
220 1145
480 452
1393 1822
1074 2301
820 2658
1004 1318
488 1532
2110 285
1035 702
2096 2128
191 2322
1598 72
2373 1118
2428 670
2345 203
1512 595
1620 729
2940 1747
390 1372
1185 2376
939 2870
1855 1796
1729 216
2445 682
209 2307
975 2536
1575 165
2610 2595
2426 2774
2644 1260
748 1962
1314 2998
1689 1447
22 441
1259 1812
2598 2337
2022 737
2796 1740
734 1953
615 552
1282 2387
1445 482
1128 2131
488 319
2451 381
515 270
2581 217
2288 1323
2553 36
1165 652
109 899
351 1302
696 417
2723 2338
1635 538
548 783
1174 42
439 2059
652 1262
807 1461
483 1708
1839 1389
1664 523
251 1330
586 1672
291 2094
1242 889
1690 1947
2352 2967
504 2699
1686 658
744 2538
2063 2939
1964 1064
2034 431
60 2436
273 587
241 2087
864 2616
974 1510
2302 1439
2447 1403
2891 1057
1958 2836
1240 543
57 1229
2118 2326
684 2035
2342 1402
183 372
2402 1445
2876 391
2756 58
1110 1512
2224 779
1257 1343
1512 1446
741 1143
1981 1775
1099 811
1805 1480
1502 1340
1937 599
859 1004
1106 1401
2265 2566
331 2734
2894 1256
287 1529
940 1966
1922 2875
2063 2128
2378 2241
1362 1859
2027 1823
2181 1589
1420 157
2199 888
2576 98
2621 837
1313 864
1482 405
958 1114
1609 503
1490 1905
326 2349
2541 1454
1455 2552
210 2743
807 663
1382 775
1008 654
349 1318
45 647
27 2115
638 947
241 254
1088 109
2039 2404
1190 2081
1796 616
2778 1558
2883 459
2822 1148
1674 491
787 390
2766 25
2396 1963
1010 2959
140 2571
435 2326
1672 1950
311 2319
1957 399
487 2446
1766 2309
2424 2477
2400 2818
2913 1607
2236 2824
2218 22
2616 620
1919 1925
2556 2308
1409 414
1909 451
1280 2647
2452 544
127 881
2061 304
506 2902
53 1960
324 2530
2292 1434
1292 1932
1035 613
1397 333
1336 2581
2122 1255
2401 280
41 262
723 21
1202 602
318 1354
2250 2177
1588 2431
370 1877
476 189
2519 944
2414 151
2638 1708
2312 802
2884 789
1079 1127
1417 1901
1054 2865
32 1497
2233 343
1505 1215
2695 1380
2106 2263
107 2293
132 2662
1683 2033
347 2527
1532 4
1159 594
786 2979
1294 40
1256 2126
491 2735
1567 664
2545 1258
2432 2936
1197 277
1564 478
1119 950
1429 750
748 2285
1630 106
2555 2610
734 2572
945 1038
1201 2453
827 1028
2027 1236
961 1069
500 1798
1258 2855
2617 617
181 2063
2381 2231
2882 2736
2362 2468
2490 2813
1213 2170
2376 1232
1429 1910
2657 1938
358 1717
1618 2828
91 2159
1177 2597
2175 510
1801 2486
2005 1508
1128 2108
2722 1648
2174 2491
1981 1043
1645 2282
2143 604
2098 953
2440 2451
1690 1493
1536 1582
1833 1627
2555 1072
2175 1887
1026 119
2589 2351
1683 2524
2637 2292
2221 85
2257 358
1514 2428
1692 1424
795 1508
603 530
1845 2065
1443 1842
2545 2978
555 1577
396 10
109 2088
1893 1430
2992 189
1467 2002
2780 452
2649 2080
108 2460
368 2382
66 419
1688 1244
804 2616
2223 503
81 63
152 2041
319 1496
1815 2917
2544 1844
2645 1212
75 1348
1088 1809
928 1654
362 1652
2998 1164
487 2804
855 1247
347 1274
1783 2879
2100 1942
810 1504
2454 365
2602 1211
2102 1358
2118 259
2400 2436
1335 1868
562 1510
807 2394
257 1796
1111 2263
2374 1163
471 2861
2148 122
1240 510
2125 2139
327 1585
1748 934
1738 1105
2816 1679
2490 1463
2326 1705
1120 1511
87 284
1000 590
1568 180
1822 1201
1804 1888
35 1362
2621 2650
778 1357
1154 552
1070 2094
2293 2773
2933 1241
2367 2147
1104 329
2033 2917
622 1570
338 1478
1852 2709
410 795
2667 1734
221 2893
1176 206
1738 602
2398 2975
2777 713
1334 1245
2252 52
1555 1812
2436 663
2504 1770
31 1534
1572 275
1500 28
930 1774
1190 729
1576 238
2709 2882
261 2180
2227 1626
1899 2238
982 2728
964 2116
1130 2326
1251 1515
1442 2550
862 1232
2137 1285
2026 2775
2654 2616
2309 1888
1715 721
936 1888
1521 1329
341 545
1771 1207
715 337
745 50
2324 920
751 1596
261 1179
2358 360
1287 217
8 1853
2481 354
2251 2576
2464 2187
1522 2648
1645 166
2007 2421
926 1083
656 1989
1976 1003
1665 2369
1723 635
1742 1691
818 882
1371 36
1066 360
2639 1278
1193 2520
2693 462
2307 458
393 1272
1980 1945
1332 2963
249 2925
2504 2307
1795 508
1706 878
2260 1722
1595 530
1501 1862
1851 1447
1432 398
2810 738
2008 339
1332 524
1069 2003
983 1464
1695 1700
1900 2537
2309 366
1788 1713
1191 2490
1957 2934
2181 1176
1648 893
166 709
904 2495
878 1082
2611 2114
2948 1227
1534 1680
2969 1046
290 1673
341 2159
2419 2752
2326 2532
2313 723
2620 1159
2651 1478
1604 2671
1489 1491
2149 2522
972 1973
2596 113
2917 1822
2616 2875
2532 1299
2688 397
2969 865
1564 2696
1964 1055
2357 1570
1489 369
2622 1878
1352 1230
1251 560
1453 594
2740 642
1067 2562
1717 2389
299 1941
1744 871
1747 1091
1825 2613
577 2960
928 2112
2623 339
881 1827
2745 54
968 2181
1758 1820
2864 1608
2591 2498
2397 1194
268 2892
2449 630
2027 45
2211 2324
1259 2582
1936 1377
1184 33
1333 548
2342 738
1725 1557
1592 2721
2362 2517
628 1950
846 1641
2703 1409
1203 2716
2956 2038
1247 2677
1472 707
117 1810
613 2095
432 1107
237 581
27 150
1784 2868
2206 512
262 2476
1906 2937
1649 2089
347 95
2284 2752
324 2497
2398 2852
1738 2293
1697 382
2439 1154
1587 518
2698 2119
2745 38
2025 1163
258 520
1648 2989
1256 1346
2704 849
1429 1993
236 1562
787 439
1909 192
2594 2204
594 406
1410 1293
719 1319
281 832
2365 1710
1600 2398
1870 518
1361 2651
581 2645
476 2758
1112 2698
1653 2267
2933 1643
359 648
2338 1106
504 1862
1759 2489
2952 249
936 1932
1253 2562
452 2616
212 2398
299 592
2270 42
971 1383
2798 299
539 2090
2377 2655
616 2309
835 2913
208 2803
1051 2078
2668 858
540 371
2904 942
2153 315
2225 1213
1489 1337
1965 397
157 632
1541 1077
2503 1991
2862 948
2688 1066
38 1133
2204 1425
2184 2970
424 2138
1063 1840
2469 1659
1643 686
1738 1098
713 68
2819 1416
1936 1023
933 1482
681 1035
408 2590
2429 2051
2629 534
1128 76
2983 703
2886 1667
2084 1060
640 1894
1092 1915
112 1849
811 842
97 1693
2519 1971
1039 1050
752 296
1564 566
1352 1527
495 836
2226 1780
2374 2993
2022 1136
1051 2388
2203 2415
2942 2010
884 741
1976 2271
205 2515
2234 586
713 452
77 2853
1504 1848
1729 560
522 126
545 1876
1308 43
836 2976
2757 748
2845 1116
2298 1338
1278 421
1978 1098
1172 2858
934 1550
1077 2298
2199 2452
1789 1080
1027 1366
759 1085
2904 2746
1919 2173
2366 566
2227 2291
1 363
2021 1681
156 522
1876 1447
2648 50
1441 716
1784 2749
2033 1888
2320 976
43 1626
2835 399
1507 247
2020 1626
129 743
1659 1562
1105 2841
1200 966
1572 978
2612 856
290 1339
1424 1087
2833 461
1604 2658
773 1714
1628 2096
744 1321
2269 1670
631 669
1637 219
2204 398
452 293
800 1516
2482 760
2550 1841
2145 2526
2857 623
876 543
2938 199
2175 538
438 730
667 1500
157 303
401 1684
2454 2036
1427 2390
2091 2352
996 165
602 839
1826 1884
1730 2604
1724 2855
2402 252
1450 1309
1362 36
168 114
1068 1358
1015 1224
2433 2906
1290 1668
2905 1005
2753 2309
1335 2848
1247 2904
1465 833
2943 1666
795 2452
2321 513
289 1524
2219 1257
1786 2851
577 1117
2739 962
2213 687
80 1615
1025 2
141 1839
819 44
714 1424
526 391
608 954
1823 2702
949 1259
2208 1353
2422 1990
1319 332
2147 121
2975 466
2690 1477
1897 883
1719 2259
1296 1942
732 2564
55 35
543 642
183 596
1992 2988
1331 911
1071 2002
2303 458
1725 2898
409 967
112 2715
2642 1377
206 2580
902 2135
713 1419
2382 1971
1194 1945
43 2000
500 1768
256 2010
2839 2954
2863 1204
1675 2209
1152 1657
1457 126
2497 2982
2504 982
1068 2780
2952 652
2950 890
190 2726
2777 985
891 1376
1808 319
2551 2190
712 2944
688 2292
2109 1168
1747 204
1757 2666
2198 1796
2006 2429
502 2954
2191 1618
2446 621
866 528
2788 2954
2648 124
271 1564
2141 2154
1205 2157
2869 218
1832 2785
2413 539
675 372
122 244
2780 1910
2830 300
400 1792
1232 2799
465 2379
1821 704
579 1961
1525 1160
7 2987
971 2247
1101 1537
912 2873
1565 114
575 1233
1285 22
729 2050
178 599
2489 289
959 2272
2293 2119
2813 782
394 2742
2763 1647
2502 1193
1580 1743
1307 2207
566 2714
1664 1911
878 1520
2394 2205
1957 2136
1087 1927
384 2813
36 1652
807 1150
410 805
1954 731
644 636
2161 38
261 1960
2275 1117
2632 1850
2408 1497
1766 1867
1561 777
569 2170
2830 92
561 1757
1935 188
507 139
2649 25
550 1831
2568 537
1305 446
30 387
1736 2237
528 2140
2964 1459
183 602
1017 1573
262 2860
2362 765
37 2778
1597 1897
842 519
1374 487
2127 528
1897 2650
2160 2051
1623 2085
2927 885
1882 171
1520 1032
954 2970
851 352
613 2780
1312 1074
2096 2485
20 1558
278 1720
1648 2935
2233 1077
802 1630
2284 1212
746 1840
2049 1539
1657 1204
2561 2369
2363 1568
1164 1883
2423 1849
540 1616
1599 1210
2344 1438
1648 2063
1877 2806
788 651
527 246
1273 475
1689 904
1652 103
2445 1662
620 402
2649 99
1494 1057
283 2235
187 704
1287 1781
21 776
1249 2918
2436 2612
800 2398
205 1212
2569 60
443 1656
2107 662
2306 1669
1517 2319
2266 2529
1811 1605
766 2292
836 1866
2273 2220
2243 2434
2672 867
1698 1685
657 812
190 1256
1042 2350
735 431
1041 1766
2955 93
1101 411
807 1842
1750 1938
449 1975
2393 675
1963 760
668 2750
1105 2554
528 181
608 1582
1385 2947
1589 2910
1676 141
1874 464
468 108
1118 2877
21 808
1340 2526
1799 2418
2283 924
2780 2539
2193 1182
1156 2256
2941 42
1399 22
1 2717
1536 1959
2654 2829
358 2584
659 1816
1913 2465
305 1692
2184 196
392 492
2594 2611
444 1865
2405 71
70 2504
2079 1359
841 713
1590 2873
1890 2812
1197 2077
356 1809
1509 1237
730 912
1814 2028
1165 1415
2780 1564
2520 1288
1733 2921
358 1458
490 803
1105 1839
672 114
2163 2472
1063 2663
795 819
2644 12
2748 234
2138 1820
2415 2690
1564 504
807 1315
2662 1403
2790 1962
2625 2794
358 1781
2329 937
1626 2626
781 90
1602 2293
1208 2105
1963 78
1834 1603
2080 935
664 1651
124 170
2814 2189
807 2703
2733 1219
1612 2462
606 450
320 1352
2113 335
2939 576
179 2345
1025 2283
2694 273
2020 134
613 2459
2618 2848
664 2082
2821 125
1534 1239
2909 1095
390 959
1837 2762
2230 1037
793 615
740 1182
786 2687
2183 1445
727 1280
1627 1876
2951 355
2887 1963
1891 493
691 453
2871 2687
516 2863
1592 1418
795 1141
1441 2908
2245 1827
2601 2826
1340 2060
2202 428
1065 2636
2680 2785
2654 1723
2624 1657
1539 346
206 2336
1902 555
1155 563
1387 1686
2437 1004
1619 1746
248 1068
2138 241
1134 735
655 192
965 2512
2344 2968
1111 602
1900 2486
1295 473
753 1224
2252 1462
1406 1791
297 1088
1908 2381
586 2018
38 2378
2414 1756
1067 1570
2711 1824
668 132
1020 2789
864 565
342 1992
1049 1337
1855 490
527 2617
2453 306
318 1392
1379 1950
836 1580
1902 2780
231 846
1603 613
2778 1549
1816 604
2500 1382
2443 26
2850 2172
2740 2516
1120 36
148 1085
108 844
1204 1137
783 2254
2422 2545
2650 1479
2156 957
713 373
2805 344
2496 266
2600 445
2432 113
2662 2435
292 312
2539 2514
2637 2326
2280 2515
241 982
196 981
997 2684
2590 2293
2607 805
2648 1714
2166 910
2214 298
1234 383
669 288
2286 2911
18 1812
1256 2899
2767 2050
767 603
703 1920
1870 504
2881 2412
1889 947
1656 228
282 2504
2293 303
1421 1536
455 2805
1020 184
2925 1198
2605 2162
111 2240
2888 16
280 557
247 2029
988 221
996 1029
585 851
874 2494
1903 2770
1763 1904
824 800
1499 1574
1131 2001
357 2733
1046 2232
393 1104
611 2128
722 1529
1826 2646
373 1960
2139 1695
772 2877
1121 1326
1524 82
2956 313
2603 951
196 2024
2524 907
1641 1602
50 200
1166 1320
2699 834
2307 2873
1669 2310
695 2538
1012 1105
473 1910
1814 1874
2194 2718
1564 1059
61 2711
1847 594
267 439
2221 1668
2998 198
873 35
2848 633
24 80
2823 951
1683 1625
681 149
1377 1698
991 915
504 1323
1047 1135
1438 1946
2946 102
2875 1509
1735 436
1807 698
158 1729
1413 2075
225 1151
1201 211
1614 2782
1347 2421
262 2325
89 1534
770 2929
2597 392
1572 1271
1461 1427
152 776
2289 573
877 1859
2438 2490
642 2341
2331 651
198 2738
1997 856
602 133
1546 184
1757 2991
1935 2731
2027 1299
2124 2521
428 982
303 457
221 2175
549 2774
2352 1433
1787 608
2900 2925
31 2943
1350 1919
1935 863
1666 2066
2801 2004
2491 1657
2348 145
2292 1933
1014 1924
1556 94
1897 1807
909 1351
1160 1078
2030 1176
1192 1853
1949 767
361 2427
2673 748
2019 1621
960 1304
2550 563
486 2524
202 648
410 1998
2155 389
2638 223
897 2840
976 2985
2057 2564
1857 425
624 2836
2941 1295
51 1332
1441 2797
1119 1705
2436 1146
2914 1749
1598 2071
2937 1548
2656 1346
2415 896
733 588
2698 1747
253 2550
2911 96
2409 338
2156 1419
2653 738
346 1529
185 1068
19 1105
2483 2120
1444 2509
821 1644
1261 472
1825 641
2151 239
2038 2119
1722 2911
759 547
2915 1033
2406 1417
161 571
221 578
2936 2672
1280 2640
2167 2510
607 913
1157 2255
1268 295
2860 385
343 1396
2436 2640
597 2415
1122 1552
2577 1468
652 530
1815 1195
2459 1138
2465 1642
934 39
1544 363
1729 584
458 2073
456 2272
979 1028
1672 1302
903 503
1291 478
1551 1965
492 1732
2570 1822
616 2986
1223 1583
2808 1066
2192 2798
868 1725
1613 1969
2631 771
747 2174
1096 1465
1002 481
2913 1518
429 2386
2322 1372
208 2945
2138 2346
2171 2415
1989 1776
2608 1350
1182 2675
2747 1875
2739 771
1980 2744
979 728
2338 484
982 487
1243 118
756 2537
2258 2826
1585 276
1378 2171
2550 2170
390 97
1584 2515
2682 1979
2552 1887
2707 328
2422 1744
2862 2125
186 907
2269 2307
1181 396
401 2489
2411 626
1547 723
2181 1983
2811 764
2886 1260
1701 2433
387 1300
2029 1018
2777 1080
2609 1741
308 2334
2834 582
1992 2821
839 1254
2320 431
920 724
2912 2463
1580 1083
2051 1212
2719 1929
2521 1599
791 604
1554 637
2323 1444
497 716
603 1316
2386 1147
1182 895
1818 2504
1229 145
2452 2510
386 2757
1180 121
2220 36
290 1217
333 716
2880 255
2613 653
1430 2325
829 613
1498 2777
390 1828
2242 2847
790 2697
444 2395
1181 1095
1800 135
420 471
937 12
2052 1184
19 29
606 2926
1252 1217
774 2278
297 1281
1676 1040
2692 988
2986 2444
726 313
971 854
1790 2711
1087 464
2719 1437
2982 1718
522 1540
879 2421
171 800
1111 481
679 24
2310 2667
2764 1184
2951 2054
391 378
1604 1823
34 2777
487 2164
2801 2434
132 2160
760 1110
2887 2660
923 215
2338 2210
693 364
2433 2417
2856 739
1594 1135
2648 2244
1809 1125
145 2432
219 1788
1706 81
2456 25
2952 1746
660 2398
2295 447
1028 243
2344 2617
2351 1200
1093 1274
2407 603
1855 513
1309 2040
2157 2379
375 15
2339 399
1782 480
2900 706
2014 2040
2230 2925
1345 961
469 183
686 68
2334 2643
1097 157
870 1866
1240 1067
1538 1105
2427 617
2618 606
2602 2818
2528 47
1588 1107
1896 2628
176 2402
1708 504
2151 442
2231 404
941 2851
1727 2998
21 917
2951 1909
817 543
908 2821
1934 118
1440 2826
2833 2240
2172 2472
2083 1264
859 2269
1173 646
1142 2556
1918 1237
2304 957
2120 736
965 2326
1182 1293
1892 1451
1805 2661
796 1325
1088 1984
310 1500
2058 1786
1845 2613
681 689
911 487
70 126
27 2491
1980 2317
154 898
1881 1765
1836 2330
164 1242
1065 1553
86 24
642 1469
1512 1084
760 2526
2266 564
2541 690
2845 2488
2073 2585
2042 859
2456 517
2881 1111
1530 2409
2852 201
2689 1061
2939 2461
2886 1710
1 2949
783 315
2644 338
2436 2351
2311 2543
21 1280
2008 1048
2681 1358
1044 1127
286 347
1058 2489
233 806
2012 2833
708 2386
1289 2053
153 219
2188 1117
102 174
2610 2777
1912 1191
1726 408
520 2212
1860 377
617 2111
2416 868
224 2884
826 2770
2144 2302
2326 1754
1304 796
2937 1849
2855 2228
686 1102
190 316
727 2711
2616 1462
683 686
397 860
149 1632
1052 2966
776 1206
763 2555
2167 2479
140 1130
529 1353
2882 1140
1898 1344
1109 583
2188 1531
687 1523
2490 2383
1405 2216
968 1016
1915 645
320 1857
673 36
568 565
1960 1049
2445 992
2376 1447
856 2231
1875 2532
2285 364
374 1752
750 1677
405 572
855 2470
2759 2650
2406 2354
2322 1233
284 1079
478 1907
2710 98
1259 2781
684 656
224 528
2 1957
2 633
2 1957
1 1725 701403603
2 975
2 1144
1 1356 468249559
1 1970 305181847
1 1909 287764257
1 1077 584493645
1 928 127373038
2 547
2 740
2 639
2 151
2 1887
1 623 809103536
2 2657
2 2726
1 781 742563878
1 1211 896703607
1 1650 204818212
2 1198
2 2548
2 2666
1 1693 57601122
1 2472 109890305
1 1218 123475237
1 2162 195630124
1 2185 703583373
2 678
1 2216 160860843
2 173
1 1272 213405949
2 1492
1 954 176819631
1 969 243319594
1 1153 380403225
2 2713
2 1946
2 1824
2 1776
1 384 329426602
2 523
1 2487 507020488
1 2371 450757734
2 611
1 664 368677243
2 304
2 2509
1 2333 972671087
1 101 484486630
2 234
1 2196 55381843
2 414
2 394
1 1590 644697614
1 2789 613251779
1 281 259587358
1 1806 329031408
2 2138
2 1909
2 1270
2 231
2 448
1 1712 679374591
2 1818
1 941 488502339
2 2750
1 2332 882857674
1 908 89019067
2 2694
2 326
1 2396 188764928
2 569
1 1489 577832109
2 1213
1 2520 180199250
1 1783 209907766
2 2078
1 285 960609528
1 649 222216966
1 2251 63641775
1 250 631153726
2 1429
1 2168 718291574
1 485 108875148
2 1022
2 838
2 1078
1 2784 259174732
1 1510 630717508
1 62 648378911
1 2459 567977045
1 2949 46253027
1 2196 807167803
1 2807 452040637
2 81
1 2048 666363959
1 524 366473550
1 2046 63417503
1 2328 939247183
1 2919 767678371
1 1256 811758593
2 343
2 858
2 936
1 156 418930476
1 798 335113592
2 1078
2 1081
2 1409
2 2005
2 687
1 2584 921307216
2 2156
1 67 193426239
2 2340
2 1763
1 150 172456533
2 2105
2 1288
2 951
1 2188 893945566
2 13
2 1833
1 1468 950583324
1 1134 945833602
1 400 33832692
2 1595
1 1140 409856049
1 641 58323088
2 1210
1 173 676086886
1 65 520117381
1 2327 964315950
2 435
2 2336
1 430 762104326
2 1572
1 2754 217323732
2 1101
1 819 962469144
2 937
1 2184 909563605
2 1006
1 2780 277582098
2 284
2 2636
2 2298
2 921
1 1844 79307522
1 1199 824419295
2 1731
2 525
2 2134
1 2327 647317063
2 2905
2 921
2 1517
1 2013 775042863
1 791 643531817
1 2160 522869292
1 1355 732241354
2 2353
1 563 305256657
1 2523 193313055
1 1203 750875722
2 2715
1 817 170406944
2 1948
1 2594 798592863
1 378 167611357
2 2118
1 1045 971900391
2 127
1 1911 845750459
1 1958 974839441
1 1552 464681142
1 1264 636108367
2 272
2 2297
1 350 237523678
2 983
1 1184 637257253
1 1184 743105017
2 155
2 30
1 2996 979191119
2 1355
1 110 10936362
2 2049
2 1141
2 28
1 2243 302991848
2 1379
2 2395
2 187
1 779 145164595
2 181
1 798 653320084
2 2642
2 2377
1 1821 75074708
2 1421
1 2712 966464034
2 2165
2 946
1 1681 335633991
1 168 18722229
1 1667 767981307
2 43
1 2584 487633999
1 2481 741497729
2 1346
1 103 260078472
1 2093 962040704
1 206 140177650
2 1031
2 2196
2 1532
2 2869
2 2106
1 914 72835409
2 321
2 330
1 2230 101127973
1 1863 358380322
2 2096
1 1068 2959264
2 1515
2 164
1 2244 583689377
2 1516
1 1805 644300126
2 2236
2 1483
1 2067 250563166
2 2413
1 250 103716847
1 1046 250102584
1 1827 550669589
1 477 224481697
2 1810
1 587 686479076
1 2371 878069668
2 2334
1 532 399987938
2 1060
2 2309
2 2163
1 174 511333136
1 1400 155357702
2 2241
1 1701 966835037
2 537
1 2495 316565378
1 114 78834888
1 1952 718796196
2 2313
1 1713 393514101
2 670
2 1586
2 248
1 2422 577995620
1 704 468841510
2 785
2 2258
1 2068 660074632
1 1880 907418141
2 940
1 2392 518717755
1 750 890620238
2 2239
1 2814 679192168
1 846 274215602
1 1017 855248854
2 1349
1 761 423639379
2 1167
2 2304
1 2373 131605287
1 678 933135307
1 1222 607272015
1 199 896415030
1 806 827540730
2 2544
2 1877
1 545 830176083
2 1451
1 2193 118470436
1 977 270534488
1 2060 199344318
1 977 252874940
2 889
2 2297
2 2602
1 1381 796964884
2 1956
2 2964
1 25 852041158
1 2757 896214304
1 2530 197244351
1 1346 436869734
2 185
2 772
2 2063
2 1744
1 1147 376933093
1 513 155107844
1 1347 278243415
2 1463
2 574
1 583 99694563
2 169
2 2251
2 1513
2 1309
1 1154 144145333
1 1742 818899547
1 1470 853198057
2 380
1 1473 446964069
1 1317 35495590
2 60
2 1318
1 1774 209279295
2 72
2 2410
1 1475 439700876
1 1206 237990384
1 460 565808366
1 1905 819864434
1 2308 495486758
1 2375 238581148
2 2530
1 2160 331283946
1 1035 715424793
1 1535 200261466
1 1135 621512253
1 2727 135637970
2 167
2 68
2 1268
2 63
2 2434
1 1595 453667114
2 1766
2 2079
1 1276 797107446
2 2811
1 533 512975708
2 2231
1 2296 952968732
2 2296
2 2279
1 2566 373113864
1 844 967272998
1 2843 61930225
2 1468
1 309 478085996
2 187
1 2159 158238297
1 2601 958521255
2 508
1 2868 178148335
2 2300
2 255
2 970
2 1883
2 2094
2 1595
1 2767 676260956
1 1173 682594864
1 484 931576363
1 2847 821491810
2 476
1 2334 685478235
2 2411
2 997
2 1567
2 1453
2 2595
1 281 160200093
2 155
1 2340 383105135
2 2447
1 1382 370459239
1 2491 231789704
2 2003
2 2343
2 365
2 532
2 1964
1 2680 20090227
2 259
2 162
1 1622 551288635
1 1448 128703251
1 426 865704609
1 2768 891413531
2 268
1 1460 528435666
1 2549 553437990
1 1842 945949764
2 2389
1 2468 774271099
1 2966 429836424
1 2820 196433504
2 644
2 2204
1 2418 218946706
1 2435 142323960
2 2991
1 2835 402567166
2 274
2 1473
1 2106 609810333
1 2501 392590896
1 1954 663668314
2 332
2 1811
1 1115 125350401
2 1147
1 2214 210749969
1 182 43184315
1 1527 186702078
1 91 858494030
2 244
1 2624 860919499
1 931 292759083
2 2065
1 384 508981291
1 1646 933669426
1 778 183034239
2 2060
1 1297 155797320
1 1718 389687850
2 2187
2 267
2 1976
1 2018 381262464
2 2395
1 1852 540374581
1 419 273664362
1 1746 317371672
2 1225
2 1344
1 1980 108947445
1 2305 548999014
2 2386
2 587
2 768
1 2917 173134836
1 1213 608819423
1 407 161345554
1 1883 463098835
2 2449
1 2582 785388219
1 823 425724861
2 473
2 428
2 1622
1 2294 653450640
1 364 423692769
1 330 594371632
2 591
1 2520 693688683
2 410
2 1736
1 849 650166951
1 2637 679483395
2 14
2 2330
2 2418
1 900 578403423
2 1829
2 2951
2 680
2 2436
1 1065 198556325
1 2025 35613066
2 839
2 2282
2 2600
1 1544 679261663
2 2119
1 64 49608391
1 1939 441905547
1 1470 280715602
1 2277 471369321
2 2297
2 105
2 2578
1 2127 565111769
2 2064
1 2635 316115196
1 1839 260574314
1 2571 626878078
1 345 333901489
2 2935
2 1540
1 2399 448095235
1 2197 434551511
2 384
1 387 326330707
2 2240
2 96
1 2331 606301942
2 629
1 2621 235113882
2 1308
2 2986
1 1099 257294794
1 1578 523692231
2 966
1 1490 373579887
1 1548 632010590
2 888
1 1878 897291434
2 2366
2 2971
1 2394 633217992
2 953
2 380
2 712
2 1144
1 1496 600322043
1 2189 852218684
2 149
1 1598 142689103
2 600
2 2056
1 1912 775315488
1 148 507342648
2 2314
1 1037 739450782
2 902
1 1229 962981093
2 2258
1 988 957027727
1 900 329761335
1 393 110389515
2 818
2 2702
1 1685 856322532
2 981
1 31 624992464
1 2256 349718946
2 153
2 2361
1 1897 452196733
1 2117 753933786
1 1226 470127638
1 679 356057752
2 2597
2 347
2 2768
1 360 784802604
2 1572
2 2395
2 1460
2 881
2 1500
1 451 665563519
2 1574
2 2552
2 1252
2 886
2 2233
2 9
1 777 498806665
2 2056
1 908 614374877
1 877 522011270
1 2734 498124626
2 829
1 1649 237641627
1 1752 136443036
1 1349 208977624
2 1321
2 2576
1 1336 937526291
1 2985 408026367
1 1407 202919921
2 1139
2 1619
1 535 848615679
2 76
2 1809
1 440 587334995
1 334 601911268
1 459 964556844
1 1445 411272700
2 1179
2 1741
1 890 146905173
2 2390
1 1715 791619117
2 555
1 2961 39035709
1 2998 840705107
1 269 643200344
2 14
2 1488
1 926 497762407
1 2896 597321162
2 566
1 1815 855602587
2 1454
2 2337
2 73
1 1477 568965312
1 2536 862605517
1 2783 626215055
1 2887 676843761
1 412 302605054
1 1708 701684487
2 1854
1 2614 705631730
1 2514 214970477
1 1259 384154540
1 1847 982765091
1 1709 901342727
2 855
2 2799
2 828
1 1291 255837231
2 940
1 1686 249195748
2 2565
2 143
1 2024 898115052
1 1732 752813054
2 592
1 2423 222856286
2 2714
2 1208
1 2635 428542615
1 2356 930628232
1 2629 79120677
2 1381
1 2530 599116918
1 2610 850948621
1 1501 551270954
2 289
2 1645
1 482 763963665
1 765 398452927
1 743 353910833
2 2145
2 2482
1 1794 689837725
2 1022
1 2853 823569245
1 2058 776416073
1 2623 983876273
2 146
1 2124 407702753
1 2014 125460073
2 649
1 1936 767823457
2 639
1 1081 121444831
2 1466
1 492 593586837
2 2202
2 694
2 1240
2 2412
1 1100 160458413
2 2623
1 1614 675191733
2 2597
2 1930
1 2776 78013115
2 2712
2 1203
1 779 601448755
1 1427 389607713
1 1528 928821494
1 2811 55347749
2 531
1 1588 158345485
2 2902
2 2787
1 442 463825600
1 1363 444009835
1 1993 332361451
1 278 197183651
1 1380 106373785
1 751 613538938
2 2313
1 451 438572050
1 2088 98096699
2 1112
2 1711
2 1540
2 411
1 1810 37722449
1 930 364991702
1 2090 881517782
1 109 38305741
1 1319 259647932
2 586
2 1038
1 257 408429653
2 1124
1 2910 938120567
1 2103 631809385
1 1551 631804122
2 560
2 2071
1 624 680653477
2 1700
1 98 740311734
1 1900 421388741
1 2793 725835113
1 1646 935010828
1 794 899969068
1 1335 326359755
1 1492 169823611
2 362
1 805 112154659
1 325 792513365
1 495 862183349
2 2464
1 1348 923850317
2 136
2 2270
2 2372
2 1012
2 2638
2 1216
1 1613 843761077
2 2853
2 2801
2 888
1 960 387692966
2 1020
2 1279
1 2572 822624494
2 91
2 2483
2 2993
1 1359 874931568
2 2148
2 118
1 1135 13204540
1 2056 685146585
1 1090 558088449
2 2302
1 2280 939924495
1 1522 962333327
1 1017 396311980
1 1321 572722978
1 452 499230142
1 1309 806478604
1 2920 646775406
2 422
1 1164 678610429
2 1802
2 252
1 1490 907085920
1 2798 739403061
2 1544
2 2300
1 2247 338551020
1 2420 624927492
2 2499
2 957
2 2530
1 2452 927005625
1 1322 570953735
2 758
2 2307
2 959
2 2127
2 1948
1 511 167602941
2 356
2 249
1 1877 343476576
2 2992
1 652 823525498
2 2746
2 1462
1 1401 12208953
1 2278 920428164
1 2899 519251414
2 2551
2 2460
1 1251 215561750
2 1742
1 1131 884687951
1 2102 960316947
2 1769
1 1609 505922628
2 1771
1 2439 168222371
1 2394 435375401
2 2424
2 2306
2 285
1 723 598504918
2 1401
2 2145
2 2633
1 1312 692236647
2 2008
2 1498
2 1430
1 1965 468486068
1 834 365481731
2 1023
2 2766
2 1548
2 1076
1 2746 944130884
1 247 343547431
2 2347
1 619 771181524
1 1253 41900549
2 1872
1 2173 946328709
2 500
2 2106
2 1927
1 2855 721427146
1 1732 362973700
2 1945
2 869
1 2267 131181843
2 1742
2 902
1 1566 142997211
1 1934 875653360
2 2786
1 858 808926518
2 811
1 1188 663417384
2 1178
1 80 457151378
1 2554 358944992
2 1104
1 1669 649746749
2 2368
1 90 127900776
1 303 103329725
1 2702 731841199
2 1542
1 850 502537132
2 2772
1 581 149145797
2 2538
2 2193
1 1331 841327881
1 2379 111385964
1 2463 303542742
1 1862 764822670
2 1585
1 2527 58969255
1 910 827134517
2 1975
2 871
1 2325 973478924
1 1874 741964025
2 851
1 1005 402713800
2 2916
1 523 971473532
2 2915
2 563
1 2229 540438158
1 2366 570185999
1 83 374376461
1 2536 744492256
2 2537
1 2649 767985779
1 323 734062725
2 2341
2 618
1 2961 576212832
2 2946
1 2784 208264326
2 2903
1 1238 77637889
2 1784
1 436 135672162
2 1251
2 1172
2 929
1 2869 122566547
2 1404
1 1730 965518924
2 1303
2 831
1 2566 855547411
1 981 357479440
2 1638
1 1622 657010460
2 2047
2 2315
2 1648
1 2293 292210251
1 2474 74055953
1 1874 681959741
1 2801 914848353
2 2034
1 215 716881850
2 2225
2 866
1 1454 829057686
2 247
2 268
2 1288
2 1343
2 659
1 242 357699813
1 2452 27700998
2 1464
2 1956
2 320
2 2450
2 2365
2 2218
2 534
1 596 996543608
2 194
1 727 486157044
1 1711 709761833
2 1943
2 2891
2 307
1 2739 889164980
2 2642
2 275
2 2576
2 2806
1 2380 887124380
1 1736 735789505
2 285
2 896
2 661
1 634 503027451
1 2422 838408164
2 1405
1 1147 373966152
1 122 102199066
2 1216
2 1629
2 908
1 1711 625792148
1 1615 623666175
2 2604
2 1312
2 1001
1 1913 712285029
1 1449 950770710
1 2478 576225387
1 144 107718511
1 2194 31902322
1 320 683193859
1 972 709779978
1 1571 275060797
1 1777 503243694
1 1985 433348902
1 874 989304702
2 2284
1 1616 310199866
2 1585
1 1213 260102527
2 1760
1 2597 177794373
1 1927 423454522
2 582
1 2010 440164612
1 1517 61903766
2 2566
2 1203
2 2615
1 1070 942326024
1 1743 244469305
1 2323 461980264
1 122 520131309
1 11 907147271
1 2134 534199987
1 483 169981659
2 2127
2 722
2 587
2 982
1 1025 327738995
1 1511 416439882
1 736 761092191
2 1367
2 2486
2 168
2 2463
1 1967 240230182
2 192
1 2376 745603167
1 1347 147091822
2 2899
2 2756
2 2735
1 2412 393236601
1 2733 453639602
1 2485 562647155
1 214 936667524
2 2806
2 1416
1 2576 925965091
1 1262 359618297
2 2705
2 1238
1 744 212178459
2 1896
2 440
2 2244
2 1497
2 924
2 2876
1 1211 754100111
2 1326
1 188 212428861
2 112
1 2351 911543405
1 2029 327268436
1 1880 565718400
2 1860
1 593 686387198
1 1176 879002126
2 2778
1 1485 810735585
1 910 678078010
1 556 975706150
1 433 430723548
1 1001 968758562
2 2152
1 668 604793607
2 768
2 1206
1 1898 584179508
2 2092
2 2110
1 1330 604179953
1 2751 981847815
2 217
1 1702 982462552
2 2849
2 1426
2 2446
1 687 690970400
2 1333
1 2197 928232000
2 1374
1 1067 960105996
1 975 116885146
2 2084
1 1687 390228826
2 2129
2 913
1 72 760875973
2 770
2 1765
1 246 544124870
2 1151
1 142 902369954
2 861
2 1646
1 41 883071492
2 2637
2 1044
1 844 418650325
2 1666
1 2276 495975585
2 312
1 1354 679845971
2 1813
1 629 364513271
1 134 298760225
2 1818
1 1533 968502113
1 1870 889138989
1 1691 363264762
1 844 487908632
2 1884
2 1449
1 1155 394863478
1 1829 220089849
2 1286
1 1892 72637279
2 2076
1 508 731292842
1 2253 718389307
2 1128
1 2441 511895570
2 1510
1 1013 241093265
1 724 966351756
2 1794
2 2249
2 2774
2 226
2 1608
1 2074 98505021
1 2127 676925212
1 327 914046796
2 1620
1 233 949584911
1 848 428947172
2 1973
2 47
2 2681
2 1149
2 705
1 545 374822328
2 555
1 2584 109943456
1 2903 322710201
2 324
2 2483
2 638
2 252
2 1736
1 2327 96390842
2 2671
2 434
2 1975
2 1085
1 3000 616596984
2 2317
1 1784 546638232
2 2124
2 186
2 50
2 2398
1 1983 829784838
2 2682
2 2972
1 1568 292213437
2 1463
2 1400
2 1431
2 2609
2 520
2 523
1 1640 318065355
1 2575 289871129
2 1834
2 2498
1 385 724911255
2 1806
2 279
2 1763
1 2416 812813663
1 1029 217447691
2 1561
1 2046 823452213
2 1286
2 573
2 1188
1 2992 454852230
2 2394
2 2551
2 2638
1 226 457053194
1 2613 205488588
2 1845
2 2100
1 265 838979168
1 854 24780089
2 134
2 1805
2 990
1 1845 78194113
2 1116
1 183 74877060
1 2654 382808488
2 2122
2 783
1 911 334611708
1 1801 42051581
1 174 495106427
2 1258
1 571 28388894
2 2149
1 30 557662426
2 699
1 1155 324697222
1 2802 346900793
2 1286
2 1421
1 721 648962243
1 2069 415287803
2 2529
1 2520 887281424
2 2207
2 2904
1 1132 818489947
1 2005 99798516
2 287
2 2918
1 1114 658949627
1 221 336003666
1 2082 159899865
2 617
1 2799 448430767
1 1273 973031159
2 2588
1 1206 523044601
2 1975
1 2265 864127684
2 1460
1 2957 819063018
2 710
2 1991
2 2999
1 2196 271468741
1 1969 55043156
2 1131
2 1915
2 1660
1 473 369321073
2 679
1 422 887708702
1 1656 472615448
1 2388 922720374
2 242
1 2951 420489400
2 1554
2 637
2 551
1 162 835613737
1 2352 784657666
2 170
2 2301
1 2935 877737849
2 1017
1 1339 439604401
1 111 125043032
1 1961 384616873
2 1627
1 424 663222938
1 1635 296648334
2 2808
1 2967 718191191
2 1682
2 573
2 945
1 417 808459796
1 262 311314314
2 1620
2 435
2 1434
1 1551 138041383
2 929
2 2315
2 2248
1 2018 863396802
2 2789
2 2807
1 1195 407620585
1 1074 116156967
1 418 113082697
2 2348
1 783 910409589
2 997
2 111
1 2642 633643571
2 447
2 83
1 2006 613275621
1 645 245390486
1 142 370939632
2 1724
1 631 821775356
1 2108 991859250
2 1030
1 1112 329064390
2 1133
1 2531 566699022
1 1787 698955420
2 2398
2 2118
2 1162
1 2502 173496672
1 152 767737234
1 701 383870376
2 2286
1 1221 640221511
2 1684
2 522
1 2422 507481908
1 80 75823900
1 2387 42322661
2 334
2 1285
2 1340
2 987
1 1465 781619635
2 1181
1 1777 728573414
2 2830
1 110 321990749
2 488
1 1134 555199255
2 2899
2 1412
1 414 380429697
1 1626 501623725
1 234 974947902
2 605
2 1316
2 1506
2 1930
1 2793 302863209
2 1857
2 2504
2 1469
1 1746 800756989
2 1745
1 1080 795244505
2 344
1 63 173932071
2 1220
1 2507 123103791
2 2694
2 1731
1 422 255352502
2 1566
2 2844
2 1125
2 1679
2 2697
2 1229
1 664 404625536
2 2746
1 1107 365219077
1 2597 469192417
1 1475 112205505
1 2664 380536026
1 1731 127887128
1 1271 941335164
2 2975
1 980 87275039
2 1438
1 1345 22604573
1 774 949138460
2 2807
2 1982
2 2933
1 248 889385950
1 2379 161959540
1 183 551477266
2 64
1 2894 479283860
2 1762
1 2219 280156897
2 173
2 154
1 14 69341992
2 1757
2 441
2 1419
2 1896
1 2255 272920758
2 2630
1 2347 137389071
2 1548
1 2821 171012218
1 1962 422578323
2 882
2 2905
1 1585 115856385
2 2360
1 1875 675516220
2 2948
1 1296 582920957
2 684
2 2996
1 347 798933320
1 1146 954939376
1 2880 290633106
2 904
1 236 824297733
2 2692
1 2907 200348597
2 454
2 2862
1 2864 747841778
2 1799
2 2514
1 1645 745963771
1 2817 413326764
2 1441
1 2953 589755361
1 2353 31244566
2 753
2 2403
1 1855 385388233
1 93 2754932
1 1669 899918646
1 771 766356818
1 2923 566998291
2 2969
1 685 627788330
2 731
1 2007 298199798
2 1922
2 695
2 2401
1 1099 383632316
2 824
2 955
2 2119
2 1817
1 1333 239605831
1 1759 436791931
1 2186 793923875
2 2920
1 1778 973819420
1 1082 222054434
1 852 532200018
2 2803
1 1531 30622192
1 363 917039380
2 2516
1 2841 990454572
1 1056 837537934
2 1953
1 1771 740019073
1 1197 240203886
1 2789 839327926
2 2202
2 1135
1 1301 512883441
1 2337 659449499
2 1582
2 1858
1 2013 95813004
2 2168
2 235
1 1154 14863191
1 2203 282923049
2 1851
2 2994
1 504 723087750
1 259 457344836
2 2109
2 1558
1 779 747494462
2 2338
2 2573
1 234 197889074
1 2005 922236171
1 2957 928328405
2 1377
1 297 581377619
2 2035
2 434
2 1687
2 2654
2 2318
2 1035
2 444
2 428
2 846
1 624 285544178
1 88 896065944
2 2469
1 876 197933609
1 2668 813736125
1 1470 729195088
1 2693 203111759
1 1878 335565242
2 469
2 2246
1 2757 989021226
1 1605 339595249
2 2022
2 964
1 1195 772969601
1 56 395359431
1 1470 608306540
2 96
1 1055 989375713
2 977
2 1241
1 614 855902780
1 1685 8448809
1 412 11082166
1 964 981984284
2 1870
2 2640
2 1269
2 1915
1 1075 102046959
2 1299
1 1641 310564704
1 1573 64053463
1 350 272929631
1 1136 397098400
1 1098 317128577
1 2212 865368138
2 2706
1 267 475868505
1 797 512180698
2 2304
1 2511 276579309
1 2966 734827206
1 2686 719132752
2 2283
1 1770 302474676
1 2461 120196415
1 1328 61065852
1 1388 794974506
2 2970
2 1177
1 2792 92374827
1 1014 236181982
1 1618 111114516
1 295 420752727
1 777 650018781
1 2584 28452673
2 499
2 687
2 1279
1 1156 343491168
1 2289 366358374
2 2472
2 7
1 2235 214091359
2 2803
2 49
2 842
1 2462 321976817
2 438
1 687 403993242
2 16
2 100
2 1545
2 2380
2 1241
1 2776 481941392
2 1864
1 140 43632164
2 1540
1 2114 93437036
2 2906
1 528 733871388
1 2170 978131987
2 52
1 2101 839287309
1 2389 550347932
1 1025 146365538
1 28 581901273
1 1256 682630635
1 868 948778133
1 308 758230367
2 327
2 1902
2 2
2 1168
2 1202
1 1848 118200904
2 199
2 2966
1 2336 514190708
2 713
1 2120 650015955
2 326
1 2273 835203612
1 145 163512087
1 2591 191204172
1 1824 68516847
1 2751 408924736
1 1004 189249076
1 2417 663660784
1 2154 762374767
2 1002
1 859 111803901
2 381
2 2551
2 2603
2 2048
1 2833 56194232
2 1949
1 2698 842023332
1 1020 362805217
2 2222
2 380
2 2410
2 434
2 313
1 2452 368038373
1 1266 620858200
2 1387
1 762 12238671
2 917
1 2252 224931986
2 835
2 1871
1 2711 333189675
1 1856 60791401
2 1401
1 2344 855439031
1 2034 265623726
1 2832 559979131
2 384
2 1146
1 588 900538413
1 43 847971448
1 786 269124940
1 1791 995046613
2 616
2 1820
1 1794 989207908
1 930 283157867
2 1771
1 402 934721635
1 511 139541808
1 1693 183177817
1 2944 272255566
1 2111 741552536
2 1870
2 1301
1 1251 97184001
2 364
1 2943 841222487
1 1707 831931187
1 176 693714198
2 73
1 1116 973635210
1 2163 955216169
2 515
2 1800
2 1127
2 1614
1 599 488091235
1 2489 789375489
1 308 122114936
2 2345
2 793
1 365 363849923
2 265
1 1766 325320928
2 748
2 677
2 827
2 1280
1 181 367516574
2 2458
1 1034 325112729
2 1682
1 2311 75119013
2 1173
1 1649 318838892
2 2775
1 518 803975466
1 2126 845912030
1 969 912953164
1 2960 317808213
1 2013 627405641
2 2144
1 861 148193984
1 939 132693704
2 163
1 177 273121597
2 190
1 881 5566104
1 1791 225320653
1 1060 940910738
2 894
1 2253 753295936
2 1586
1 2224 366154642
1 2815 778920870
2 1914
1 1851 749106216
2 1065
1 1651 784329279
2 1788
1 2715 332057879
2 1604
1 2595 331395803
2 2867
2 1625
1 1741 406191275
1 2643 556036408
1 1886 494175772
1 2148 934091296
1 1506 215040470
2 1250
2 931
1 742 347100289
2 2920
2 701
1 1810 913868381
1 1749 564084515
1 771 955872068
2 1739
1 2057 297624208
1 1995 205994924
1 1312 132792303
1 2216 946592641
2 2959
1 1997 180729717
1 1389 48683171
1 2188 745192497
1 2484 27698196
1 2022 123860746
1 2669 64980614
1 67 509081631
1 2629 590626960
1 2203 930839470
2 1527
1 188 549883574
2 2378
2 2142
2 2205
2 381
1 1330 401501153
2 493
2 3000
1 2643 658449106
2 468
2 1562
1 2713 540292635
1 2924 533086447
2 645
2 1867
2 327
2 2744
2 471
2 1250
1 749 199528919
1 169 418000368
2 534
2 2556
2 2555
2 432
1 1803 561691837
2 2500
2 2171
2 866
2 939
2 2935
1 1963 784954846
1 381 830664939
2 1239
2 2727
2 1847
1 2125 673813125
1 835 789090861
1 2634 499893621
1 982 839421936
1 595 68458978
2 137
2 2034
1 1187 380915074
1 2971 678323816
1 710 619200110
1 157 716981626
1 1588 501867339
1 2683 850939890
2 2386
2 348
1 1284 341691402
2 1361
1 842 625289650
2 286
2 1674
2 2188
2 2599
1 469 905132415
1 289 994320707
1 328 494534018
2 2438
2 1262
1 753 348806045
1 2740 87049017
2 2568
1 211 33156694
2 2827
1 221 79403654
2 1018
1 1178 551514964
1 2278 930586001
2 1107
2 2300
1 2269 398906311
2 6
2 201
2 724
2 2601
2 882
2 647
1 2330 889041811
2 1578
2 1540
1 1193 963254880
1 451 709575377
1 1476 663329172
2 738
2 2807
2 536
1 1705 629899921
2 993
1 2093 620983941
1 719 981725703
2 2096
2 2871
2 1507
1 1831 702558484
1 1898 419134232
1 551 599048920
2 1876
2 222
1 653 890857215
2 2119
2 145
2 740
1 978 683903636
2 283
1 2885 278541023
1 1815 499321691
2 89
1 81 661420447
1 2553 406513840
2 2351
1 1346 940462268
1 1901 492607570
2 1936
1 2065 293108695
2 660
2 1444
1 2833 166184185
1 607 952723955
2 1577
2 387
2 2338
2 1276
1 2629 495808556
2 1071
2 2369
2 515
1 220 905131566
2 1445
2 1363
1 87 40732093
2 1875
2 2889
1 1279 934672716
1 1057 233146710
1 716 889808166
2 1833
2 938
1 1615 385391877
2 2684
1 2138 955531655
2 715
2 2
1 1054 794791974
2 2671
1 486 31979670
2 405
1 1560 542417782
2 815
1 667 808854162
2 2027
2 251
2 549
2 2638
2 335
1 1174 335927957
2 2353
2 2662
1 1108 925626828
1 170 153909594
2 1251
2 664
1 1749 679789990
1 2116 678643902
2 1437
2 1132
2 2844
2 232
1 2296 658374572
1 1869 366272091
1 1093 726948646
2 2746
1 492 2177089
2 804
1 649 14960384
2 182
1 362 435342535
2 1507
2 2598
2 759
2 1355
1 1827 201860308
2 1860
2 65
2 601
2 865
2 792
2 2562
1 2419 31159449
2 819
2 1050
1 690 686148700
2 260
1 621 96297396
1 1529 866422486
2 57
1 1634 180801913
2 2752
2 579
2 2208
1 73 685262106
2 2576
1 824 420331390
2 2548
1 1183 195388814
2 1868
2 2606
1 1928 584870808
1 31 897047219
1 2807 959105169
1 1684 859299285
1 338 226438156
2 1601
1 2611 487296896
2 978
1 2603 876813134
2 2150
1 1115 668341983
1 357 129799147
1 2489 809455102
1 1967 371335960
2 222
2 2414
2 2190
2 741
1 2705 514559498
2 401
1 2457 102506674
1 560 89067403
2 1868
1 1904 938196333
2 1754
1 2050 818009956
1 810 996413659
1 408 744222158
1 2481 302865983
1 1459 415300399
2 2331
2 473
2 142
2 2253
2 243
2 2896
2 1223
2 175
1 2346 331402325
2 30
1 135 193589338
1 1341 326157575
1 2101 52712648
2 80
2 515
1 2124 90953675
2 425
2 1199
1 350 960467678
1 2552 703529661
2 157
1 1928 208710669
1 2444 314730400
2 543
2 1271
1 2763 981395272
1 385 13542434
2 1701
2 1123
2 437
2 761
1 2977 339667683
2 2082
1 368 468333077
2 2111
1 556 756003499
2 2478
2 2753
1 1296 786038616
1 2783 729592020
2 809
2 1543
2 1719
2 52
2 581
1 1864 873279720
1 1913 401282525
2 1834
2 2908
2 2333
1 1328 47971295
1 1396 692308524
1 1216 145335403
2 1683
1 1947 916190939
1 2712 702623192
2 1897
2 1698
1 978 171814863
2 2890
2 260
2 1768
1 2052 25199210
1 480 90139754
1 2936 114757192
1 2661 768420262
2 907
1 2165 826578488
1 2065 908455738
1 135 473240565
1 2036 803890658
1 1689 1203398
1 1255 855668602
1 261 557411692
1 1306 793149731
1 189 741208440
1 910 848959551
1 2485 466877578
2 1154
2 2322
2 829
2 745
1 1086 949225909
2 289
1 1713 623180278
1 596 615848800
1 1796 975644195
1 2578 673428372
1 322 405988762
1 2151 294400572
2 1575
1 2743 628608229
1 323 564304934
2 2576
2 339
1 1760 19235205
2 525
2 1591
1 1858 880661500
2 1423
2 978
1 634 846272846
2 2508
2 1547
2 2604
1 1960 284155533
1 1088 526192735
2 2719
2 2733
2 584
1 2502 607706672
1 522 706401941
1 2990 555677476
1 2113 537002339
2 2647
1 2983 398857549
2 1259
1 1401 581232437
1 441 516246329
2 909
1 2339 257368263
1 2633 58090709
2 15
1 1102 90414108
1 906 382874860
1 2965 311670708
2 1932
2 1073
1 1041 432107674
1 1247 162180116
2 2893
2 2538
2 1323
1 162 74261134
2 2094
1 7 346208500
1 1736 581179973
1 1393 135804302
2 2658
2 219
2 1955
2 96
2 614
2 1332
1 206 759691950
2 2991
1 2884 912629473
1 535 815156351
2 963
2 2972
2 2690
2 809
1 307 600948733
2 856
2 2090
1 1422 648983278
1 433 531326579
1 216 331088919
2 1602
2 1628
2 1781
1 2907 785417842
2 451
2 1230
1 963 586875167
2 632
2 2980
1 620 681924271
2 675
2 207
2 71
2 775
2 2857
2 461
2 2544
1 352 43040647
2 109
1 1874 82779919
2 2403
2 560
2 1595
1 2117 938872820
2 269
2 1879
2 634
2 445
1 408 202461364
2 2375
2 1126
2 951
1 2538 413147808
1 1040 312724424
2 2528
2 1925
2 1156
1 2252 733328478
1 2394 203981134
2 1955
1 917 331065037
2 2090
1 1422 783625397
2 2162
2 319
2 2373
1 1622 256306364
1 2991 824216953
1 1822 29703400
1 1700 533017645
1 124 305071503
2 2819
2 1926
1 170 536867555
1 58 419641676
2 1722
2 1756
1 2997 725378019
2 2928
2 1439
1 2994 101142331
2 1937
2 1499
1 2460 668616709
2 2573
2 1485
1 2954 204284418
1 2548 15815228
2 2257
1 1458 34784163
2 769
1 1251 416824122
1 1434 315228537
1 825 133846577
2 1616
1 1474 807712587
1 2298 196487620
2 852
2 1155
1 2895 13318158
2 1871
1 2 384771398
1 137 228350565
2 1217
1 2876 100103330
2 1693
1 88 237901612
1 2645 99842512
1 214 267478676
1 1157 336102415
1 1702 66006361
1 2134 14079538
1 1527 956015814
2 2397
2 1383
1 574 335247118
2 2788
2 595
2 1739
2 2504
2 1952
2 2554
1 1551 469129087
2 177
1 2201 151660498
1 322 47064438
2 2417
2 2616
1 840 196853498
1 2700 352396888
2 1558
1 1203 318601340
2 1804
2 1873
2 1134
2 1308
1 2645 160513592
1 930 209662196
2 373
2 1213
1 123 656512236
2 703
1 1434 39444532
1 642 835829511
2 2887
1 2994 185122119
2 2650
2 782
2 1726
1 1611 358298936
2 1444
1 2554 268250051
1 891 632720975
2 500
1 2044 132079362
2 843
2 1988
1 2596 71883455
1 2089 322790865
1 2907 124700134
2 1722
2 2846
2 777
2 1701
1 2484 313510888
1 921 394932691
1 1155 175683484
2 2884
1 2306 357588195
1 48 59656382
1 2594 300443809
1 2491 521366729
2 572
1 2073 362729617
1 926 228416985
1 1995 821850716
2 2714
1 1224 519982690
2 2308
2 938
2 2892
1 924 858792026
1 2348 564952814
2 1641
1 626 291195052
2 1030
2 512
1 2235 22549000
2 1586
2 2615
1 1545 257776259
2 1315
1 1479 481384983
1 1633 329596541
2 2379
1 2221 521360859
1 2310 773289933
1 2611 264624837
1 1022 448081278
2 329
2 346
1 2999 89186483
1 1526 914500022
2 1597
1 1831 661833283
1 2741 338317927
2 1858
1 546 735050736
1 153 391305481
2 2864
2 966
2 908
1 2484 238423302
1 2166 198869774
1 19 313116036
1 69 303895815
1 1979 444066495
1 234 447177769
1 1859 922511258
2 1793
1 1340 854298733
1 1019 280464475
1 1336 729898653
1 2944 51612157
1 543 221422461
2 765
2 45
1 1673 348275790
2 1893
2 2405
2 729
1 1324 546441090
2 1917
2 2183
2 9
2 45
1 174 13933251
2 1106
1 1012 195446910
1 1726 426597251
1 2723 900300330
2 1392
2 671
1 1748 679332316
1 2800 371661983
2 689
1 2753 203382996
2 2798
2 1512
2 1631
1 86 803382321
1 715 819392277
1 80 361300219
2 1625
2 246
2 2403
2 171
2 2378
1 1413 793572700
1 1011 7529368
1 2190 576078446
1 385 57006789
2 1323
1 292 709305994
2 1723
2 1641
1 1395 129062226
1 2226 352575413
2 385
2 2696
2 1422
2 2063
1 104 100382992
2 2034
2 2847
1 2528 76502778
2 2807
2 510
2 2199
2 1453
2 8
1 1285 366194992
2 256
2 939
1 928 83074039
2 1096
2 268
1 2691 618043282
2 306
2 2905
2 69
1 714 441895290
1 2339 340123819
1 327 231908690
1 1428 361468731
1 2449 194458146
2 1333
1 2196 903455509
2 2573
2 2941
2 2110
2 2520
1 1519 711742280
1 718 479409063
2 120
1 70 654521691
1 2855 652473580
2 786
1 2921 447915657
1 868 208394783
2 508
1 2849 591543119
1 843 596518583
2 2253
2 1074
2 1640
2 1987
1 1464 367699100
1 2720 953458405
1 2040 998094219
2 212
2 1169
1 524 370767857
2 1022
1 267 604195973
2 989
2 2845
2 148
2 2498
1 936 491419446
1 2678 42502964
2 1788
2 2751
2 2401
1 1192 247612187
2 1298
2 1892
1 1866 833659518
1 302 293640767
1 473 825387099
1 1647 828691545
2 187
1 728 844471962
2 298
2 825
2 830
1 866 679899675
2 1834
2 857
2 306
2 188
1 2763 527682211
1 2585 180567434
2 1346
2 91
2 1824
1 1934 755439548
2 37
2 1317
2 955
1 2730 204831139
1 454 296411715
1 2438 662383774
1 2633 308887650
1 1043 50764741
1 1115 940748644
2 1847
1 459 180804807
2 2331
1 112 968714876
2 451
2 2029
2 2360
2 299
2 2459
1 1440 529961516
1 1723 536747516
1 2160 811337934
2 2706
2 1442
2 2115
1 1476 164067096
2 1680
1 2122 233896091
1 338 830547178
1 1412 133534841
2 2168
1 1863 706815017
1 1996 860348945
2 2246
1 2036 28899035
1 1424 447750596
2 437
2 1084
1 1757 340397402
1 1219 785680341
1 82 498618759
2 1398
1 2390 617462877
2 1905
1 2525 91472220
2 1735
1 841 773768362
1 2974 905445785
2 532
1 157 871916125
2 2870
2 908
2 2232
2 2715
2 1465
2 1318
2 2384
2 1744
1 1706 20232416
1 1255 127842610
2 1165
2 1600
1 205 573114794
2 2603
2 1246
2 632
2 2930
2 1922
1 2236 620033847
2 460
1 2332 506229031
2 427
2 485
1 1403 623815194
1 20 871689036
1 556 315033829
1 674 64706396
2 2447
1 197 133665602
2 2133
2 2139
2 2984
1 3000 45487588
1 1900 893592005
1 608 591903766
2 984
1 2583 218889728
1 584 138288107
2 1936
1 1062 924575137
2 1924
2 1049
1 2492 510646874
1 1645 872044114
2 745
2 140
2 379
2 1580
1 1063 148864025
2 1002
2 2630
1 2485 107739246
1 418 813173702
1 1031 964238352
1 482 499594675
2 2665
2 2409
2 2573
2 619
1 2128 731788569
2 817
1 993 726501556
1 1062 843957120
1 2860 78157671
1 1953 623312708
2 315
2 2724
1 2165 610696018
2 1021
2 1040
1 2203 753648850
2 2388
1 2853 893561408
2 1465
1 2191 175342571
2 755
2 101
1 2155 573075754
2 1787
2 1008
2 1572
1 1935 17230192
1 1707 154378785
2 1032
2 2255
1 1457 386025049
1 1755 570875292
1 2432 850792284
2 2286
2 1203
2 1959
1 1755 517923332
1 732 844509173
2 1770
1 2643 840022531
2 2441
1 633 192261982
1 1302 850555932
1 674 268585221
1 420 342882153
2 2482
1 556 838311788
2 90
1 2164 366870071
2 2325
2 2245
2 2732
2 1170
1 2935 750155982
2 430
2 1406
2 2374
1 2160 219435196
1 2824 532683763
2 715
2 275
1 180 849301110
2 520
2 520
2 2072
2 178
1 2615 413273676
2 1118
1 1327 755972234
2 2830
2 1392
2 364
2 760
2 2881
1 1478 22326126
1 1804 701033580
1 1149 312086796
1 542 881491745
2 1830
2 1564
1 325 780687399
2 764
1 1863 863188166
2 789
2 2219
1 161 385771378
2 303
1 909 930353070
2 1246
2 867
1 1032 847282437
1 679 834691168
1 1816 331548638
2 167
1 1997 37840896
2 2679
1 2794 926077228
2 2821
1 919 984136728
1 1472 939080594
2 2380
1 776 265161132
2 284
1 2889 203725249
2 1880
2 2768
2 2380
1 122 779952840
2 1238
1 881 861997156
2 2581
1 33 138165954
2 903
2 1499
1 1830 250120377
2 1361
2 140
1 2210 247781751
2 2614
2 1759
1 318 876182982
1 1862 419913924
2 2908
1 1309 509338207
2 1294
1 914 481642348
1 2398 805802719
2 2930
2 1588
2 1255
1 373 271131427
1 2118 312423020
2 123
1 1104 523957770
2 501
1 1600 817393787
2 505
1 2486 777035138
1 1279 411472672
1 2018 878359514
2 2529
1 595 622348376
2 2161
1 1329 805137986
2 2666
2 553
2 1955
1 1992 562051232
2 208
2 410
1 2073 597867462
2 2132
1 992 509840915
1 1544 354787630
2 2782
2 976
1 1070 366444993
1 1332 782424160
2 1165
2 1144
2 1968
2 2609
2 824
1 1231 863813708
2 1307
1 2080 946586217
2 2035
2 1467
2 147
2 2883
2 2128
1 2606 745901409
1 2989 303587513
1 2461 149508797
1 1706 763472454
2 29
2 1623
2 486
2 396
1 1843 167223338
1 692 919215466
2 186
2 2930
2 85
1 1947 617533587
2 2545
1 2733 633172245
2 1181
2 1630
1 694 974651558
2 2009
1 1073 840943987
2 838
2 481
2 1240
2 2587
1 428 407688627
2 2072
1 614 771318580
2 2585
1 1271 4019795
2 2528
1 1661 187885711
2 85
2 234
1 2094 495816532
2 2777
1 1124 398893066
1 1005 191060743
1 1723 620577342
2 723
2 1584
2 145
1 465 534969166
1 128 648272671
1 768 672856558
2 1071
1 33 713382798
2 2233
2 1973
1 472 665832529
1 1742 133032957
2 755
2 1918
2 2836
2 1642
1 2774 163722046
2 1267
1 2334 210323585
2 2678
1 591 491637984
2 1130
2 1748
1 2444 490051881
2 2392
2 2271
1 673 547900836
1 383 787372507
2 117
1 1830 946005457
1 572 396531271
2 158
1 439 501709630
1 1385 391856622
1 2096 240474359
2 1911
1 2347 756218351
1 1655 431426983
2 221
2 2280
2 2274
1 705 456794544
2 1963
1 1902 117492262
2 521
2 1941
2 668
1 1769 377811409
2 2872
1 2013 261129099
2 569
1 2612 275789069
1 1021 145457091
1 2455 156642122
2 2938
1 1959 508907860
1 1256 599091131
2 140
2 769
1 214 479813140
2 2966
2 1747
1 172 340238090
2 1881
2 2065
1 1390 808781224
2 984
1 796 253776771
2 1412
1 369 349594045
1 835 756114632
1 2231 7359058
1 2145 492520239
1 1200 432318745
1 2144 399099278
2 246
2 949
2 1064
1 1261 848301033
1 2327 197629661
2 712
1 1419 394855679
1 750 574007856
1 2281 390720753
2 2120
1 1839 781564599
2 1473
1 2321 123696183
2 2269
1 2381 181561618
1 1418 202080956
1 797 646602687
2 333
1 1564 695306729
2 1726
2 427
1 2791 793201981
2 1573
1 826 389509745
2 2721
1 2986 627383443
2 175
2 867
2 301
1 2245 562572076
1 259 419775192
1 2750 779810765
1 860 60394474
2 2806
1 2415 204006055
2 583
1 1613 646524913
1 222 333418900
1 1820 754081337
2 1972
1 885 812684694
2 1089
1 1450 382994209
1 514 843915291
2 2715
2 88
1 1649 563125539
2 1332
2 139
2 1009
2 1584
2 1601
1 2909 921421515
2 1883
2 2672
2 292
1 141 653506877
2 1333
2 2248
1 589 613408598
1 666 809444732
1 2966 500210615
1 2968 435618988
2 1644
2 1258
2 2948
2 1000
1 163 4223469
2 2682
2 648
2 1009
1 2395 833604171
2 728
1 702 957374264
1 2416 163711561
2 1660
2 2204
1 2160 712039647
2 2744
1 2279 704757761
2 1120
1 2026 246020645
1 2479 796995509
1 1661 980172776
2 606
2 1916
2 1398
1 96 176285655
2 1200
1 1621 811243925
1 740 481363887
2 2823
2 1871
2 2981
1 2993 620229205
2 1741
1 367 261591028
2 1008
1 1269 87489552
2 1888
2 2295
1 1928 191699550
2 1408
2 2324
2 2571
2 81
1 570 814197229
1 199 612011251
1 980 174892730
1 1597 593498442
1 1803 56007142
1 1404 441943892
2 325
2 1128
2 2481
1 1155 981255736
1 1542 400725513
1 1811 704832708
1 1583 154629381
2 757
1 658 619884669
1 2195 300164953
2 1187
1 1043 52895921
2 291
2 880
2 1285
2 2158
1 2523 120855666
1 1169 717002998
2 1677
2 134
1 1962 983574758
2 1981
2 1723
1 1621 621648084
2 1581
2 2033
2 318
1 2723 254022396
2 91
1 495 754371491
2 2240
1 1042 232840051
2 664
1 1611 552684373
1 2071 2891574
1 785 780518603
1 2805 856830982
2 1230
1 1804 509869754
2 1324
1 2220 405314702
1 2878 925016820
1 1613 13051107
2 1592
1 2350 23482328
1 2977 283047478
