10 100
4 10
1 4
5 7
6 4
3 4
4 9
4 8
4 5
2 5
2 1
2 10
1 1 572955305
1 10 505789588
2 7
1 4 139298211
2 8
2 3
1 3 204617072
1 9 677608293
1 7 209227833
1 6 387931196
2 5
2 8
1 1 960512904
1 7 723065181
1 1 628472618
1 4 898004384
1 10 205421169
1 2 396123117
2 9
2 4
2 1
1 6 245928559
1 3 413836026
1 9 307206623
1 7 34235948
1 6 26119080
1 4 350404519
1 9 421467733
2 3
1 1 751348261
2 4
2 10
1 6 72913028
2 9
1 3 873842721
1 3 107662814
2 10
2 4
2 8
1 3 517372789
2 1
1 4 108264588
2 7
1 6 795779747
1 10 60811727
1 10 868630858
2 3
1 2 732873971
1 4 588413628
1 6 221814010
2 4
2 7
2 10
2 9
2 2
1 7 907198144
1 7 833914897
2 8
1 3 740076534
1 1 649361258
1 1 413259327
1 6 41030885
1 9 513656473
2 10
2 1
1 1 521693918
1 7 598506777
2 1
1 5 234517185
2 2
1 10 251509654
2 7
2 2
2 3
1 4 643211858
1 9 929120837
2 9
2 7
1 3 324287286
1 8 546760263
2 10
2 2
1 9 195819340
1 7 166631440
1 2 386622400
1 9 56113686
1 7 808214596
1 5 915583700
2 10
1 9 551496436
2 9
1 4 134603978
1 5 762656243
2 7
1 10 161899468
1 6 701647023
2 10
1 5 540276440
