2 100
1 2
2 1
2 2
2 1
2 1
1 1 630520372
1 2 525971057
1 2 748592262
1 1 420941618
1 2 287190875
1 2 174768528
1 1 989339219
2 2
2 2
1 2 878842508
1 1 457173053
1 2 322637344
2 1
2 2
1 1 361382046
2 2
1 1 47825391
1 2 497258379
2 1
2 1
1 1 877880248
1 2 186751970
1 2 933175349
2 2
2 1
2 1
2 1
1 2 877557694
1 2 403891060
1 1 57918362
1 2 798234924
1 2 274903381
2 1
1 2 954406822
2 1
2 2
2 2
2 2
1 2 540408278
2 2
2 2
1 2 942326295
1 1 943253353
1 1 498564603
2 1
1 2 107657343
2 2
1 2 685342988
1 1 964911430
1 2 469509146
2 1
1 1 800453793
1 2 831962819
2 2
2 1
2 2
1 1 973254751
1 1 393706233
2 2
1 1 521182896
1 2 818012528
1 2 341467488
1 2 959583489
2 2
2 2
1 1 437899327
1 2 175401187
1 1 65954243
1 1 860328866
2 2
1 1 584934067
2 1
2 1
2 1
2 2
2 1
2 2
2 2
2 1
1 1 472456572
1 2 736338707
1 2 167135597
2 2
2 1
2 2
2 1
1 2 704620832
2 1
2 2
2 2
2 1
2 1
2 2
2 1
2 1
2 2
