3 100
2 1
3 1
2 1
2 2
2 1
1 2 278780443
2 2
1 2 31561702
1 2 191151439
1 3 936107270
2 1
1 3 74951840
2 2
1 1 45467067
2 3
1 1 986536213
2 1
1 3 626562632
2 3
1 3 417617438
1 1 508485385
1 1 320656946
2 2
1 1 382995400
2 1
1 3 402236910
2 1
1 1 960466131
2 1
2 1
1 3 280327525
2 1
1 2 14741430
2 1
1 1 567735643
1 3 859546773
2 1
2 3
1 2 975415310
1 2 554286546
1 2 936453329
1 2 832980413
2 1
2 1
2 1
2 1
2 2
1 2 15755097
2 1
2 1
1 3 639888088
1 2 252388576
1 2 896493429
1 2 986716997
1 3 106591974
1 2 177448126
2 3
1 3 119861677
1 2 99492680
1 2 856371542
2 1
2 1
2 1
2 1
2 2
2 1
2 3
1 1 301152437
2 1
1 3 742564018
1 2 33634709
2 3
2 2
2 3
1 3 464960024
1 1 436811030
1 1 503864593
2 2
1 2 322500924
2 3
1 1 375807645
2 1
1 2 422648534
2 1
2 3
1 2 756390145
1 2 467036309
1 3 755630106
2 2
1 1 925286094
2 1
2 1
1 2 454905550
1 1 23115175
1 2 580888400
2 2
1 1 114312058
2 3
1 3 837543496
1 1 168416739
1 1 454843568
1 1 355544171
