3000 3000
1935 2201
444 2082
2659 1935
2 656
1935 2148
644 444
2266 2179
1935 1908
1935 438
2808 1935
1935 1799
1822 656
2512 1935
1935 2904
444 272
444 2118
1935 70
444 1755
1935 1207
1208 656
2447 1935
489 1935
446 1935
1540 1935
444 706
1935 192
1935 1668
1935 1201
612 74
2263 1935
1935 2169
1935 888
758 1935
925 1636
74 177
444 2541
1935 95
378 1935
1935 2490
824 74
2856 656
1146 1935
1935 228
1497 1935
1391 656
656 642
2648 1935
376 656
1788 1935
2661 1935
822 1935
1935 2821
788 487
2626 1935
579 1935
2903 1935
444 2409
1935 1937
444 1768
1935 1096
1935 1849
444 2384
1858 1935
1678 444
1935 1074
1935 1865
1835 1935
1935 986
2938 2266
834 1935
1643 636
1935 680
2838 656
645 1935
1935 1040
1935 890
656 703
1935 1626
1766 1935
2093 1935
1059 1935
1935 2871
114 444
508 1935
444 463
243 1935
2811 656
1935 346
656 1328
855 1935
1459 1935
2373 1935
1935 2495
326 1935
656 1599
1898 444
409 1935
2398 1935
992 1935
1695 444
4 444
1234 1935
1935 2999
1935 2518
2284 1935
2860 656
1935 1745
1466 1556
641 444
1938 444
1632 1935
1935 928
1483 656
444 53
142 1643
2269 1935
444 472
2076 1935
444 837
1935 60
1935 2080
656 423
581 656
1362 1935
444 2189
790 444
575 1935
444 2060
1935 1993
1692 1935
1935 1651
1935 540
444 1264
1181 656
1935 649
2584 1935
1806 444
2266 462
444 1107
444 1025
656 1889
444 116
1382 444
1935 1431
1935 240
656 2749
1935 827
1935 2663
929 1935
672 1935
1095 444
2533 1935
1935 2326
1935 1666
1935 2229
444 1461
481 788
1935 288
2964 2266
66 1935
444 2530
2463 444
313 1935
682 444
185 656
74 1506
1801 1935
1935 2232
2680 444
2026 1935
363 1935
1657 1935
18 444
656 158
74 2472
1935 576
1935 2701
1009 897
1935 104
380 444
1200 1935
248 444
1935 1005
892 656
1893 1935
1947 1556
1935 73
656 237
1609 1935
1935 1577
1935 64
802 1935
74 1525
788 1169
1935 949
244 444
1258 1935
1935 1057
1367 74
883 444
1045 656
1935 2893
819 444
444 101
1379 1935
91 444
213 444
1935 506
869 1935
453 1556
2083 897
1172 2266
1935 852
1901 897
2556 1935
1765 1935
1935 2660
1432 1935
633 1935
2936 1935
1935 2111
111 1935
444 1665
897 2167
788 1399
885 1935
1935 1793
1935 801
1398 1935
566 444
2757 656
635 656
1935 2847
656 1811
656 1744
444 2925
17 1935
486 656
154 1935
966 1935
2214 1935
444 381
1935 184
1450 1935
1741 444
1038 1935
734 74
662 1935
467 2266
2397 1935
1000 1935
1935 2474
1935 2930
2919 1935
1966 1935
1935 356
980 444
2451 1643
1556 526
444 2970
2576 1935
656 2941
656 2338
656 2585
1935 1471
1137 1643
1935 1228
444 174
412 444
1445 1935
1373 74
2855 925
1935 810
50 1935
1935 1503
656 411
444 58
105 1935
656 1437
656 130
769 1935
371 2266
2266 812
1935 1118
914 1935
444 2561
482 444
209 1935
1351 656
74 2898
2070 2266
1935 1218
1935 2863
2670 1935
391 656
1935 2636
830 1935
1935 109
1441 897
656 6
1935 1345
656 1746
2784 1935
1235 925
1935 1509
1935 1353
2613 444
74 1428
1629 444
1935 1563
1935 1825
1935 1841
1659 1935
1935 1675
897 1078
444 80
1697 788
655 1935
1935 194
1935 2839
456 656
143 1935
2538 444
1935 155
444 1093
2266 2069
2804 1935
2266 1418
444 2423
110 1935
2471 444
1935 2554
1935 2877
988 1935
2250 1935
656 2510
1129 1935
1935 1613
670 1935
1935 2359
2718 1935
1935 1932
1611 1935
2266 671
1935 1366
828 1935
1935 2256
1935 25
2066 1935
2266 2416
2487 444
2858 444
1227 1935
416 444
2895 2266
1935 1753
1592 1935
167 1935
1935 2005
1935 2361
1222 1935
1614 444
1957 1935
1935 2113
444 961
2698 1935
1935 2037
444 124
444 1492
1241 1935
1647 2266
2781 1935
1451 444
755 444
1935 2468
1935 435
2162 444
1935 2150
1998 2266
815 1935
2266 187
1935 658
222 1935
1935 880
2266 1969
444 39
444 2368
1935 1198
1935 2552
925 2096
317 1935
460 444
1935 530
1775 2266
2704 444
656 690
1576 74
1767 656
1502 1935
807 1935
175 656
74 295
1935 2340
1935 2632
1935 1719
2818 1935
444 960
1935 1017
2200 1935
1935 2992
656 1607
2955 1935
1826 1935
1935 1397
1935 738
1290 1935
2266 2944
74 1662
1935 164
1075 444
2507 1643
1935 32
2885 1935
1833 444
1033 1935
1097 656
444 730
1935 2161
444 1014
1944 444
2778 1935
603 1935
444 426
1935 2268
1935 2417
1935 2835
2266 294
2848 1935
1935 1869
1935 1294
1935 1756
1935 1989
656 2064
444 2520
1935 1813
2414 925
1132 1935
656 2077
444 242
1935 1342
74 2646
444 2183
1935 844
1298 1935
717 74
897 2793
1676 1935
2800 1935
897 115
1935 2957
257 1935
444 2697
1935 2061
571 1935
87 1935
383 1935
1935 2864
1935 1883
1935 1114
1935 2574
656 1259
524 444
1820 656
2723 656
1179 1935
1935 1187
444 2502
843 656
788 2489
1838 1935
444 2142
2500 1935
510 788
1935 1409
1935 332
1935 2422
1303 1935
1935 1997
1242 1935
444 250
2213 1935
673 1935
1935 1504
2266 2686
1935 498
1973 1935
7 1935
2206 161
829 656
301 444
656 2240
1935 2978
621 1935
1870 444
74 2257
1407 2266
74 1649
1498 444
2923 1935
788 520
2953 444
444 128
396 788
1935 981
2473 1935
1935 1121
444 2739
2712 1935
444 532
1935 1317
979 1935
795 444
656 1832
1935 2796
656 783
74 1472
444 2198
444 126
2291 1935
2334 1935
1689 444
2058 897
311 1935
1935 2596
656 799
444 1752
1910 1935
1935 2253
2202 788
2834 444
656 932
264 1935
1935 1774
1935 1812
1935 2909
1935 2745
1152 1935
2580 444
656 2363
600 444
2168 444
786 1935
1935 616
1846 1935
1935 1106
90 444
1935 2653
1128 1935
841 1935
153 444
444 1684
2997 1935
2266 1175
1935 1354
702 1935
1935 1902
1322 1935
2281 1935
141 1935
1935 1559
2926 1935
2907 1935
1593 656
2789 2669
2266 1986
2205 444
2459 1935
1151 1935
353 74
2354 1935
74 308
625 1935
2266 1769
1935 2586
1935 1155
1166 656
444 1314
2592 1935
1972 1935
661 656
1068 656
2822 1935
2916 1935
1935 82
1935 1999
447 788
1240 444
1935 714
2149 1935
2266 2826
656 1024
2780 1935
962 1935
1643 1935
230 1935
656 2829
656 1706
1935 1358
1344 1935
1065 1935
1486 1935
1243 2266
1935 999
1935 2601
2458 1935
444 386
537 1935
2517 656
1935 560
348 1935
2832 1935
1935 239
794 444
1417 1935
879 1935
315 1935
2170 74
630 1935
1935 2243
1935 1229
2041 2266
1279 444
2456 444
2440 1935
1935 728
61 1935
1935 125
1083 1935
1935 2769
1935 246
2878 444
1586 1935
444 2702
2190 444
2412 1935
656 2264
1935 11
1848 444
1935 1837
626 74
656 1733
1111 1935
894 1935
2466 1935
1935 596
534 1556
533 444
1935 972
2090 1935
1935 676
1311 444
1052 1935
656 1430
1935 559
1935 2455
821 1935
656 2844
1935 493
2204 1935
47 1935
1458 1935
2279 656
2643 2266
444 2814
1935 1330
1162 656
1935 2332
2236 2266
716 444
1803 1935
1935 586
2886 444
1935 1199
2124 1935
825 656
1935 2390
2433 2266
654 444
2233 1935
2306 1935
568 1935
1935 631
1935 1325
1935 1863
1935 551
1935 2287
1965 1935
1935 2067
1935 1164
891 1935
361 1935
1935 1971
656 1144
656 2435
2973 1935
245 1935
2210 788
478 656
444 2296
2319 74
1829 74
985 1935
444 287
1935 1566
421 656
1780 2266
2852 1935
2312 2266
444 1274
1935 2444
2635 2266
656 2297
1935 1510
1297 1935
656 1880
2119 444
444 715
1935 1956
656 322
1935 710
873 2266
1935 2362
444 147
71 2266
1935 1805
1935 2290
444 1513
604 656
444 98
2315 1935
1935 989
1935 1368
2979 1935
656 592
444 352
444 2937
176 1935
2402 1935
2088 1935
2266 1935
656 2254
897 2379
38 1935
1935 2894
1935 202
2617 444
1935 686
2486 1935
444 2039
1406 1935
2935 444
638 788
2031 444
2734 656
444 614
21 2266
76 1935
1232 1935
2262 656
74 976
1273 1935
1935 2730
444 1116
1449 444
832 1935
1935 2323
2706 656
444 263
2040 1935
1935 2840
2424 2266
2442 74
2671 656
144 1935
444 1479
1269 444
656 2030
43 1935
444 2535
656 1736
656 2927
444 1967
1935 920
1935 2387
925 876
2135 656
2972 656
1935 1861
1935 2221
1935 2035
1935 2065
1595 788
444 1877
1261 444
1844 444
1935 860
444 225
2241 1935
316 1935
746 1935
2132 1935
389 656
656 947
2266 2772
656 2731
490 1935
995 444
1935 1364
656 1394
2266 69
1022 444
1935 970
2072 1935
2392 1935
1935 1625
1935 1578
444 2177
1355 1935
1935 2537
1304 1935
925 868
444 1412
1935 83
444 1778
1027 1935
1855 444
1569 1935
689 897
1935 1001
1935 2830
417 1935
369 2266
871 74
1184 1935
1935 2581
1935 688
1935 1601
1462 1935
1935 742
1420 444
1935 1067
939 74
444 1278
925 901
444 1804
444 2159
1935 552
172 74
444 1496
656 106
1935 554
2726 444
1935 1734
74 931
2853 1935
1935 1705
444 2356
1935 903
2175 2266
956 656
1903 1935
1823 1935
1935 2896
273 788
2370 897
1935 1743
1935 2109
2172 897
1010 1935
2193 1556
996 1935
1920 1935
1935 48
1896 74
1334 1935
1935 863
1935 2850
1935 1047
1935 443
835 656
848 74
1006 2266
1935 2513
697 1935
2171 444
1935 1086
2652 1935
1935 1336
1935 488
587 656
1925 1935
2602 1935
2357 1935
2115 2266
309 1935
1011 656
1935 2112
2139 1935
474 1935
2961 788
1948 444
1935 2622
1143 1935
1935 1138
444 2272
444 2634
1783 1935
444 374
1935 2260
2823 1935
656 1850
1751 897
1935 78
1935 1501
1935 1573
1935 1476
1935 2738
2185 1935
1935 2242
1548 1935
2219 444
2488 1935
1935 2238
444 1262
656 1236
2174 1935
656 1511
1785 444
2081 656
1798 1935
444 1332
1066 444
1935 1905
444 120
2987 2266
2333 444
1369 1935
1231 2266
1935 779
75 2266
1935 362
1360 1935
19 444
2960 656
1935 725
2395 656
2685 444
1935 79
1935 1714
444 127
2985 1935
1935 2483
1165 656
749 1935
469 656
2388 1935
2302 2266
656 2492
1335 656
444 1036
2526 1935
1170 1935
1176 1556
444 652
444 896
1708 1935
1935 1800
2153 1935
781 1935
220 1935
2948 444
407 1935
2043 1935
2573 444
2042 1935
797 444
52 1556
1935 744
788 1935
1935 253
30 1935
2765 444
1350 1935
1935 2882
2084 1935
897 538
2933 788
1660 444
2758 1935
1372 2266
444 1789
1935 1292
639 1935
1762 444
1935 1605
495 1935
444 1856
1556 1580
1935 107
762 1935
74 465
1935 2715
1935 173
1619 1935
987 656
2199 1935
2266 2278
2629 1935
2266 1319
539 1783
1935 622
74 909
693 1935
1935 492
1810 1935
1935 2588
736 444
2645 897
1935 1532
1326 1935
2761 1935
722 1935
2779 444
2358 1935
2482 444
2504 444
1935 1452
1248 192
1455 1935
444 1715
1935 191
1935 77
2234 2266
1935 504
788 2140
1935 1545
1077 1935
2477 1935
1003 2266
2434 1935
1935 94
2676 1935
432 788
826 1935
1935 2887
1935 217
1935 1685
1935 1687
74 768
1935 1395
74 1936
1935 2218
2791 1935
2597 1935
444 484
108 1935
1935 1728
656 1537
1935 2690
1935 935
1071 444
1389 2266
1935 1004
994 1935
831 788
2511 656
1935 2695
1935 969
2280 1935
1935 266
2092 1935
1935 1062
444 2298
2178 2266
754 1935
2975 1935
1346 444
1935 1930
1935 1505
2266 1565
2377 1935
1935 1102
2266 327
1935 930
1935 1737
1935 2572
1935 2215
1044 1935
1422 656
1935 2931
2865 1935
159 656
656 515
1935 2728
444 2386
2259 897
302 1935
2011 656
1365 1935
1654 656
2819 656
2590 444
269 444
1124 444
1935 2628
656 1759
1935 942
1935 2644
444 1247
444 1572
2266 2028
1935 2630
1935 557
1935 1954
2683 1935
1935 1630
1935 941
2004 444
399 1935
2006 2266
1935 2478
656 1101
2122 444
1935 1582
1935 1026
2770 1935
1935 1528
726 1935
1935 867
2266 390
1664 1935
296 1935
1284 1935
897 1494
1935 1884
2993 1935
1935 413
224 1935
1935 1845
2742 1935
2266 427
292 1935
444 2452
1935 2562
395 444
1935 1299
1935 1271
546 656
590 897
1935 156
656 1167
444 1730
2789 1250
1935 2699
1935 2050
1935 1792
788 632
1935 431
1935 102
2677 444
1935 2396
2934 656
1935 2557
1474 444
1996 444
1935 2127
2266 637
927 1935
1935 2691
2427 1935
849 2266
1959 656
2714 1935
74 1378
475 1935
656 1950
1935 1338
1935 2033
1935 1919
2299 1935
444 541
788 895
1935 1042
1150 1935
1761 656
2705 1935
2266 1742
656 2806
74 1935
1935 2696
265 1935
74 2790
444 2294
2017 788
1935 1693
975 1935
656 2403
2266 646
1935 347
2598 444
2145 444
1935 698
444 1386
1935 704
444 2571
906 444
1935 2016
1935 2419
1860 1935
34 444
384 444
1935 2123
2266 1388
1935 2897
2624 1935
1935 1453
157 656
444 2310
212 1935
1977 1935
1935 862
656 823
444 808
1808 1935
1935 2920
1935 23
74 1007
1935 196
1935 1710
2125 444
444 2786
1473 444
137 2266
605 444
211 1935
1935 1859
656 2249
820 1935
788 1618
444 1876
1935 1339
915 656
2351 444
1935 971
2981 444
1347 1935
444 1686
1679 1935
2747 1935
2958 1935
656 103
1935 1491
2051 161
1935 168
1935 255
2777 1935
954 444
1935 2194
1935 1781
1591 2266
1935 139
1935 1
290 1935
2756 1935
1516 1935
2266 193
667 444
1645 788
2425 1556
1159 1935
1935 1481
1935 1475
1943 1935
298 1556
1512 925
897 594
1556 2946
129 444
2383 444
74 1223
1935 838
1935 343
249 2266
74 1624
2764 1935
2755 444
444 2681
2496 1935
1935 750
788 2381
444 182
1023 2266
1935 2579
2729 1935
2859 1935
911 656
1122 444
1935 2689
1976 1935
1935 1536
451 656
444 674
2453 1935
1747 656
2003 1935
2266 507
656 14
1935 1748
1935 2932
1935 404
88 656
1408 1935
286 1935
656 2097
613 1935
1935 1194
1935 2091
1935 2609
1935 2901
2606 1935
788 2524
1777 1935
1802 1935
2674 444
897 2515
2105 1935
1935 514
1866 444
444 1204
2141 1935
624 788
1935 1534
1935 2320
1935 743
1935 1359
1653 1935
1935 2548
1935 1061
1851 1935
1935 2827
1935 1652
74 585
118 656
898 444
595 1935
2073 444
2369 656
444 1988
1935 2815
1305 2266
2331 1935
1935 2103
444 1316
1935 262
2439 1935
74 2078
16 444
2668 444
2625 1935
1723 1935
656 1147
444 282
1935 653
444 503
1561 788
745 1935
1402 1935
1309 1935
2353 1935
2391 1935
2292 656
2816 1935
2329 1556
1914 1935
1935 2542
2266 1750
444 68
1935 771
1460 444
2503 1935
2156 161
100 444
542 444
788 1361
160 1935
656 206
656 2642
1935 1183
1301 1935
270 444
2266 1732
1574 656
1935 1897
2869 1935
1816 1935
798 444
1915 1935
278 656
1935 1427
444 2493
545 1935
1935 1444
372 1935
1935 800
444 1018
1189 1935
562 1935
889 444
1935 2336
1935 1735
444 1627
656 219
2009 2266
163 656
1713 444
2744 74
1935 577
1935 2857
283 1935
2120 1935
656 902
2266 509
444 907
2614 788
1935 1945
281 1935
1935 1404
444 521
1935 1962
2305 1935
1935 1621
1324 1935
678 2266
74 1749
1935 1016
1443 1935
2164 1935
444 1327
1935 2059
2679 1935
444 26
1935 2094
444 1815
1935 651
1935 2283
2266 2666
1076 656
1615 1935
2623 656
1935 1797
2888 1935
2460 788
74 2498
402 444
444 601
1935 2126
1935 2763
2615 444
2915 656
1935 724
756 1935
2266 695
656 56
1403 444
444 813
998 1935
1935 1994
2089 788
2727 1935
788 1079
1935 454
444 1594
2824 1935
1255 1935
805 1935
2595 1935
2212 444
74 329
836 444
1556 2355
1935 215
96 1935
2906 656
2619 444
1935 360
2248 444
583 1935
788 777
2825 1935
897 1790
1633 1935
1935 1637
1935 132
1935 1467
122 2266
1935 1139
2087 444
1419 2266
847 444
1935 1230
1192 1935
444 1886
656 1508
1935 2339
2762 788
656 1313
1935 685
1935 2766
2247 1935
1935 1109
2986 1935
2181 1935
1935 589
430 1643
1105 656
1935 1285
1050 1643
37 1935
656 393
656 1872
49 1935
1935 679
788 1963
1019 656
444 1669
1935 1447
1935 1562
2711 1935
1312 656
444 277
444 1103
1935 1650
606 1935
1935 502
260 656
1935 529
74 1438
57 74
254 74
379 1935
1935 2421
1935 1787
1935 925
1935 291
394 1935
656 2497
1935 483
664 444
444 338
1643 561
1964 1935
1015 2266
811 1935
2577 444
1935 2724
925 666
1244 444
444 1058
1935 1141
1425 1935
2266 2378
753 444
2529 1935
2114 1935
1935 2867
1039 1935
1935 2651
74 2465
1935 2107
1568 1935
647 1935
761 1935
2525 1935
1935 2536
2754 1935
2501 444
2266 2593
1935 1904
2741 1935
1935 234
656 700
1935 1922
1935 643
1935 2773
1819 74
1070 444
74 859
634 1935
1935 1899
444 342
2667 925
788 2328
444 1254
444 1239
1847 1935
696 1935
235 1935
2449 444
1935 2062
1935 397
1935 2998
2633 444
2266 1487
656 2000
1935 208
1100 1935
1515 1935
345 1935
2553 1935
2608 1935
444 923
1935 2910
1564 925
1935 1535
2266 2155
2805 925
1091 1935
444 1955
2971 74
1935 1356
1935 1655
997 1935
444 2407
656 1610
444 459
1029 1935
93 2266
444 1411
842 1935
2106 1935
1935 2875
2803 2266
1414 444
401 1935
1282 1935
444 2523
1935 1490
123 1935
1295 1935
788 2374
1376 897
1161 2266
752 1935
2192 1935
656 1862
1935 1772
2266 2918
1828 192
656 2307
2692 444
2966 1935
1935 1275
1526 1935
74 1671
656 1879
2208 1935
648 1935
1935 1252
1935 2235
747 1935
1935 2018
1935 261
1640 2266
2348 2266
2300 444
2549 1935
1935 1493
1935 455
444 1974
1935 782
299 444
582 444
337 444
1935 1158
1393 1935
518 1935
763 1935
501 1935
497 2266
1935 1556
2008 2266
1935 1098
2485 1935
1935 2639
444 303
1133 1935
2321 1935
1935 2191
656 226
2099 656
2258 656
289 788
2753 1935
1935 1985
74 440
1935 2367
1935 314
1935 2277
74 1622
355 1935
444 2565
656 2314
527 2266
2266 1541
1795 1935
444 1185
759 74
2428 444
321 1935
2599 1935
877 1935
1935 152
74 1882
1134 74
1291 1935
444 188
192 2029
166 656
2293 444
1321 656
1935 1547
2266 2317
656 112
1935 1721
864 1935
444 81
1935 336
1929 1935
1935 657
1606 2266
1942 74
723 1935
1935 2956
385 1935
2266 162
1935 640
1935 1690
1396 444
1935 2514
1935 2129
2266 2467
1935 861
1935 1112
1978 1935
1725 1935
656 719
433 444
865 444
806 1935
1935 2303
1935 2694
720 1935
1935 2902
1935 1117
1701 1935
2267 2266
2266 2231
656 319
1935 1575
1514 444
1935 2128
1171 1935
925 1546
1500 788
74 2594
444 2182
2102 444
2376 656
2266 2980
1935 2086
1935 2227
2991 1556
1935 882
1643 1579
444 1154
2687 1935
818 656
1935 1608
1935 1773
1935 445
656 748
1935 2589
1935 1197
444 1413
1935 2737
1600 1935
1935 1495
1935 2612
2684 74
663 444
2012 444
377 444
1935 2350
392 1935
2721 444
444 2049
1267 1935
788 1981
333 2266
2534 1935
89 1935
1935 1400
563 444
1935 701
2405 1935
2266 2963
444 574
712 1935
2394 2266
1935 1405
1935 1468
656 669
1643 2360
788 2146
1940 1935
1935 2203
665 444
1935 2144
2438 656
2176 1935
2990 1935
656 1589
925 1558
24 656
479 1935
1935 2799
1935 1429
513 897
1935 2216
691 1935
1935 1256
1935 161
2508 1935
1287 1935
656 713
444 485
1935 387
2929 1935
2454 1935
1935 2604
1935 2464
444 318
1553 656
1048 1935
121 656
442 656
1935 2415
74 2188
1935 2337
1549 1935
1935 2251
1380 444
1557 1935
1913 925
444 2469
444 2318
444 957
1935 1120
1935 429
2007 1935
788 2116
1478 1935
729 1935
1935 578
1878 1935
1935 410
2740 1935
15 1935
1069 1935
3000 1935
1834 2266
1935 2801
1935 2917
809 444
656 236
1935 2104
1415 444
1556 523
683 2266
1935 1090
2558 656
591 788
1935 1570
1556 2121
516 1935
2448 1935
2406 1935
788 2833
1210 1935
1046 2266
444 1531
2266 2154
1911 788
2063 444
684 1935
620 897
1935 1433
2001 1935
2195 1935
1791 1935
2266 1711
181 656
2055 656
2052 1935
444 2134
517 1935
444 565
359 1935
1935 2788
1935 2044
444 324
1190 1935
1935 306
608 656
444 950
2309 1935
908 1935
1682 444
944 444
788 511
2255 444
2662 1935
1935 2187
2720 1935
1887 1935
1935 1634
1935 2025
494 1935
2610 656
656 2673
1935 1456
2736 1935
2266 328
320 444
444 46
572 1935
480 1205
136 444
1738 444
444 1524
1935 2222
656 1683
205 1935
444 770
74 1375
1935 1892
2693 444
656 1786
804 1935
1935 223
1935 2100
2654 444
1935 233
444 2133
444 1916
444 1377
2461 444
796 656
131 74
1935 2138
36 1935
1072 1935
656 938
619 1935
1935 775
74 1885
1935 1031
339 1935
1935 473
2607 1935
1935 1008
1935 419
1935 2843
1935 522
1935 330
1935 2341
1935 276
444 2982
1935 2845
1935 1094
1935 2879
1935 280
1424 1935
953 1935
656 694
2914 788
1237 1556
1499 444
444 145
1935 200
2767 897
2411 1935
2600 74
610 444
1935 2543
1935 2637
1871 788
656 1982
2266 2131
2900 1935
1556 2071
491 1935
444 1571
958 1935
444 2842
1946 897
2797 1935
2760 444
1935 602
1084 444
1110 656
1125 1935
2343 444
1935 434
179 74
1935 853
1935 1225
268 897
2034 788
2771 1935
444 2245
444 1864
2531 1935
1935 1130
2922 1935
1935 1740
1115 656
1935 1035
1935 735
2074 2266
2014 1935
1935 1949
1935 1757
1935 2349
1188 1935
1935 2143
74 29
1935 85
1935 2304
656 721
1603 1935
444 2649
993 444
444 2874
1053 1935
925 1867
1935 1644
1935 1507
627 788
1935 354
1935 1257
1935 350
444 1463
1935 323
444 2924
656 933
1935 2481
340 1935
1307 2266
1852 444
1935 1616
1935 2470
899 1935
1935 1323
656 2301
305 444
2266 2539
2872 1935
444 918
74 2768
1720 2266
331 1935
2540 1935
656 866
444 528
2820 74
74 42
656 1446
1698 656
991 444
1935 1667
1638 444
1935 2220
1288 1935
1935 279
1935 2751
1731 788
1933 1935
656 1520
1268 1935
1935 1931
2443 1935
1935 2404
1935 2366
904 1935
1724 1935
1136 656
926 1935
444 2352
1935 2308
444 846
284 74
2868 444
59 444
74 573
1333 1935
247 2266
2678 897
990 656
1935 2641
293 444
921 1935
1935 1081
444 1082
2244 1935
444 1694
1935 439
1935 2408
146 444
656 1680
1935 2032
656 1296
74 2509
2951 656
444 428
2261 1935
1935 982
656 1219
1554 444
2393 1935
1663 1935
2330 1935
2750 1935
444 135
1935 1729
656 2566
2266 2976
2905 444
963 656
2266 675
556 444
444 2943
1935 2230
1935 623
444 787
1935 1874
792 1935
140 444
1088 1935
231 1935
444 1206
1034 656
2876 1935
444 133
1935 1550
444 500
974 1935
1935 63
444 2400
977 444
2266 766
1935 422
2209 444
1935 2275
727 1935
2047 656
74 2969
1249 656
1935 2582
656 681
1935 2631
1935 1968
2246 1935
12 1935
656 2605
1935 1216
408 444
1935 2732
1935 1318
1935 2854
1935 2703
444 2345
466 2266
1935 2101
1013 925
1935 1341
1935 1770
1935 1357
2282 656
1935 1784
656 461
959 444
2499 1935
2431 656
1935 2270
165 1935
1178 2266
218 1935
1935 2325
1935 2015
656 2841
74 1992
2311 1935
1935 1970
2165 656
1224 1935
366 1935
5 656
1935 2912
1145 1935
1935 2968
2846 1935
2266 183
1935 241
1935 2327
656 2186
1935 1484
444 2881
2611 444
1842 444
1935 764
1302 1935
1935 1276
2516 1935
1935 2983
1935 656
1935 2098
1722 444
1060 74
444 2555
925 1238
2252 656
2494 656
1935 1658
2110 1935
2491 1935
1477 444
1935 984
444 536
444 1839
965 444
1401 1935
1935 1900
1935 946
1935 660
45 444
444 948
978 1935
1051 656
444 2228
845 444
92 1935
444 2475
444 229
1935 1306
2266 951
444 2289
1935 420
1935 2913
398 656
444 776
656 2410
444 1830
857 1935
86 1935
285 444
656 252
2457 1935
2056 444
656 1149
1935 774
1277 656
1935 760
1935 368
2266 2322
448 788
444 851
900 1935
2892 1935
1868 1935
458 1935
1381 1935
1530 925
1840 1935
499 656
656 1028
1935 1203
2479 74
2239 1935
1374 1935
216 1935
1470 1935
1211 444
204 1935
2462 1935
1939 1935
2380 1935
1935 2157
1935 450
656 964
444 2550
2048 1935
1160 2266
2207 444
2950 1935
940 444
1935 629
656 618
1935 2285
2974 444
1935 1469
2371 192
1935 1439
2184 1935
2638 1935
444 2891
1135 1935
2266 1002
31 1935
1099 1935
1935 2342
919 74
2266 1220
1935 2675
1935 180
1935 2940
2136 444
2010 788
444 1529
2575 1935
449 1935
878 1935
2522 444
405 1935
1620 444
9 2266
2563 74
2085 1935
1935 1489
312 444
1935 97
1935 718
1935 33
1935 1202
334 1935
2108 1935
1556 1217
1935 1934
444 65
1935 886
1935 922
2163 1935
1935 2713
1935 917
444 2295
1935 2945
1935 2521
2413 1935
444 2583
2657 2266
1935 1315
1975 1935
547 444
1935 1371
1935 452
1935 1246
952 1935
656 1991
1672 1935
1435 444
549 1935
1935 1480
1935 967
1416 1935
1935 1881
2021 255
1935 400
732 1935
1127 1935
2567 1935
555 1935
444 1677
1935 1142
2002 444
2436 1935
2266 2437
1935 611
1796 1935
1544 1935
2286 444
2401 2266
470 1935
2647 444
1308 1935
2545 444
2710 1935
1935 854
1602 444
1363 1935
580 1935
1642 444
2880 444
788 2158
2266 548
1935 1539
195 74
2665 656
2836 1935
2225 74
1836 444
444 2365
1123 444
1716 656
897 955
1935 1265
2266 134
2484 1935
1935 1348
444 2837
505 1935
1935 2476
1522 2266
2532 1935
2313 1935
816 788
2959 2266
1209 2266
2265 74
2224 1935
2147 1935
2274 1935
170 656
656 2019
1533 1935
1935 1457
2137 255
1935 232
2939 1935
74 151
1340 1935
2748 1935
656 424
221 1935
656 464
1935 910
1935 28
656 1119
1891 656
1935 1140
1064 444
1935 2949
897 785
1283 1935
531 444
1370 1935
1442 444
1628 1935
656 1631
444 2130
1935 415
1215 2266
1085 74
2266 1927
444 1928
2266 2866
1935 1699
1935 51
1935 1488
238 2266
444 2389
1935 1426
692 656
256 1935
656 2505
1390 1935
444 607
615 656
1935 2288
2911 1935
2587 656
1712 2266
512 1935
1527 1935
788 2708
2578 1935
1661 1935
1935 203
1952 897
1935 297
1935 705
444 875
656 789
2735 1935
597 444
1935 2057
1935 476
2802 656
2324 1935
1935 1245
1073 74
8 1935
656 418
457 1935
1286 1935
1935 2564
1984 1935
1935 1707
656 858
444 117
1935 2828
1583 444
1935 304
2810 1935
656 207
1935 1213
1935 1523
2908 1935
788 2725
1935 1331
656 2682
656 388
1700 444
2226 1935
471 1935
668 444
912 74
2890 444
425 2266
656 2965
2967 1935
2785 2266
444 856
1464 2266
40 656
1612 656
707 1935
1935 968
414 1935
2570 444
1581 444
2217 74
1935 335
74 937
444 1739
2013 1935
444 1760
2870 1935
1935 2794
1995 1935
1935 817
1935 905
650 1935
1906 2266
444 1951
1935 99
1289 656
201 1935
1935 570
2430 1935
2346 1935
2792 1935
1596 656
1212 1935
444 2817
325 74
2266 2962
2672 161
656 1854
656 2831
656 839
259 444
936 444
150 2266
1817 1935
1990 1935
2568 1935
1935 1054
2054 1935
1935 1961
1935 1617
2795 1935
480 1935
1180 1935
2921 656
1923 1935
2023 1935
1089 1935
1343 1935
1935 897
358 925
2335 1935
2883 1935
1567 1935
1935 1673
1253 2266
84 1935
1935 1410
1754 1935
2441 1935
1163 656
444 1182
1935 2560
656 2616
1890 444
251 1935
2266 2707
1935 2719
364 444
656 1454
1935 2173
1935 1281
2266 708
881 444
169 1935
444 1191
1935 1907
1935 1763
1935 1918
656 72
444 2889
656 2861
1674 1935
1126 1556
1894 1935
1935 349
444 2851
1935 10
1935 2399
1935 1895
444 872
2266 2759
444 544
186 1935
444 27
1814 1935
2036 74
382 788
1186 444
1293 1935
1935 1717
1935 558
1935 1771
44 1935
2266 1056
1587 656
1935 1585
1935 1604
617 74
1935 772
1055 1935
983 74
1924 1935
741 444
1221 74
1935 2664
1935 1623
1935 2862
2117 1935
2045 1935
2197 1935
1935 2223
2382 74
1935 2798
656 1349
1173 1935
197 444
2569 1935
1935 1434
1935 1691
119 444
656 54
2266 850
553 1935
1779 444
2787 1935
444 1542
1987 74
1821 656
1935 924
1935 814
1148 1935
887 1935
2551 1935
659 1935
444 793
1935 468
496 1935
1935 2928
367 1935
1935 525
2544 656
1465 925
2266 55
62 1935
1063 1935
1251 1935
444 2316
444 1807
1935 1384
375 656
1935 1280
1935 1824
2527 74
444 1440
444 1260
444 1310
406 1935
148 1935
1300 1935
656 564
1518 444
1935 1337
1935 1960
1935 1597
307 161
569 1935
2160 1935
1087 1935
2429 1935
1113 444
1266 1935
1196 656
2994 1935
1935 2627
1935 357
199 1935
656 2506
1935 1873
1935 1703
2266 441
1709 1935
884 1935
767 74
1935 2603
2266 1168
74 1809
271 1935
1935 2658
1935 2984
2420 1935
1794 1935
444 1670
2266 1776
1909 444
656 1764
1041 1935
656 737
1702 1935
344 897
656 1555
74 2079
444 1551
1423 1935
1935 310
1912 656
444 1049
1935 550
765 1935
2027 1935
656 2954
656 1270
656 1588
2988 1935
1935 1517
22 1935
1935 1560
2068 444
2038 1935
1935 1857
2266 2022
2789 1935
1935 2024
598 444
1935 2812
588 444
2266 2743
1935 373
2046 444
1935 1718
1193 74
1935 1012
656 2271
444 1020
656 609
2620 1935
1704 1935
778 444
1681 1935
74 341
1935 1387
1935 2783
1935 1875
1888 656
788 1782
1935 1177
1538 1935
1598 1935
1935 20
897 1108
656 757
584 1935
628 2266
1639 656
1935 2782
444 2849
945 1935
1935 2344
1935 1080
1935 1030
444 1092
1263 444
178 74
1935 2237
2650 1935
2151 444
1935 2942
1935 833
1935 113
943 1935
677 1935
1935 2716
2547 1935
751 656
3 1935
444 2618
1935 739
1935 2995
731 1935
1935 1157
1329 74
444 477
535 1935
1935 1021
1935 1941
1584 1935
897 2426
1935 2733
1656 444
1935 2276
1935 2952
2775 1935
1935 1519
733 1935
2385 1935
1935 1352
1153 1935
1935 2640
2196 1935
1935 1032
1935 2947
444 67
1037 444
1917 1935
1935 599
1385 656
1818 788
2432 444
35 1935
2899 656
2996 1935
1935 2480
210 1935
1935 190
1392 1935
1935 1214
656 258
1696 897
2266 2989
1827 1935
1635 656
1926 1935
444 1921
2809 1935
1383 444
2450 1935
274 1935
444 1980
874 1935
2347 656
2656 1935
1935 1174
1935 803
2813 1935
1320 444
2180 1935
593 656
2266 370
788 214
897 1485
444 1953
437 2266
444 1958
444 2546
227 2266
1935 2709
711 1935
1590 444
1935 1043
74 1758
1436 1935
1853 788
656 1688
2746 2266
300 1935
1935 2717
1935 773
149 1935
2884 444
1935 1648
1156 1935
2445 1935
709 1935
2655 2266
1556 2688
1935 13
365 1935
138 74
2266 2519
973 444
2559 897
934 2266
1935 913
1641 1935
189 1935
444 687
656 41
1935 1843
1935 2166
791 1935
656 1482
1935 2095
2273 1935
1556 2152
1935 2752
1935 2722
1935 2364
656 1979
2621 444
699 444
1935 740
1935 2591
2446 74
1935 780
2375 656
1983 1935
1935 870
1448 1935
1421 444
1935 267
1935 840
2774 1935
1935 2372
444 1104
1552 444
1935 1646
444 567
788 403
2211 1935
784 1935
1727 1935
1521 1935
1195 444
2807 1935
916 1935
198 1935
788 2776
1935 171
1935 436
656 1272
1226 1935
1831 1935
192 2053
1935 2873
1935 2977
1935 2700
519 1935
444 2528
2418 1935
444 275
1543 1935
351 1935
1233 1935
2075 1935
1935 444
1131 444
656 893
543 1935
444 2020
1726 444
2 898
2 1261
2 2181
1 79 805595739
1 2406 113559434
1 628 42343128
2 404
1 1609 260994226
1 469 764209767
2 2712
2 2656
2 1743
1 2407 29734266
2 1214
2 660
2 2477
1 989 343618309
1 2972 147836514
2 1666
1 2380 49388187
2 726
1 2335 153947539
2 900
1 476 422813287
1 1820 335220859
1 2029 372222303
2 2278
2 1779
2 1998
1 562 144421065
1 353 356917114
1 1209 450259350
2 1094
2 1885
1 2543 377820059
2 110
2 50
1 1129 250640723
2 107
2 304
2 2941
2 1815
2 745
1 880 209987431
2 2685
1 1616 7364501
2 1480
2 83
1 965 459093947
1 1030 863057923
1 1149 166042173
2 524
1 2770 344552685
2 2050
2 273
2 566
2 1855
2 2213
1 40 8383712
2 1900
2 1652
1 1090 658977802
2 1722
2 2580
2 2985
1 112 337807934
1 2956 693033523
2 2805
1 1445 349834426
2 91
2 798
2 399
2 1931
1 2377 405457034
1 1284 950690144
1 1969 459298078
2 1818
2 871
2 863
1 986 696228640
2 106
2 2764
1 1987 777469395
2 1011
1 2012 378191685
2 66
2 1665
1 1265 174633936
2 2249
2 866
1 2484 756827447
1 1190 603615963
1 2535 642418349
1 495 93331026
1 1590 744871318
2 2039
1 121 598605121
1 2240 122338052
1 2219 297748855
2 2109
1 406 889523558
1 2481 214565483
2 1802
1 814 129077448
1 2960 921177461
1 504 765559061
1 2369 218000573
2 579
1 2916 660474282
1 1874 778811988
2 544
1 1297 456909493
1 934 36674473
1 2566 235253695
1 1203 538431862
2 2387
2 204
2 166
2 2
2 2260
2 2896
1 1155 907170756
1 642 138547787
1 128 830802961
1 569 236680450
2 1848
1 492 344589987
1 2306 365363059
1 2569 514635456
2 468
1 1715 618423335
1 517 569235143
1 1518 547297739
2 2779
1 433 78995952
1 2981 602400617
1 298 883736474
2 1875
1 2536 601982519
2 2941
1 869 210500491
1 2265 696474253
2 867
1 2857 393614749
1 2153 564405856
1 732 805841754
1 2549 730306020
1 147 834700796
2 1755
2 2231
1 654 635463925
2 336
2 1910
1 2209 895541613
1 2251 619155674
2 1250
1 777 35648543
1 2686 601161972
2 1988
1 2109 952760780
1 846 712517216
2 949
1 183 145364740
1 333 928428028
1 2355 975908520
1 1169 349107549
1 434 359522323
2 2557
1 1899 320040335
1 1691 803038359
1 2098 62134925
2 151
1 1500 735612820
1 2165 572582829
1 600 618333807
2 544
1 2417 101090456
2 502
1 2601 854409183
1 2483 328322654
1 2023 651259743
1 947 201282183
2 1348
2 572
2 2266
1 506 141197508
1 62 442990502
2 540
2 63
2 2279
1 2959 675794552
2 1985
2 642
1 1161 434368140
1 1620 914923213
2 709
1 823 285606589
1 1484 368090535
2 1477
1 364 697230354
2 2306
2 2815
2 1070
1 705 193555519
2 1266
1 1421 485322354
2 1752
2 1840
2 1000
2 37
2 2391
1 2899 542885034
1 2794 785511832
1 460 221626068
1 1548 204835189
2 1031
2 540
2 936
2 1171
1 2078 436720208
1 1828 419948465
1 2445 64258223
2 1236
2 2325
1 59 724263167
2 298
2 1428
1 2926 963148740
2 865
2 851
2 1058
1 2749 505389978
2 1960
2 191
2 1004
1 2108 359351768
2 942
1 889 892281246
2 1306
1 2992 901051330
2 621
1 168 472789538
2 2984
1 604 742802336
2 2900
2 2633
2 2479
1 484 276514879
1 677 570704496
1 850 922009981
1 642 352281843
1 273 676108911
1 1647 945864615
2 2359
1 803 382857631
2 2490
1 2004 526312319
1 2919 317247848
1 2981 840344100
2 2558
1 98 44950416
1 2046 791347613
1 2186 476204568
2 493
1 732 253658065
2 1275
1 1085 152885304
2 2703
2 1472
2 1417
1 2166 243930082
2 1873
2 1736
1 688 611596342
2 2843
1 2061 60172801
1 379 714444500
1 674 757405169
2 1036
1 1336 628111939
2 2220
2 1681
2 228
1 1372 336848680
1 360 912999780
2 2742
1 524 335312337
2 334
1 658 239086880
1 617 629355939
2 1330
2 2567
2 2480
1 926 166573258
1 756 641655757
2 2853
2 2870
2 971
1 2119 852529022
1 1234 160319099
2 1384
1 333 102059048
1 2677 937556677
2 2737
2 2433
2 907
1 952 897832517
2 2742
2 681
1 1720 786672705
2 2019
2 1981
1 1257 942506893
1 1939 26294255
1 2968 620065840
1 1399 457859900
1 1903 453163946
2 1032
1 768 212273687
1 1267 427946299
2 2351
1 2230 628128445
2 2784
2 2553
1 2869 628576836
1 761 603876461
1 1016 414177862
2 2846
2 102
2 1880
2 260
1 173 15545091
2 2886
2 1982
1 1326 919730973
1 914 279719115
2 2577
1 299 996759193
2 1944
1 1383 444314113
1 1301 745780080
1 2906 488535399
2 2444
2 2978
1 2908 741274659
2 154
1 1270 474531178
2 699
2 2829
2 2239
1 1782 978479921
2 2496
2 1721
1 40 855011701
1 169 553725906
2 706
1 1616 299779506
2 601
1 2734 153220163
1 2191 182689937
1 244 456317285
1 1865 281212530
2 1732
2 985
1 2179 772332823
1 2659 98300748
1 2961 76469162
1 1227 321374195
1 2231 141062506
2 2319
2 1498
2 2953
1 2279 131275746
1 2328 64888867
2 87
1 2983 859592922
1 886 244183147
2 861
1 614 491289439
2 175
1 201 696426703
1 2602 150725296
1 406 111516640
1 1973 634549434
1 1915 11977794
1 2423 267546763
1 1307 360618724
2 1676
1 2866 7433433
1 1101 558123542
2 647
1 1249 643431236
1 1817 629671692
2 598
2 669
2 637
2 2134
1 1260 843962295
2 1278
1 2213 550857325
2 2691
1 1191 191983862
2 1510
2 2547
1 496 432465773
1 2450 267518774
1 2173 181558875
1 460 612837991
1 1470 467181346
2 2788
1 2657 539313873
1 27 959875347
2 563
2 1610
2 656
2 971
2 778
2 1441
1 2169 72558627
1 86 353621523
1 1505 17129080
1 1766 33511836
2 2338
2 1266
1 436 910064772
1 2736 640149208
2 2361
2 1673
1 2455 866589061
1 2122 129277192
1 725 341725279
2 2302
1 702 634370140
1 452 264006401
1 2172 239413615
1 2461 353997662
1 1775 544819920
1 2817 849704287
2 765
1 1514 881833269
1 2796 710957321
2 1160
2 1917
1 1455 501452816
1 3 389823253
1 533 821370243
1 1189 991722233
1 1000 988196610
1 1024 82273893
2 16
2 424
1 2096 217412644
1 2623 118114127
2 75
1 583 100949717
1 1220 700962833
2 1661
2 741
1 1775 473967112
1 2821 220053356
2 2319
1 612 36948992
2 1351
1 2720 12226647
1 1895 551758806
1 1173 150004555
1 701 231652632
1 2176 455010812
2 60
2 979
1 280 795753759
1 552 73043462
1 2696 416186593
1 168 342343734
2 2661
2 2483
1 2426 946097477
2 5
2 1972
1 1702 297762705
1 2579 723361415
2 2331
1 2850 552618533
2 1595
2 1204
2 1427
1 1095 931162211
2 2374
2 1244
2 1599
2 663
1 2482 561289688
2 660
1 1538 308049757
1 211 549648102
1 339 101727048
2 342
1 882 105883283
2 2655
1 1970 705595204
1 703 288925215
1 739 2213363
2 1660
1 1606 238351769
2 202
2 2996
1 1742 633799567
2 1584
2 2191
1 625 827907183
2 2157
1 949 919570451
1 806 428044553
1 42 295272339
2 1046
2 622
1 2710 665324454
2 1153
2 2768
2 2801
1 2018 94090059
2 2254
1 1361 563982213
2 1886
2 1576
2 732
1 817 336371127
1 1909 559282827
2 2611
1 2875 297577370
1 1772 737184335
2 2229
2 608
2 1030
2 2219
2 2301
1 1379 944952674
2 876
2 1905
2 2421
2 674
1 1090 551953358
1 2704 387764024
1 659 994443079
1 462 124709548
2 2477
1 540 309975001
1 2905 60941588
2 2391
2 1962
2 1908
2 475
2 2718
2 360
2 1542
1 1092 207749150
2 554
1 2082 941605452
2 794
2 664
2 1902
2 1464
2 148
2 2664
1 408 49072591
1 861 173369825
2 1276
1 436 679869958
2 2978
2 2753
2 2719
2 1794
1 2275 950164228
1 886 936623987
1 654 572875552
2 1642
1 2597 675051054
2 2765
2 1500
1 1788 949259470
1 741 432322014
1 696 398806566
2 1922
2 30
2 2896
2 1703
1 1637 606564467
1 1305 686664569
2 659
2 2181
2 700
2 2202
1 2232 610845504
1 2786 462081505
2 1997
1 540 347211931
2 902
1 177 533425849
2 143
2 1226
2 2888
1 154 661582434
1 1927 588326060
1 1392 627927176
1 2611 1624020
1 2679 399942687
1 2054 243827164
1 2129 703623878
2 305
2 2065
2 2887
1 928 73042386
1 603 995470862
2 210
2 2067
2 521
1 1393 347923301
1 2378 677278048
1 358 518945684
2 1855
1 954 426156692
1 2156 72999891
1 1537 574514534
2 2934
2 2360
2 1824
2 1857
1 336 112332812
2 531
1 865 166260519
2 301
2 1522
2 1147
1 2031 589518337
1 682 680342916
1 1957 146398562
2 2912
2 2380
2 2152
2 688
2 1885
2 1193
2 188
2 1851
2 1382
1 2400 808515379
1 2149 650807338
1 2332 802912175
1 2319 927186575
2 937
1 2578 236241618
2 2132
2 1983
1 2863 453204592
1 1985 728920456
2 2409
1 870 367874038
1 2266 616125986
2 2159
2 2819
2 1061
1 342 571336684
1 1237 13571281
1 569 903909147
2 2341
1 2904 288084110
1 670 780163031
2 2539
1 2692 735974990
1 1950 637780873
1 1764 57249489
1 1832 181986829
2 2686
1 981 74978469
2 651
2 223
2 760
2 1010
1 2282 899896978
2 2600
1 180 579565960
1 1084 55593129
1 1471 691555052
2 635
1 1234 235220357
1 1423 195837939
2 1506
2 853
2 1379
1 353 264096543
2 79
2 1664
2 2830
2 1590
2 1807
1 1305 493956347
2 709
1 2526 835166409
2 1637
2 426
2 615
2 1739
1 955 133210762
1 1392 898656764
1 966 791307771
2 1126
1 356 393659103
1 380 7433756
1 584 337781745
2 1993
2 713
1 1220 384009889
2 983
2 540
2 2383
1 145 170209065
1 2435 559919355
1 1915 515203869
1 2710 717177258
1 2321 146969819
1 1966 287570605
1 2836 205178459
1 466 380080922
2 2804
1 997 993205775
2 2091
1 1691 803190234
2 1841
2 2331
2 2272
2 622
1 2360 21443213
2 1751
1 669 973297164
1 348 459413527
2 184
2 699
1 355 189784908
1 1592 719638296
2 2680
1 2334 990034818
2 716
2 2787
2 1480
2 313
2 416
1 2113 64438964
1 2896 818077287
2 1419
1 1483 722607789
2 1468
2 229
1 2495 13859881
1 2099 435188373
2 1246
2 1369
1 810 470662436
1 1684 339659199
2 1401
2 1825
1 416 72852595
2 1446
1 2121 222084412
1 2487 25143888
2 2366
2 939
2 1511
2 2320
2 2832
2 1684
2 1862
1 1237 21688961
2 2874
2 2867
1 1719 112828771
2 580
1 2825 595144918
2 856
2 2286
2 1182
2 2761
2 2783
2 1644
1 1753 602612274
1 182 883011941
2 1662
1 1301 344695573
2 2774
2 2894
1 1697 286531933
2 794
1 2545 78492075
2 2451
1 1240 467112208
2 887
1 2150 81782445
2 499
2 806
2 332
1 2704 631572471
2 650
2 1193
1 1870 539764624
1 1114 323070211
1 1221 747987342
2 1255
1 2844 351988060
2 1441
2 2342
2 509
1 61 944682734
1 2821 472068689
2 957
1 1415 183035903
2 927
2 2774
1 659 57133346
2 1078
2 2807
1 1347 170435500
2 1319
2 835
2 2029
2 242
1 1772 308759447
1 1839 281272708
2 2687
1 877 121472100
2 2975
2 2324
2 244
1 1729 998496560
1 139 391739340
1 171 902237291
1 736 97185102
1 1703 604102671
1 1302 125224840
1 830 991815535
1 1293 640590361
2 2142
2 1283
2 1142
1 1582 653992085
1 2453 450506366
1 2512 392470754
2 260
2 1027
2 667
1 2351 546474527
1 473 675138233
2 2082
2 1448
1 392 435294710
2 649
2 1955
1 2675 310373248
1 875 144015666
2 2722
1 2873 824431359
2 1941
1 2648 497794688
1 1815 205800541
2 2406
2 2714
1 1073 813128177
2 497
1 1197 231236024
1 2653 528227429
2 2837
1 1786 872207276
1 2007 159218266
2 2811
1 2445 611030902
1 2555 890512861
2 977
2 1188
1 360 696202784
1 2357 376365547
2 314
2 2312
2 2217
2 1897
2 2376
1 134 795003272
1 1782 923694061
2 1699
2 2466
2 2180
1 2753 662127229
2 1673
1 437 56948920
2 156
1 2104 844881051
1 2118 332028417
2 2858
1 819 505228023
2 1438
2 2075
1 844 818771342
1 715 995008710
2 2842
2 762
1 796 144668383
1 112 663075498
1 2670 317399073
1 588 506537293
2 382
2 60
2 871
1 2714 508368058
1 268 837231862
2 637
1 193 168399065
2 1022
2 1432
2 2252
1 2098 219422972
2 1553
1 1988 132391512
2 2550
1 1044 245327417
2 2868
1 828 38061038
1 2724 426727208
2 822
2 2026
1 2296 392699856
2 1285
1 1954 392246555
2 1449
1 1333 204311953
2 1337
2 590
2 2687
2 2363
1 2238 620886628
1 2261 811835036
1 2929 434458123
1 1302 558377651
2 124
1 2589 921986454
1 2524 572724335
1 1207 421257583
2 963
2 1552
1 638 146792653
2 1498
2 922
1 2213 820503523
2 196
2 1168
2 1367
1 1510 233131300
2 1268
2 1445
1 1605 905025993
2 187
1 2641 590986652
2 1361
2 2063
2 2891
1 1268 937696784
1 1056 66695808
2 15
1 1480 853286051
1 8 123865385
1 36 211896759
2 115
2 2122
2 379
1 8 883632715
1 1725 191659895
1 1112 32749389
1 2226 441322442
2 645
1 1441 603548654
2 2693
1 571 504500987
1 159 526394412
2 1032
1 1918 461792098
1 1699 641386274
1 2198 450211236
2 2369
1 1823 405795328
2 2495
2 1216
2 829
1 2269 445847196
2 2941
1 1443 266665050
2 601
2 1747
2 3
2 2158
1 1278 336763300
1 2576 21518071
1 549 78474688
2 2119
2 2994
2 2901
2 2553
2 1932
1 1093 608740742
1 1930 896616621
2 1004
2 693
2 903
1 1496 64743442
2 2684
1 133 829579686
2 2311
2 197
2 2366
2 1871
1 1492 35094525
2 1077
1 376 92976264
1 1525 113687032
2 190
1 974 894799447
2 1549
2 553
2 1339
2 1177
1 1486 844661912
1 1518 86259235
1 1677 685117870
2 2886
1 998 131728716
2 2517
1 2024 517044830
1 999 644517488
1 1635 202247578
1 51 158915408
2 646
2 778
2 250
1 175 596928147
1 1861 114645610
1 41 390343760
2 1121
2 2286
1 814 142018963
1 2651 529325865
1 61 438904427
2 626
2 2782
1 1810 123171464
2 2876
1 2077 982902943
2 23
1 517 93089243
1 1538 475829011
2 856
2 1557
2 1206
1 2262 117327530
2 1008
2 2804
1 1939 613115526
2 1283
2 2477
1 2518 963544352
2 2551
1 698 995798289
2 1411
1 471 497615637
1 2024 893542244
1 2508 514433347
1 2715 485917533
2 2316
1 2648 407261967
1 1811 69486202
2 2714
1 2341 167065875
2 2775
1 496 111576017
2 2991
2 337
2 1317
1 2932 447659430
2 2430
2 1744
1 1074 770666471
1 1482 650768156
2 2801
2 2200
2 320
1 929 73689497
2 2516
2 2859
1 2678 549460802
2 797
2 199
1 1637 106609797
2 93
2 940
2 142
1 721 928500243
1 364 905585725
2 747
1 882 795283355
2 1083
2 454
2 1249
1 55 781766619
2 653
2 1545
2 1096
2 398
2 1236
2 2591
1 2009 250178042
2 1722
1 1082 635540596
2 2814
2 1191
2 2989
1 859 144208127
1 65 659012513
1 609 63778855
1 2635 887420739
2 786
2 1479
1 403 953166647
2 1659
2 1204
1 906 702544790
2 779
1 499 109389995
2 1122
2 1167
2 2390
1 2739 20863501
2 594
1 2354 811123980
1 1531 825141702
1 2007 488260870
2 2052
1 1681 320528394
2 1884
2 79
1 799 890552177
2 638
1 978 445931133
1 2777 117743869
1 1827 582857970
1 1760 278333080
2 992
1 1667 926636534
2 983
2 1400
1 29 413992211
1 36 877211515
2 1042
2 278
2 317
2 586
2 1876
1 972 624515523
1 2879 883867340
1 803 110860205
2 2516
1 1232 760479910
1 2589 245828755
2 2214
2 2153
2 388
2 2665
1 673 124936444
1 2940 905362451
1 2864 108341979
2 1333
1 2811 404401390
1 1442 312133683
2 2052
1 248 40724974
2 2857
2 1597
2 1608
1 2590 824582238
1 180 171110879
2 194
1 1974 539570895
2 1150
1 2255 423513056
1 818 658826679
2 1620
1 2299 838413752
1 2803 175608656
1 1283 946945537
1 1461 237065153
2 1742
2 2957
2 1742
2 1159
1 1273 946222202
1 2620 292130959
1 2145 880130430
1 1197 241883659
2 12
2 1277
1 1788 657678781
2 28
1 737 146312519
2 2001
1 1942 407422520
2 2648
1 1985 904809229
2 2028
2 2103
1 2510 921197674
2 2599
2 1534
1 62 960907682
2 465
2 562
2 1820
2 1371
2 2192
1 1622 180567242
2 2254
2 139
2 2972
2 394
2 2712
2 89
1 1757 17132976
1 2681 547460104
2 892
1 2209 994414994
2 1428
2 2426
2 2188
1 893 473966929
2 535
2 42
1 2034 749440638
1 1706 27189822
2 962
1 1055 813251739
1 1073 759791800
1 170 946480906
2 1843
1 77 159250345
1 2651 236229549
1 1330 773001703
1 2603 966955391
2 1339
1 876 564338734
1 2075 141546511
1 770 711038587
1 1845 277633043
1 1844 713302197
1 2475 713462079
2 66
1 2746 299917895
1 2351 278426843
1 2171 572011830
1 1168 851233617
2 245
1 1702 989068513
2 2177
2 2929
2 1229
1 2949 987715882
1 2589 226549136
1 2457 752317278
1 1679 443138055
2 1948
2 2462
1 2363 587529909
2 673
2 273
1 2813 216853104
2 78
1 1327 704665368
1 2498 450278674
1 990 74087967
1 1267 104961543
1 1944 796244339
2 566
2 2196
2 355
1 664 440634961
1 859 251304173
1 1251 515904049
1 2613 597379099
1 1622 966195937
2 791
2 2214
1 1474 337404251
2 1709
1 82 325625753
1 1753 931174193
2 156
2 2797
2 432
1 1126 191549240
2 2360
2 2640
2 1593
2 2843
2 210
1 1608 478490624
1 2410 407027534
1 992 913069170
2 2863
2 606
1 764 662147020
1 1435 748881161
1 2786 266588591
2 1330
1 2482 954299438
2 2045
1 1169 256827790
1 888 689351238
1 445 302463786
1 2756 972188421
2 95
1 62 122733514
1 2010 432166045
1 1169 322564712
1 707 64076941
1 729 615767574
2 1112
1 1850 646172732
2 1949
1 1208 31011711
1 2797 667920645
2 2688
1 22 356250522
1 518 661296161
1 208 455453414
1 1591 578743265
1 2447 922649058
2 2530
2 1070
1 1963 983583693
1 2062 235368817
2 632
2 103
2 2263
2 430
2 2504
2 840
2 2302
2 110
2 755
1 265 744904747
1 405 997573756
2 1400
2 411
1 2839 420151816
2 1357
1 1489 79003047
2 2850
1 2753 912084965
2 2931
2 1397
2 2480
1 620 146754437
1 1377 459849672
1 2818 923436733
1 1216 966040079
2 601
2 76
1 1322 335660673
2 2097
2 212
1 2342 222187331
1 2452 709237255
1 2055 156190090
1 853 364254780
2 2308
2 2905
2 1217
2 369
2 2912
2 1809
1 1147 85225042
1 464 766856368
1 1998 910682965
1 2902 212714951
2 980
1 2990 715610319
2 136
2 686
2 1175
1 900 331844857
2 1044
1 1083 89745165
1 852 742626479
1 2486 460426258
2 963
2 2052
1 1758 372298643
2 525
2 2162
1 748 16008912
1 2668 369193235
2 2932
2 1698
2 2767
1 2466 971348882
1 1061 392824691
1 2002 682742644
1 1114 791450346
2 2576
2 2412
2 2370
2 2275
2 2976
1 2632 587803514
2 879
1 1907 110092662
1 2521 565673435
1 639 220855731
2 2796
1 2225 982855828
1 568 117401597
1 2769 589113090
2 2333
2 2215
2 972
1 1586 376071530
1 469 233192193
2 93
1 2344 46941550
1 707 1665684
2 1999
1 2667 40317327
1 580 363006198
2 1423
1 2262 679994237
1 2522 19082253
2 2162
2 2952
1 527 210912935
2 322
1 1186 185729971
2 353
2 2924
2 1218
1 2368 232244791
2 1955
1 1681 501101614
1 2510 503696629
2 1747
1 2355 325973874
2 360
2 2786
1 2782 909532182
2 265
1 247 740474399
1 1818 768543760
2 121
1 536 679346767
1 1687 919059709
2 1980
1 1047 221119583
1 1723 529753836
2 1229
1 1049 448277887
2 79
2 60
2 1746
2 2066
1 885 113415157
1 628 20971420
2 2941
1 1919 651516701
2 1009
1 1544 406229746
1 286 342745959
2 120
1 941 628960251
1 2192 661552346
2 2011
2 2895
2 1681
1 2273 481459406
2 1949
1 545 247944226
1 688 87341525
1 2290 905455
1 1497 560537542
1 867 200600978
2 786
2 2257
1 2601 729065187
1 1785 999907384
2 554
1 2741 553386600
2 1595
1 1102 952675167
2 631
1 491 663997619
2 559
2 625
2 429
2 2395
2 299
1 2683 67200327
1 2732 953483270
1 2210 947503185
2 33
1 2908 842072591
2 1958
2 1392
1 2229 254461328
2 430
1 2514 281687468
2 2689
1 2729 259562357
1 2335 922184198
2 1038
1 830 107555413
2 2771
2 2610
2 903
1 2916 496985022
1 1172 741324660
2 2076
1 641 97436803
2 2033
2 1033
2 136
1 1731 668313524
2 852
2 20
1 981 920908915
2 745
1 484 334399767
2 281
1 685 834371025
2 819
2 2518
2 1035
2 1391
2 1515
2 1378
1 319 94086804
1 2196 916639189
1 2297 13493689
1 1636 871633243
2 1742
1 2091 847770706
2 2824
2 2237
1 470 776828553
2 719
1 192 810766024
2 41
2 1183
1 1221 908949255
2 260
2 2712
1 615 648056831
1 625 582921199
2 2979
1 2704 511541516
2 625
2 1624
1 370 580469400
1 1032 443630963
2 2584
1 2054 966824315
2 2718
1 2612 513939221
1 1494 540190767
1 1863 636641958
1 852 672352141
1 2285 907818409
1 1514 482878843
2 88
1 723 555221524
2 840
1 1739 93581899
1 1141 763037638
1 758 963343994
2 1989
1 1320 988940582
1 2402 417379097
1 2237 407592469
1 2768 850851933
2 2890
2 1933
2 1004
1 2945 417144630
2 2318
2 2032
1 288 563714714
2 1830
2 790
2 2730
2 158
1 2293 144986083
1 2055 963394135
1 1916 94512390
1 1326 348779687
1 2772 716810233
1 674 691506993
2 1814
1 754 957813418
1 12 62767564
1 341 104627971
2 2522
2 1546
2 1567
2 441
2 2294
2 401
2 1960
2 347
1 2108 853885211
2 2983
1 57 221224511
1 2941 918126242
1 2795 280981816
1 495 665641377
1 957 291109572
1 1269 516025921
2 2469
1 337 566101459
2 2806
2 1051
2 1241
2 855
1 1981 411393831
2 2958
2 2529
2 1394
1 1679 639782281
1 365 748507006
2 2483
2 212
2 2780
1 16 430141934
1 2042 84169735
2 2445
2 729
2 1278
2 2005
2 152
2 13
2 2550
2 1332
1 2269 159707433
2 613
2 2129
1 2631 586497140
1 2495 773334743
2 1722
1 2188 245087909
2 2721
2 542
2 2840
1 2929 616261315
1 7 3415236
2 620
1 231 634158079
1 61 844280715
1 2492 731284668
2 1818
2 372
1 2225 695571924
1 1575 778221328
1 2818 309079879
2 1983
2 1891
1 2153 648387896
1 84 787201658
2 1636
2 2772
1 2873 423667347
1 1627 831629558
1 660 129416607
1 1890 679175915
1 130 38483425
1 1176 83218032
1 2435 339423464
2 2093
1 1938 394681033
2 380
2 2586
2 1820
2 155
2 2151
2 1597
2 2511
2 811
1 1822 491923315
2 2155
2 1516
2 902
2 2390
1 1251 387211182
2 2525
2 89
1 2516 327733318
1 1068 891743823
2 1311
1 2782 142230586
2 2920
2 2026
2 1946
2 325
1 1907 317101889
2 2981
1 557 16311121
2 71
2 2686
1 1587 239347503
2 2521
1 2683 384752886
2 372
1 228 211725252
2 955
2 1467
2 2461
2 2979
1 1037 37221526
1 1838 234413470
2 491
1 730 226156397
1 1036 325149575
1 813 49060083
1 447 129937316
1 1164 700848579
1 1497 244223392
2 520
2 371
2 1491
2 2258
2 169
1 2895 419425456
1 1906 494914984
2 1104
2 78
1 2207 666316595
1 2641 279003857
2 593
1 1834 419913897
2 897
1 2734 53346242
1 694 645672197
2 674
1 2609 633908096
2 808
2 1251
2 737
1 47 957238275
1 652 363063230
1 1268 480073158
1 1582 411181079
1 2349 120636806
2 1603
1 2452 186335984
1 971 599619359
2 2980
2 1096
2 1998
1 1111 390187443
2 2438
1 2156 957318203
1 1510 890338929
2 1651
1 2835 62942881
1 1036 322536258
1 2775 463222852
1 1918 895073995
2 2103
2 1855
2 557
1 1211 96780333
1 1056 536087612
2 2923
2 218
2 2415
2 2050
2 479
1 732 836205772
1 686 935928632
2 1149
2 2712
1 683 688219857
1 1757 565955480
1 283 55963481
2 774
1 740 436115532
2 1263
1 2613 671393752
1 78 542954930
1 915 955369620
1 1387 713892613
2 2469
1 216 916299960
1 1723 77182855
1 2354 708033951
1 2699 424834080
2 384
2 1246
1 1268 717109592
2 99
1 2463 66368724
2 1714
1 2594 317157233
1 379 33966076
1 2778 556742861
2 239
1 2531 33715727
1 1447 443593973
1 1224 40381708
2 1220
2 2913
1 1551 630362417
1 157 553655259
1 2729 261085302
1 1042 72262370
1 2614 76938418
1 403 111329322
2 2293
2 666
1 682 178116032
2 806
1 2408 505558622
2 758
2 1353
2 1998
2 2079
2 1568
1 424 443105773
2 455
1 1005 591875263
1 1280 777733902
1 492 704780397
1 2554 161999236
1 1742 200352416
1 679 171934517
2 2155
1 2115 75433157
1 1660 446957227
1 348 832956189
2 1233
1 2979 995799191
1 653 633607661
2 1018
2 2422
2 973
1 465 903636854
1 1357 581711540
1 940 752540241
1 2083 174822460
2 254
1 770 547046628
1 2468 333473925
1 2144 700958290
2 2693
2 543
1 2688 94425651
2 6
2 2316
2 836
1 769 16918728
1 1592 592277947
2 396
2 155
2 1968
1 2143 764481960
1 2203 406282913
1 547 409255482
1 327 129198520
2 1439
2 450
2 2124
2 1559
1 2936 367326278
2 2550
1 2129 760989712
1 2545 213207831
2 2903
1 1304 515886735
2 231
1 2255 180915447
1 1269 706152738
1 2015 171192204
1 2033 145525009
1 1386 553325801
1 1589 211761220
1 2315 816653904
1 1886 938585803
2 228
1 2496 922371399
1 1601 158940951
1 2055 662242903
2 1134
1 2115 596418630
2 1356
2 2907
2 2361
2 998
1 256 916228405
2 205
2 2751
2 68
1 2711 28730647
2 731
2 2465
2 2415
1 143 227672343
1 1718 363308899
1 2672 782172400
2 292
2 1304
2 2071
1 2246 388328291
2 1305
2 168
2 1198
1 1500 73970604
1 2196 830670243
1 2032 748370937
1 227 103269502
1 1037 991914548
1 2493 172065365
1 815 163163703
1 2496 256041739
1 1591 205232297
1 1745 755234030
2 716
1 2234 515435170
1 71 3970431
2 279
1 1086 904514330
1 485 537777412
1 2267 126910828
2 1580
2 1277
2 2919
2 2407
2 2009
1 928 142874383
1 626 321375014
1 1123 352773559
2 298
1 2008 631600657
1 549 928214748
2 2618
1 207 48335979
1 1506 517544072
1 1890 610548299
2 467
1 309 537243437
1 2766 152041068
1 823 96091305
2 2193
2 748
2 788
1 1303 261223822
2 1516
1 2568 130668145
2 44
1 2295 716229241
1 472 494621181
1 1418 754992718
1 2187 422698258
2 660
1 283 16021796
1 1191 44807455
2 2108
2 2226
1 2962 861711167
1 2917 438846381
1 2370 246822986
1 2588 848387098
1 755 137657388
2 411
2 456
1 2817 526000207
1 9 136781454
1 1136 511028302
1 2379 271426385
2 2763
2 1205
2 1921
2 1109
2 689
2 2458
1 1021 741343292
1 1250 660341724
2 1644
1 1446 724384196
2 2618
2 1044
2 2643
1 2982 740916768
2 528
2 2937
2 1232
1 2568 174852889
1 2371 788683028
2 1250
2 715
1 1057 112921450
2 2636
1 2324 362085767
2 1821
2 2399
1 1814 144231896
2 2521
2 1276
2 5
1 867 596848645
2 685
2 483
2 956
1 182 236228040
1 2923 262544560
2 2313
2 263
2 313
1 1080 211050466
2 2143
1 2948 532015910
2 2454
1 853 627441572
2 1421
2 2416
1 368 621207660
1 1927 991577657
1 443 18425430
1 465 903575566
2 2242
2 1161
1 770 586221358
2 548
2 516
2 846
2 1235
1 143 77046049
2 1195
2 1377
2 1093
2 1749
2 1632
2 2256
2 1585
1 2719 228378979
1 2014 71569495
1 2058 542182401
1 1455 399568251
2 104
1 2366 391383605
2 2486
1 1001 779491194
1 1942 467729431
1 1101 949635494
2 2718
2 1437
1 1342 852333146
1 2394 615304970
2 2582
1 269 488614556
1 2174 177713344
1 963 450068195
1 2248 792463242
2 1464
2 2955
1 1271 25233242
2 2985
1 2136 594041750
2 1963
1 1243 64629689
2 1146
2 884
2 2178
2 519
1 2082 989604826
2 206
2 2383
1 2920 702058515
2 1921
2 2604
2 1693
1 670 476116440
2 1293
2 449
1 1213 422534998
1 286 387554843
1 735 707144130
2 347
1 2737 163969520
1 1319 202805340
1 2436 587369129
2 2324
2 1960
2 598
1 1303 388748883
1 2228 78251510
1 1423 127258225
1 2124 753840391
1 2579 573462731
1 1467 57417418
1 132 654879695
2 2965
2 2316
2 1121
2 1082
2 849
1 1885 843398637
2 232
2 178
2 2581
2 2072
2 2199
1 623 499522892
1 2616 596151871
2 2308
2 2959
1 575 805340579
2 641
2 1760
2 1167
1 2687 71924781
1 661 394842402
1 2899 548215357
2 1922
1 2470 882501727
2 1980
2 494
1 2286 699190878
1 2014 421766005
1 1059 480954584
1 870 433538449
2 2108
2 704
2 1801
2 901
1 2485 748861130
2 1439
2 1661
2 448
1 73 721731328
2 282
2 419
2 176
1 160 26775431
1 101 322018563
1 1021 128079402
2 251
1 419 54711992
2 1862
2 1646
2 194
1 1082 398112976
2 2866
1 518 227725852
1 2042 147576418
1 1142 578357104
2 1504
2 2907
1 734 179753827
1 790 338508062
1 2154 344542223
2 573
2 2890
2 2660
2 1770
2 1159
1 2943 10124500
2 431
2 248
2 1507
1 1283 5117800
2 2312
2 1518
2 2356
2 1208
1 2295 334896124
2 855
2 1955
1 2410 266274818
1 614 262909165
1 218 377435241
2 557
2 1980
2 2227
2 2914
2 2610
1 194 513986010
2 720
1 1510 720177656
2 2541
1 1038 621600555
1 1108 911571191
1 747 346844416
2 337
2 1509
2 538
2 1223
2 2344
2 33
1 2983 322456156
1 1854 817405640
1 2691 294149306
2 383
1 2678 463608895
1 279 251024081
2 783
1 2360 286125170
1 2309 588349673
2 246
1 1500 459927950
2 2178
1 1647 141742322
2 2737
2 1535
2 2294
1 746 981377241
1 1373 499344456
2 1775
1 1594 978116964
1 449 942908031
1 1049 637674657
2 1706
2 2214
1 2225 749106856
1 1775 410472198
1 1007 146477733
2 2785
2 2974
2 1096
1 2139 641313834
1 1875 958440430
2 2373
2 239
2 366
2 658
2 33
2 1052
2 301
2 232
1 697 487256334
1 936 462014190
2 2167
1 1906 717754827
2 1518
1 1917 923954791
1 1187 885955211
2 640
2 2624
2 2469
1 1175 86476741
2 2401
2 703
1 2375 511093641
1 1168 294080886
2 1454
1 1132 342145266
2 2176
2 1239
2 1165
1 144 916553701
1 1542 963294635
1 584 893890819
1 2478 152288451
2 546
1 189 57995683
1 947 214595992
2 2318
2 499
1 2492 186624720
1 1252 797974299
1 433 641220443
2 1715
1 2999 842326783
1 1893 833520642
2 946
2 1180
1 2349 738450235
2 2481
1 2131 586568595
2 1603
2 2033
1 1385 199763216
1 1042 545243055
2 1276
1 90 907940719
2 1209
1 151 438653567
2 397
1 2781 810813271
2 945
2 1769
1 2497 816611323
1 1536 755648559
2 2815
1 1136 808443762
1 972 930744852
1 439 656473562
2 2978
2 1755
1 163 907099535
2 2970
2 1966
2 2458
1 1507 99233281
1 1074 963847685
2 1509
2 1882
1 2319 987311972
1 1993 805619102
1 929 513433188
2 2870
2 341
1 961 39682876
2 773
2 1746
2 2400
2 762
1 2924 819933705
1 2624 551369584
1 21 616260685
2 623
1 1246 113913528
1 1317 985583459
2 831
2 999
1 1801 217046184
1 2059 249189563
1 910 729440226
1 2766 267036055
2 659
2 2015
1 690 97947967
2 1603
1 2290 536517674
2 451
2 2530
2 170
2 2542
2 1419
2 2769
1 1162 371322959
2 1836
1 721 822924629
2 293
1 2406 101401348
2 1540
1 3 460888899
2 1913
2 2541
2 1337
2 665
2 627
2 2188
1 1821 409631367
2 1018
2 1925
2 537
1 324 692139253
1 1071 468701022
2 2621
1 1704 689663386
2 2775
2 1388
2 2190
1 865 811424499
1 1761 285981748
1 2908 173995876
1 1823 276672213
2 2349
2 1667
2 1051
2 649
1 1422 700331535
1 937 899828142
2 2444
2 220
1 734 289798514
2 12
1 1283 506746472
1 1793 232269480
1 2501 386914455
2 89
1 1443 256662672
2 1439
1 2302 906755511
1 2759 582569082
1 2831 127189521
1 296 456223711
1 2944 49136207
2 1154
1 2914 890808860
2 1354
1 2999 586643108
2 397
1 241 444757862
2 1537
2 2851
2 745
1 2677 951867814
1 1186 693992531
1 1773 709614686
2 2793
2 2301
1 2696 62508328
2 1407
1 2512 31777277
2 592
1 2329 976586428
2 1635
2 1047
1 493 723821088
1 2735 177275825
2 1425
1 1658 683221730
2 2836
1 2745 340216204
1 260 652585987
2 2578
1 468 333027755
1 297 878112310
1 1611 51249420
2 2891
2 926
1 174 379765117
2 2938
1 1821 883097606
2 870
1 2098 834424466
2 2145
2 1068
2 31
1 1028 7188874
2 2074
1 2866 595590511
1 1958 161918557
1 2085 880905951
2 20
1 2562 180353641
2 292
2 1100
2 1573
1 1957 154183129
1 1854 276128042
2 995
2 217
2 814
1 1102 264074841
1 2706 962240806
1 2294 438924454
2 360
2 450
1 601 310958845
1 1195 458533047
2 2317
1 618 344720102
2 1976
2 2802
1 1047 349326872
2 284
2 2930
2 763
1 809 248431963
2 1441
1 2227 409551161
1 26 955895251
2 2573
2 1151
1 1543 937875047
2 2150
1 1381 587334576
2 2232
1 1309 139661642
2 546
2 2252
2 1768
1 1038 849820356
1 886 618083247
2 1933
1 1712 408074652
2 1072
2 2093
1 344 289733293
2 1231
1 535 943524597
1 2630 679283216
1 130 930360195
2 254
1 201 648599522
1 101 440843623
2 1868
1 282 207213206
2 2943
1 706 959132488
1 289 32949910
1 2644 137462698
1 2817 89783328
1 2343 785835615
1 2762 884907999
1 1945 245724746
2 1025
1 148 745158298
2 659
2 1740
1 308 504294029
2 2252
1 2454 415614679
2 2290
1 1910 531712077
1 943 573974921
2 2029
1 675 190817995
2 2333
1 2768 752125422
2 1874
1 2717 944168583
2 2364
1 1206 99893720
1 177 814654269
2 338
1 1271 526494242
1 485 174097929
1 1074 204974651
1 1704 796800950
1 1419 349992710
2 85
2 482
2 726
2 1829
1 2744 102883617
2 33
2 267
2 1048
1 1182 328674017
1 1116 256655317
1 2849 673309714
2 866
2 2826
2 2050
1 2748 250965941
2 637
2 2740
1 32 865435310
1 2101 10892963
1 1401 564879880
1 2487 636917267
2 2143
1 52 53691050
2 1894
2 474
2 147
2 2183
1 2580 134670697
2 2281
1 1932 860065738
1 2478 689023688
1 2181 494570904
1 364 594963752
1 2262 574553297
1 1497 316636811
1 2032 271436439
1 261 599577818
1 1979 132075616
2 1606
1 2134 894507871
2 484
2 1294
2 2278
2 1014
1 1092 982764461
2 2896
2 1590
2 283
2 1501
2 1733
1 288 678444518
2 1786
1 530 280698767
1 2742 630952231
2 538
1 2599 294705533
1 1331 574763953
1 1646 982700198
2 2972
1 2159 812288121
2 1874
1 1903 851065006
1 476 151424652
1 110 253040971
1 1295 353801958
2 844
1 2620 496318027
2 1480
1 606 228339785
1 151 460352070
1 880 805339887
2 330
1 2822 98299096
1 1675 468257386
1 1619 486977401
2 1832
2 731
1 2576 825815355
2 817
1 662 391443436
1 2403 231014412
2 2948
2 2532
1 378 380693464
2 58
1 2311 705807639
1 2217 92893751
1 342 658945461
2 1039
1 748 839502805
2 1321
1 1121 803824145
2 1814
2 1476
2 2155
1 2284 49219805
1 2679 24353666
1 2133 795464637
1 1775 5707413
1 2431 497298159
2 2780
1 61 270583026
2 2595
2 420
1 1629 859775498
1 658 838808895
2 2760
1 1193 851317164
1 1093 302812232
2 603
1 1020 275721508
1 1872 986324471
2 2580
1 1542 5435335
1 2071 308904361
2 1536
2 2069
1 1194 873581357
2 1760
2 1091
2 1360
2 196
2 1703
1 2984 931165426
2 1615
1 1356 918490994
2 2930
2 1273
1 1619 804701628
1 2535 826264277
1 2019 153298473
1 20 902538543
1 1694 663131465
1 453 546730273
2 2214
1 1236 398750121
1 1512 902863113
2 2443
2 2454
1 2207 406590137
2 2748
2 184
1 663 922815085
2 24
1 458 209676976
1 506 475574078
2 1923
2 308
2 2493
1 1951 369129510
1 743 622423501
2 551
2 653
2 814
1 1725 810880292
2 2774
1 2044 955672020
1 1326 30028499
2 265
1 1956 306548387
1 2011 8798804
1 2036 322415962
1 383 328058823
1 2160 93092136
2 2548
2 1872
2 1970
1 507 750260450
2 807
2 2414
2 780
2 1988
2 2776
2 1991
1 2714 998059785
1 2750 990947533
2 2461
1 2576 430473600
2 2887
2 383
2 1378
2 1591
1 2798 237243131
2 569
2 2310
2 1867
2 1803
1 2074 967413131
1 1862 411290717
2 731
1 2065 114088850
2 2854
2 495
1 2987 601498122
2 2691
1 985 951842201
1 2823 875658786
2 813
1 1141 176058239
1 456 390804459
1 1091 854397811
1 508 345222888
2 746
1 2328 719866827
2 111
1 2481 450252701
2 134
2 1083
2 51
1 976 56047951
1 2059 905694124
2 2976
2 2802
1 1593 539475398
1 2782 778250604
2 1809
2 2236
1 2018 749495787
1 1249 445886343
1 1860 774835908
2 2619
1 2009 878583120
2 9
1 2949 498709226
2 1480
2 2125
1 1239 766695459
1 225 123757890
2 253
1 1636 136311880
2 665
2 2067
1 1930 746615389
1 2452 154120622
2 1800
1 2193 450643280
2 2507
2 117
2 658
1 2501 779015588
2 1966
2 106
1 63 798869804
1 2735 128728168
1 1719 685218952
2 2110
1 326 546211807
1 1655 667099108
2 2150
2 251
1 1415 481144832
2 789
2 2805
2 290
2 153
1 2635 968954654
2 1877
2 2304
2 316
2 1671
2 688
1 510 771953672
2 2621
2 429
2 1382
2 558
1 1951 764534562
2 697
2 187
2 1123
1 2878 238824522
1 1686 483075376
2 2597
1 2007 93905042
2 2596
2 2124
2 1344
1 1148 719750646
2 758
1 2820 471379710
1 1388 703693563
2 942
1 1246 149188178
2 876
1 2011 910123163
1 2653 884524319
2 2809
2 1367
1 1558 141439331
1 1582 708009126
1 1048 299332008
2 1516
2 1063
2 113
1 2905 227438323
1 1036 932594537
2 1695
1 1683 896558863
2 2198
2 2287
1 1455 464325039
1 1251 826167819
2 1842
1 1062 236179069
2 784
2 1054
2 137
2 1247
1 2854 217870733
1 5 911594661
2 2191
2 1446
2 462
2 1172
1 1365 878111040
2 585
1 2302 182757564
1 1771 593792933
2 306
1 98 329826663
2 1788
1 262 183332232
2 509
2 174
1 2419 381144416
2 2775
1 1990 585333300
2 2770
2 2515
2 1665
1 1893 205811244
1 627 580829905
2 2352
1 1645 14740803
2 855
1 2171 923938889
1 1352 770884210
1 919 486611717
1 46 14417066
2 345
1 567 910594768
1 1992 250496184
1 1655 864582341
2 671
1 1221 745800790
1 1124 665839046
1 2652 553281415
2 2196
1 1356 350363427
1 2474 645206079
1 2194 672210308
1 2298 61069051
2 1549
2 1857
2 1843
1 455 421859097
1 2931 147568631
2 2663
1 2243 593353239
2 54
1 876 598249365
2 1770
2 2076
1 1469 729434999
1 2052 350328493
1 2562 362327535
2 732
2 919
2 836
1 387 600347089
2 2507
1 1161 270399631
2 765
1 1157 219937007
1 2224 2524353
1 2767 295790061
1 2416 307176392
1 2838 264289747
1 420 535426537
1 1942 390934045
1 2111 356452497
1 2228 11665325
2 659
1 361 583780656
2 1371
2 1405
2 1192
1 2823 767642140
2 598
2 786
2 1384
1 2201 359130169
1 1881 412647942
1 1061 188494324
2 820
2 2526
2 501
1 665 768670416
1 729 286670667
2 2705
1 996 148946170
1 2833 189960362
1 881 366261159
1 991 957939350
2 463
1 2525 242514954
2 506
1 180 752579913
2 487
2 2802
2 2300
2 2318
2 294
1 752 860433071
1 2925 177621612
2 1534
2 2421
2 844
1 2318 599041068
2 156
1 1215 109447047
1 726 514339018
2 1909
1 1321 248037620
2 1450
2 1435
2 252
2 1717
2 1875
2 1658
2 382
1 129 215800880
2 2288
1 65 975056974
2 2279
1 852 557057461
1 629 994289314
2 783
2 2835
1 2240 903421204
2 2138
1 1808 159594210
1 1612 306148347
1 924 967246139
2 954
2 1527
2 2030
1 1306 401103483
1 2444 49625087
2 1677
1 2404 150885351
2 448
1 99 115213825
1 21 338783075
1 811 432866061
1 200 114736000
1 439 770794836
2 1419
2 2228
2 1922
2 1620
1 2430 242638381
2 956
2 1776
2 2272
1 1299 146176895
2 397
1 1415 201930924
1 2984 739924926
1 859 441095662
2 429
