10 100
4 10
8 1
9 2
7 3
10 9
3 6
8 4
1 5
7 5
2 5
2 6
2 5
2 8
2 7
2 7
1 9 389981747
1 1 767777311
1 2 712264900
1 9 980657452
2 7
1 10 603832850
1 5 709306856
2 7
2 9
2 5
1 6 462536302
1 1 431337449
2 9
1 7 568795611
2 1
1 8 413262941
2 2
1 10 867069772
1 3 365617450
1 1 340401611
2 5
2 10
1 5 116328799
2 7
2 9
2 4
2 5
2 1
2 3
2 1
1 9 559691232
2 6
2 6
2 4
1 10 650909699
1 3 873258956
1 1 348037997
2 4
1 3 787135646
2 10
1 8 778608213
2 2
1 8 472279254
2 6
2 8
2 5
1 10 42389044
2 2
1 4 190155015
1 7 357883571
1 6 360727078
2 9
2 8
1 4 866749339
1 9 785483133
1 2 607934500
1 5 231033404
2 1
2 10
1 7 611216113
2 5
2 7
2 5
2 10
1 6 706768928
1 1 273337885
1 5 412393579
2 2
1 10 573463599
1 5 818858082
1 4 893595605
1 9 825584464
1 1 805812511
1 5 55234218
1 5 778142230
2 2
1 7 856881718
1 2 917121280
2 5
2 7
1 8 992364001
2 4
2 3
2 6
2 4
1 7 199597469
2 6
1 10 938150860
2 5
2 1
1 3 33130019
1 6 631604322
2 7
2 2
