10 100
6 9
6 10
10 2
5 4
4 9
8 3
7 3
1 5
1 7
1 8 226049834
1 2 108307657
2 2
1 8 2993792
1 9 548651833
2 6
2 3
2 5
2 8
2 5
1 9 757880320
2 4
1 9 759464871
1 3 637964105
2 10
1 7 141897163
1 10 795069955
2 1
2 6
2 5
2 5
2 10
1 1 385140736
1 7 204105502
1 10 226761670
1 1 738307423
2 9
1 8 522800632
1 1 199232739
1 7 503896608
2 3
1 6 6183435
2 2
2 4
2 6
2 7
1 8 228616543
2 8
1 5 135755037
2 4
2 9
2 4
2 2
2 5
1 3 918673828
1 5 280158418
1 6 967803532
2 9
1 8 853717054
2 10
2 8
1 7 1773936
2 7
2 9
1 3 74374618
1 10 111532607
1 2 695537987
1 4 415690539
1 10 428087366
1 5 165317327
2 5
1 6 945789526
2 1
2 10
2 2
1 6 338607333
1 1 98634660
1 4 18957604
2 2
1 1 889465965
2 9
2 3
1 3 903935936
1 5 949054873
2 3
1 6 611312029
1 9 697951383
2 3
2 1
2 2
2 5
1 2 736460262
1 6 936442849
1 10 943336105
2 7
2 2
1 6 354917141
2 2
2 4
2 9
2 1
2 7
2 3
1 2 702935992
1 6 294725032
1 4 62500492
2 3
2 1
1 1 88626871
2 1
