63
31 38 28 89 66 60 98 46 50 47 18 78 20 74 80 58 23 65 83 53 55 38 92 72 63 5 96 40 0 0 9 94 24 51 82 15 90 81 67 40 9 16 12 35 67 16 75 99 84 34 0 19 63 99 36 96 84 34 64 34 42 71 29 19
8 1 1 5 8 9 15 2 17 1 12 14 21 18 18 19 23 25 12 24 23 17 22 15 25 28 18 34 20 36 30 26 42 41 36 39 30 33 31 50 42 39 49 48 45 37 44 41 39 43 49 55 50 61 45 63 53 54 69 70 69 59 73
171
0 2866 82 66245
1 231994 67 103467
0 2156 48 146821
1 34133 55 146799
1 666 8 146809
1 4165 8 146813
0 657 61 146816
0 2780 71 124241
1 131820 49 146819
0 535 11 7311
0 48 6 164774
1 526592 88 76404
0 3196 47 41942
0 423 7 146811
1 1298 9 146827
1 65262 51 146819
0 3844 59 146815
0 2266 74 146822
0 3604 53 70423
1 41478 26 35648
1 108143 45 177241
0 1073 45 146808
1 78608 34 127215
1 72278 47 146798
1 284510 99 146822
0 1295 28 152014
1 6904 43 146827
1 1776 31 192393
0 3815 88 127509
0 1530 88 82139
1 16118 24 146817
0 279 33 165484
1 362372 73 132672
0 1833 36 181157
1 368548 81 116031
1 266899 66 138379
1 2000000 97 133638
0 819 63 72691
1 44 1 137174
1 182 6 184690
1 851 9 146807
0 89 3 146822
1 2000000 50 61603
1 400964 83 38322
1 29988 21 91979
0 2000000 85 77185
0 1181 77 158838
0 2000000 98 1744
1 103690 80 146817
1 15428 28 146817
1 13013 27 127298
1 23611 20 166626
1 129668 52 146797
1 36692 32 146814
1 53513 67 142281
0 531 18 62162
0 918 77 146813
1 38014 43 156039
0 1465 49 146798
0 1972 71 123692
1 293060 75 105795
1 6800 10 130258
1 69632 32 74225
0 3603 92 146814
0 2000000 2 146341
0 2000000 38 62229
0 1489 31 167745
1 221054 90 11310
1 2000000 13 146672
1 73826 59 146807
1 613700 95 133759
0 1499 41 146799
0 1573 57 146806
0 1373 70 146822
0 2826 54 146822
0 2167 59 146802
0 2000000 53 34143
0 2000000 1 66483
1 85388 42 142606
1 319742 73 146812
0 3476 81 171508
1 131278 49 127031
1 323138 83 173858
1 97781 38 146815
0 3006 84 104443
0 2128 36 146802
1 111872 96 29653
0 1561 54 110925
1 16759 96 146819
1 2000000 41 87779
1 1476 9 120430
1 2000000 92 119892
0 1309 46 146821
1 99539 39 146807
0 733 29 146800
1 2000000 78 81247
0 573 99 154954
1 17231 25 146825
0 414 7 146800
0 1632 99 43568
0 8 77 126373
1 73252 41 146813
1 34651 37 146827
0 486 51 72443
0 666 24 136471
0 730 24 22665
1 177570 71 146827
1 50520 84 146814
1 32409 53 146822
1 54623 60 146799
0 3954 60 10524
0 884 58 85017
1 445 5 146813
0 5159 95 146816
1 2000000 46 86956
1 2000000 71 84145
1 7885 42 99833
0 2000000 82 60194
0 741 77 146822
1 13714 27 146819
0 1112 19 146814
1 20250 18 181383
1 7507 12 146809
0 706 60 146823
1 65348 31 7465
1 11 13 146827
0 4109 73 192919
0 883 33 146814
1 3718 27 97061
0 782 43 146820
1 600848 94 114247
1 2000000 92 109181
1 754 5 154670
1 46410 54 81315
0 406 79 189477
1 527 3 146799
0 3519 66 82687
1 8770 13 146815
0 2680 53 146801
1 2000000 71 37799
1 77491 38 80280
0 4218 88 87223
0 3756 58 146815
1 12622 15 121560
1 99 2 146813
1 4363 12 57614
0 4786 85 88083
0 2136 52 146819
1 151958 86 109248
0 1088 16 54971
1 231551 69 146815
1 372368 74 70133
1 222694 82 118009
0 119 5 146797
1 20684 18 146815
1 2000000 99 76378
1 403172 77 49581
1 5122 30 129665
1 174510 94 146817
1 2000000 84 86678
0 4115 93 146803
1 2000000 79 99405
0 1619 46 153386
1 3792 15 146799
1 554 23 159753
1 16363 46 146811
0 2000000 13 18480
1 133 2 146821
0 2000000 5 9600
1 56784 33 5613
0 3664 59 146807
