253
-100 -75 31 16 -17 24 1 -88 89 -9 -92 -61 2 26 -33 -1 57 90 -99 -69 83 3 -100 -40 -76 70 56 -1 -85 9 -15 35 -41 -72 -40 84 87 61 -14 -43 32 64 37 94 66 71 66 40 -95 88 -40 -79 -26 24 -93 -20 -11 -47 96 63 93 64 11 78 69 63 88 95 4 -32 92 -3 -97 -90 -19 -30 61 33 16 -5 -14 13 -61 -75 37 -65 40 -12 -18 -69 19 65 79 -73 33 93 12 21 40 99 -51 80 67 -57 22 -46 85 12 91 -95 93 76 -87 -47 94 61 71 14 25 -20 -92 60 -98 -84 62 33 -60 58 94 -50 -13 35 -33 -78 -13 -34 52 97 -15 -62 -70 76 59 -31 66 -30 -41 97 65 55 -25 -28 -93 -73 -49 60 -54 48 26 -93 40 49 -100 -15 10 64 -25 41 -89 28 -12 37 56 98 -74 -36 30 25 56 -19 -6 -87 9 7 75 -44 -86 48 -89 87 72 -46 -45 -70 -16 41 51 -2 -72 91 -33 54 -14 -12 76 4 50 17 -67 62 -78 -24 80 -10 -31 -19 86 79 -73 25 14 18 -71 -98 -91 -69 -51 -85 0 -42 37 -81 80 -83 63 66 -25 -11 -87 -90 94 -61 -98 99 76 13 16 90 -24 -31 -62 14 47 -73
1 1 3 13 1 3 7 18 8 9 15 3 13 15 11 25 14 12 12 26 21 12 23 32 25 26 22 27 35 35 22 28 31 41 25 30 34 28 29 35 50 33 41 49 40 47 54 41 47 59 60 45 62 61 64 53 50 63 64 66 70 52 56 59 61 62 75 77 63 62 66 63 67 83 81 81 74 80 87 80 79 92 86 85 82 76 79 89 95 87 93 86 84 93 86 102 103 95 91 99 110 111 97 111 114 101 104 104 119 101 108 116 109 111 120 126 112 109 121 129 123 112 127 127 121 130 136 131 127 126 137 141 128 142 139 127 144 138 149 131 135 143 141 144 145 150 140 139 144 155 143 147 160 164 164 148 167 166 169 162 160 171 156 166 174 173 177 173 177 166 168 170 173 174 171 181 186 185 169 172 191 172 184 176 185 196 184 195 196 188 201 193 189 186 188 187 189 198 204 207 204 195 202 197 205 201 202 203 215 213 209 209 220 205 217 222 224 212 225 219 228 212 225 232 231 233 233 238 224 234 239 224 242 227 225 232 238 242 248 236 238 244 245 249 236 250 239 243 243 260 248 255 247
1000
1 2000000 83 16171
1 2000000 75 16180
1 2000000 42 147839
0 2000000 65 16192
0 2000000 82 16176
0 2000000 1 145597
0 15522 78 16178
1 2000000 3 16174
1 1060471 73 16180
1 920176 68 120314
0 10746 54 16191
0 2000000 10 15036
0 2000000 2 7501
0 2000000 1 16177
1 2000000 88 16168
1 2000000 93 180466
1 71839 19 50558
1 243775 35 16191
0 17114 86 10203
1 4975 5 7988
0 2000000 29 28791
1 2000000 45 13310
1 716400 60 63520
1 2000000 39 85071
1 866844 66 102136
0 2000000 57 59588
1 1758364 94 184199
1 4975 5 83558
0 19104 96 141729
0 17313 87 54108
1 2000000 73 14134
0 2000000 75 16185
0 2000000 71 16195
1 2000000 93 16180
0 19701 99 16195
0 5174 26 95496
1 1119375 75 16183
1 167359 29 199024
0 18308 92 16173
1 2000000 41 9692
1 2000000 49 99737
1 257904 36 16171
0 2000000 60 16042
1 318400 40 1773
1 2000000 33 64974
1 1241959 79 158926
0 2000000 70 66538
0 18308 92 16168
1 2000000 17 16173
1 2000000 31 16174
0 12537 63 16198
0 2000000 62 16183
0 15124 76 12053
1 2000000 10 16171
1 2000000 25 61725
0 2000000 97 80676
0 10746 54 16187
0 14726 74 170056
0 2000000 23 14006
0 2000000 20 5984
0 2000000 80 16169
1 2000000 27 188757
0 5572 28 3744
0 13532 68 16197
1 24079 11 187917
0 2000000 4 125979
0 1791 9 5503
0 6368 32 32016
1 1305639 81 13932
1 2000000 15 16191
0 2000000 34 16194
0 2000000 82 15565
0 2000000 87 8608
1 2000000 67 161684
1 2000000 80 5605
1 199 1 9412
1 2000000 7 16172
1 840775 65 22294
0 10348 52 62726
1 19900 10 16178
1 12736 8 16174
0 10547 53 10324
1 2000000 68 16194
0 2000000 59 23294
1 893311 67 16169
1 1471804 86 16196
0 2000000 65 16186
0 2000000 54 12756
0 14328 72 54999
0 2000000 59 16192
1 2000000 14 46137
1 1647919 91 16179
0 7164 36 16189
0 2000000 9 158328
1 2000000 33 16176
1 2000000 16 16192
1 2000000 90 8307
0 2000000 36 16190
0 2000000 51 283
0 7960 40 130640
0 2000000 92 16183
1 1089724 74 155638
0 2000000 91 29059
0 2000000 33 16182
1 2000000 77 16185
1 893311 67 31332
0 2000000 61 67912
1 243775 35 16178
1 421084 46 17525
1 2000000 71 180733
0 4179 21 16193
0 7164 36 16180
0 2000000 73 181665
1 2000000 9 177475
1 2000000 92 13798
0 2000000 97 4503
0 2000000 37 171172
0 2000000 16 211
1 367951 43 183107
0 10945 55 121798
1 2000000 53 116260
1 2000000 45 33293
0 2000000 9 16194
1 497500 50 16179
1 421084 46 106292
1 257904 36 16181
1 2000000 66 16183
1 2000000 20 16170
0 18109 91 38821
0 2000000 60 16173
1 2000000 4 80250
0 2000000 72 64718
1 2000000 93 106667
0 2000000 68 15975
1 764956 62 16182
0 2000000 100 16983
0 15920 80 16185
0 2000000 75 7265
0 14129 71 3918
1 796 2 16195
1 2000000 74 188249
0 14726 74 16179
0 2000000 71 88155
0 2000000 54 13240
1 216711 33 16186
0 14925 75 151811
1 2000000 50 38789
0 2587 13 16177
0 2000000 96 3093
1 1031616 72 16179
1 2000000 74 5040
1 2000000 20 5391
0 2000000 96 8661
0 2000000 81 173518
1 1990000 100 156025
1 2000000 90 16174
0 2000000 8 16182
0 17512 88 132213
0 19900 100 16183
1 2000000 87 1963
0 16915 85 16187
0 2000000 84 16170
0 2000000 15 93731
1 2000000 12 16177
1 1684336 92 17744
1 2000000 94 9044
0 2000000 52 16197
0 14527 73 16182
1 2000000 13 9949
1 1149424 76 8362
1 64476 18 16183
0 2000000 41 16174
0 2000000 87 16181
1 2000000 44 16197
1 646551 57 168185
0 11940 60 155700
1 421084 46 16198
1 2000000 15 18907
1 1833984 96 11318
1 57511 17 16180
0 2000000 3 16196
0 2000000 89 90939
0 11940 60 16184
1 2000000 31 163241
1 9751 7 45141
1 2000000 86 15787
1 191239 31 16183
1 2000000 8 154437
1 216711 33 151028
0 2000000 4 16195
0 2000000 1 150485
1 2000000 94 139477
0 10547 53 16191
0 13134 66 150623
0 2000000 72 14102
1 669436 58 108854
1 2000000 5 14900
0 2000000 5 16195
1 1684336 92 16187
1 2000000 57 26700
0 14527 73 31696
0 2000000 89 4926
0 2000000 28 16194
0 2000000 95 142811
0 19303 97 2629
0 2000000 75 13796
1 2000000 35 404
0 2000000 56 5894
0 2000000 62 169813
1 257904 36 16196
1 2000000 29 187559
0 2000000 57 13169
1 2000000 5 188600
0 17711 89 65843
1 2000000 6 97386
0 2000000 84 167876
0 2000000 12 122957
0 2000000 85 5524
1 2000000 64 16182
1 920176 68 103772
0 9751 49 26310
1 421084 46 169614
1 893311 67 16196
0 1592 8 16176
0 796 4 12535
0 2000000 52 71444
1 840775 65 16181
0 2000000 60 10111
0 2000000 34 16190
1 2000000 88 14374
0 2000000 69 198403
1 947439 69 470
0 18706 94 160247
0 2000000 64 16190
1 2000000 8 16169
0 2000000 23 9578
1 167359 29 16186
0 2000000 27 16173
1 2000000 94 152226
1 1149424 76 142814
1 2000000 4 145787
1 2000000 32 16177
0 2000000 18 16197
0 2000000 38 16198
1 1149424 76 16177
1 2000000 56 16187
1 2000000 25 16196
1 33631 13 16168
0 2000000 18 16196
0 10149 51 13668
1 2000000 66 180755
0 2000000 66 67736
0 2000000 89 16169
1 2000000 72 16173
1 2000000 4 36730
1 2000000 8 16193
1 7164 6 16175
1 230044 34 2855
1 2000000 4 41622
1 2000000 62 88649
1 2000000 48 16182
1 230044 34 16174
0 18109 91 45083
0 18507 93 14388
0 3582 18 33241
0 2000000 23 179477
1 1089724 74 132408
0 13731 69 16168
1 2000000 59 29716
1 28656 12 4678
1 2000000 26 36801
1 2000000 7 16191
1 1149424 76 9593
1 2000000 24 5359
0 2000000 19 166855
1 2000000 59 8214
1 740479 61 116783
0 2000000 3 74908
0 11343 57 14241
0 5771 29 7542
1 2000000 61 2852
1 2000000 52 16188
0 2000000 72 16172
0 2000000 89 17283
0 2000000 51 9256
1 2000000 26 88719
0 2000000 73 4310
1 4975 5 108884
0 2000000 63 3953
1 2000000 77 114585
0 2000000 33 16178
0 2000000 97 162628
0 2000000 39 131736
1 421084 46 24110
1 2000000 67 132988
0 2000000 98 16178
1 216711 33 106034
1 2000000 89 5926
1 2000000 92 90902
0 2000000 17 16183
0 2000000 24 154239
1 421084 46 16171
1 1338076 82 178931
0 2000000 53 80667
1 1721151 93 186016
0 2000000 87 16175
0 2786 14 16171
1 96316 22 16189
0 2000000 19 13162
1 2000000 83 49437
0 2000000 95 16191
0 4577 23 6050
0 2000000 88 151381
0 2000000 19 16197
0 2000000 23 16178
0 2000000 92 10341
1 2000000 33 16194
0 17910 90 16192
1 2000000 41 149039
1 2000000 80 16193
1 2000000 57 12252
1 2000000 52 71180
0 2000000 87 55368
0 2000000 94 17820
1 114624 24 16192
0 2000000 23 16179
1 2000000 45 121622
1 1273600 80 16192
0 1990 10 8188
0 2000000 7 16194
0 2000000 56 16177
0 2000000 13 2119
0 2000000 95 16169
0 2000000 100 16191
1 1795975 95 16197
1 7164 6 16183
1 1684336 92 16194
1 2000000 48 16168
1 2000000 57 186459
0 2000000 31 158938
0 4378 22 156745
1 2000000 9 16178
1 16119 9 60295
0 7960 40 16183
1 2000000 16 90057
0 12139 61 16168
0 2000000 38 16170
0 11940 60 16189
0 19900 100 16189
1 764956 62 16171
1 2000000 25 16190
1 2000000 45 16196
0 2000000 43 143242
0 2000000 94 16170
0 2000000 52 49526
0 2000000 12 778
0 8358 42 16198
1 2000000 13 12430
1 2000000 92 5088
0 1592 8 16182
0 9353 47 42202
1 2000000 28 197625
1 1541056 88 3124
0 2000000 99 117381
0 2000000 64 121909
1 1241959 79 118037
1 2000000 12 135138
1 2000000 94 62533
0 2000000 62 9206
1 114624 24 167180
1 1684336 92 16197
0 2000000 35 16178
1 2000000 2 158386
0 2000000 13 105207
1 2000000 40 179227
0 17512 88 16196
1 2000000 48 77012
0 199 1 110417
1 2000000 59 1282
0 19900 100 16728
1 1089724 74 16179
1 920176 68 49253
1 2000000 69 16185
1 145071 27 16180
1 39004 14 5496
1 1647919 91 16173
1 2000000 98 16196
0 2000000 96 16184
1 2000000 72 16191
1 2000000 64 172030
0 2000000 11 183743
1 2000000 59 2594
0 1990 10 16182
1 2000000 43 116932
0 2000000 96 13726
1 2000000 60 135270
0 1393 7 16185
0 13134 66 16177
1 2000000 62 16195
0 2000000 79 227
1 2000000 49 88134
0 2000000 74 16182
0 2000000 16 56082
0 18308 92 16178
0 12537 63 68096
1 1471804 86 16168
0 16716 84 16189
0 2000000 25 16173
1 2000000 3 16173
0 2000000 46 108006
0 2000000 51 107114
0 9552 48 16191
1 1647919 91 5869
1 2000000 37 168846
0 12537 63 16192
1 2000000 14 12895
0 2000000 80 13789
0 2985 15 16179
0 2000000 99 32206
1 2000000 24 91516
1 1684336 92 16192
1 57511 17 30373
0 2000000 85 16184
1 167359 29 37788
1 789831 63 115074
0 2000000 55 16176
0 2000000 57 16181
1 114624 24 16171
0 2000000 14 16170
0 13930 70 16176
0 2000000 54 8433
0 5174 26 122844
1 2000000 14 45715
0 14328 72 140956
0 2000000 49 12732
0 2000000 80 199664
1 2000000 52 4683
0 2000000 36 16180
0 3582 18 157593
0 2000000 87 145258
0 2000000 11 28302
0 2000000 81 73901
1 815104 64 3611
0 2000000 88 62479
1 2000000 69 127255
1 2000000 21 2791
1 2000000 44 16190
1 2000000 20 51949
0 11144 56 16822
0 2000000 57 16171
1 2000000 65 16196
0 17711 89 16191
0 8756 44 96467
1 2000000 87 16176
1 2000000 67 10061
0 2000000 69 40871
1 191239 31 16183
1 114624 24 16193
1 2000000 83 149278
1 538096 52 6899
0 2000000 40 16184
0 7562 38 2189
1 538096 52 82838
0 2000000 37 163423
0 3383 17 16178
0 2000000 35 16184
1 2000000 22 121923
1 33631 13 16169
1 2000000 29 8702
0 16119 81 16168
0 2000000 36 16189
0 2000000 92 16169
1 2000000 97 13841
1 2000000 81 13540
1 2000000 88 5655
0 14129 71 182215
0 2000000 12 4010
0 2000000 97 69430
0 2000000 20 47041
1 2000000 51 16191
0 9950 50 98963
1 2000000 23 16177
0 6965 35 10227
0 2000000 75 66765
1 2000000 3 16190
1 2000000 3 16168
1 2000000 75 16185
1 716400 60 51865
0 2000000 95 16179
0 2000000 16 21927
1 2000000 45 16178
0 9950 50 6601
0 2000000 15 148770
1 156016 28 16186
0 13532 68 16197
1 199 1 160178
1 2000000 87 8190
1 1003159 71 16191
0 2000000 13 16172
1 2000000 61 16196
0 2000000 11 16178
0 2000000 11 16196
1 1241959 79 16190
0 15522 78 14730
1 2000000 50 16197
1 2000000 49 16177
1 1471804 86 16195
1 789831 63 189617
1 2000000 61 15738
1 2000000 6 16180
1 2000000 93 80388
0 10149 51 16187
1 669436 58 16194
0 2000000 55 120626
1 2000000 66 16171
0 19502 98 16193
1 1241959 79 114474
1 2000000 53 177055
0 6766 34 8928
1 2000000 62 16169
1 1576279 89 2562
1 538096 52 11960
0 2000000 2 42273
0 6368 32 16169
0 14328 72 9497
0 2000000 95 16195
0 2000000 1 16183
1 2000000 19 84898
0 2000000 4 16174
0 12338 62 16182
1 44775 15 198095
1 2000000 73 5329
0 2000000 98 9507
0 2000000 72 15809
1 1684336 92 16191
0 2000000 54 16170
0 2000000 83 42604
1 624064 56 16188
0 17711 89 16171
0 13333 67 101790
1 1506231 87 15348
1 601975 55 103765
1 1684336 92 2480
0 19303 97 16005
1 179100 30 16173
0 2000000 17 23450
1 1370911 83 13977
1 815104 64 55203
1 669436 58 16176
0 13930 70 16192
0 398 2 177194
0 2000000 26 16190
1 2000000 26 164228
0 2000000 12 16176
1 1541056 88 165357
0 2000000 69 6842
0 12139 61 16185
0 2000000 82 16181
0 2000000 54 16183
1 2000000 59 65991
0 2000000 44 16184
0 2000000 17 16183
1 840775 65 16193
0 2000000 78 16193
1 2000000 98 99207
1 2000000 75 16178
1 2000000 49 38432
1 2000000 69 16179
1 1089724 74 45989
0 2000000 18 16177
1 2000000 11 16188
1 2000000 37 101571
0 2000000 74 16188
0 2000000 6 160185
0 13731 69 112795
0 2000000 90 157722
1 2000000 38 16182
1 2000000 82 16180
0 2000000 42 16198
0 2000000 73 16186
1 2000000 76 7048
1 2000000 13 190969
0 2000000 33 16170
1 1471804 86 16171
0 2000000 57 145575
1 2000000 75 135336
1 2000000 80 16193
1 840775 65 127973
1 497500 50 16189
0 2000000 83 16197
1 2000000 43 177790
0 2000000 96 16186
1 2000000 64 58292
1 87759 21 16188
0 2000000 94 16180
1 2000000 94 130808
0 2000000 87 16183
1 7164 6 82008
0 2000000 73 16174
0 1393 7 4149
0 19701 99 93828
1 2000000 42 118543
0 2000000 52 16180
1 2000000 72 61891
0 19502 98 12192
0 15920 80 16182
0 12935 65 15938
1 2000000 59 16175
0 2000000 41 65105
0 2000000 38 30937
0 2000000 32 28684
1 124375 25 75783
1 2000000 64 136990
0 2000000 1 199118
0 2000000 25 175799
0 2000000 9 168851
0 2000000 4 179625
1 24079 11 94819
1 2000000 75 16168
0 2000000 52 123466
0 2000000 15 139036
0 13532 68 16185
0 15124 76 68237
0 2000000 58 94122
0 2000000 31 16172
1 1541056 88 16195
1 2000000 56 141146
1 975100 70 112226
0 18905 95 16173
0 3383 17 11001
1 2000000 36 157603
0 2000000 51 16170
0 2000000 55 2383
1 2000000 91 16173
1 2000000 4 37373
0 2000000 26 67210
0 2985 15 160647
1 2000000 72 184762
0 2000000 96 128286
1 2000000 51 785
1 179100 30 87698
1 2000000 34 94820
0 2000000 73 12900
1 2000000 92 4813
0 11542 58 16170
0 7761 39 99332
0 3980 20 187246
0 2000000 3 88404
0 2000000 70 133695
1 2000000 26 16170
1 2000000 46 112657
0 13930 70 12098
0 2000000 17 16190
0 17910 90 16188
1 740479 61 3541
0 2000000 96 54976
0 2189 11 4408
0 19104 96 16187
0 2000000 65 16192
1 893311 67 23515
1 2000000 100 76886
1 2000000 96 158138
1 1791 3 160556
1 2000000 79 59847
1 2000000 83 112615
1 2000000 85 191503
0 2000000 62 90592
0 2000000 75 182186
0 2985 15 6773
0 2985 15 16168
0 2000000 69 16195
0 2000000 10 198587
0 2000000 65 14677
1 2000000 90 16172
1 2000000 31 11940
0 17711 89 16191
1 179100 30 16192
0 17711 89 26789
1 840775 65 34459
1 318400 40 186190
1 50944 16 16187
0 2000000 47 48860
0 2000000 81 16186
0 2000000 27 19131
1 2000000 98 14819
0 2000000 80 16192
1 2000000 56 35472
1 2000000 52 16193
0 3980 20 8786
1 2000000 48 4703
0 5174 26 16194
0 2000000 28 16171
1 2000000 4 75056
0 2000000 29 16175
1 2000000 11 16007
0 7363 37 13388
0 2000000 26 73723
1 2000000 27 12345
0 3184 16 16171
1 1003159 71 76150
0 17711 89 5815
0 2000000 94 16172
0 2000000 71 188885
1 2000000 84 16179
0 1194 6 16179
0 2000000 22 7357
0 2000000 84 16191
0 2000000 12 10069
0 2000000 87 173501
0 10945 55 7026
1 2000000 88 103105
0 2000000 83 191827
1 692719 59 204
1 421084 46 16179
1 2000000 60 16189
0 2000000 99 16170
1 2000000 98 16184
0 2000000 59 60941
0 17910 90 16177
0 10547 53 16190
0 2000000 20 16172
1 1060471 73 16183
1 1611900 90 1107
1 2000000 92 15379
0 3582 18 5246
1 2000000 23 1894
0 2000000 92 16188
1 2000000 97 174511
0 2000000 20 23059
0 16517 83 15658
1 2000000 98 16178
0 11343 57 16189
1 302679 39 16181
1 815104 64 16179
0 15124 76 16173
1 2000000 48 58742
0 9751 49 46784
0 2000000 43 1961
1 1031616 72 16194
1 2000000 19 55156
1 2000000 54 16170
0 2000000 43 41389
0 2000000 35 103735
1 716400 60 165850
1 191239 31 9009
0 15522 78 39517
1 2000000 35 198854
0 2000000 98 157940
1 2000000 34 16171
0 2000000 3 16183
0 2000000 35 16172
0 2000000 78 16175
1 2000000 68 149739
1 2000000 86 173708
0 2000000 39 16190
1 1795975 95 129831
0 2000000 65 16171
0 17313 87 16172
0 2000000 25 13314
0 5373 27 10961
1 2000000 10 12550
1 2000000 5 85725
1 1210716 78 175945
0 2000000 33 16178
0 2000000 77 176311
1 191239 31 16187
1 439591 47 48197
1 334519 41 88450
0 2000000 13 16035
1 2000000 12 16173
0 2000000 43 26853
0 2000000 65 11893
1 2000000 50 16171
0 2000000 45 84488
1 114624 24 16174
1 2000000 80 16192
1 2000000 23 16178
0 2000000 82 16171
0 2000000 40 16193
0 2000000 24 16196
1 351036 42 9050
1 2000000 69 62100
0 4776 24 40584
0 2000000 88 16183
1 2000000 80 16187
1 2000000 74 11563
0 2000000 15 16191
0 5771 29 16190
0 2000000 67 16169
0 17512 88 111126
1 2000000 72 16191
1 1872391 97 158717
1 302679 39 13032
1 12736 8 16174
1 2000000 98 16169
0 8358 42 184925
1 87759 21 188300
1 2000000 17 16173
0 2000000 98 15024
0 16716 84 75335
0 2000000 87 6839
0 2000000 92 49250
0 16119 81 16171
1 558991 53 16185
0 11542 58 111173
1 9751 7 16172
1 124375 25 106849
1 2000000 5 7833
1 2000000 56 16182
1 2000000 37 42612
1 1684336 92 90249
0 2000000 96 16195
1 1404144 84 26827
0 4378 22 8419
1 2000000 91 99262
1 2000000 69 6410
0 199 1 29120
0 2000000 73 16175
0 6169 31 152691
1 2000000 36 16181
1 692719 59 16182
0 2000000 33 16191
0 2000000 19 12671
0 9751 49 2317
0 2000000 50 16184
1 2000000 16 12461
0 16318 82 6286
0 2000000 99 16169
1 191239 31 1596
1 114624 24 16194
1 2000000 3 146327
1 1089724 74 59670
1 815104 64 16198
1 2000000 17 186918
0 2000000 44 87987
0 2000000 86 64350
0 3980 20 180653
1 2000000 97 16183
0 10945 55 117707
1 1795975 95 16184
0 2000000 78 61386
1 216711 33 161011
1 2000000 69 164567
0 2000000 17 16195
0 2000000 64 5887
1 2000000 18 16178
0 4179 21 16178
0 2000000 10 180274
1 1241959 79 10154
0 2000000 23 176850
1 2000000 23 8630
1 216711 33 187697
1 96316 22 120291
0 2000000 45 177973
0 2000000 27 171086
1 2000000 83 145036
0 5970 30 16175
1 2000000 92 16192
0 2000000 39 16194
1 2000000 91 16190
1 2000000 62 16169
1 2000000 18 181270
0 2000000 24 16188
1 2000000 27 16171
1 2000000 10 3705
1 19900 10 24524
0 2000000 96 79615
1 39004 14 16184
1 2000000 92 16180
0 2000000 75 13095
1 2000000 63 15306
1 402975 45 107756
1 2000000 80 16192
0 1393 7 8382
0 2000000 45 16196
1 2000000 54 169671
1 2000000 87 5974
1 1721151 93 16176
1 2000000 82 78301
1 2000000 8 197118
0 15920 80 5777
0 2000000 9 3466
1 2000000 47 185404
1 1541056 88 16194
0 2000000 93 950
0 2000000 34 16178
0 16517 83 117245
1 439591 47 16192
0 2000000 39 16186
0 10746 54 16170
1 156016 28 14826
0 18905 95 16129
1 2000000 15 16170
0 2000000 97 80258
0 2000000 42 16197
0 2000000 94 16174
1 243775 35 5532
0 6368 32 31674
0 2000000 94 16192
1 2000000 43 6580
0 7960 40 16178
0 2000000 29 106751
1 2000000 39 183260
0 2000000 67 16175
1 134524 26 91373
1 2000000 65 76154
0 12139 61 47534
1 1003159 71 16196
0 2000000 99 16177
0 15124 76 72640
0 14925 75 16194
0 2000000 87 82963
1 2000000 12 29880
0 9154 46 16190
1 2000000 20 1158
0 9751 49 65042
0 2000000 2 139874
0 2000000 57 16180
1 789831 63 16184
1 789831 63 42557
1 2000000 78 140807
0 2000000 32 16182
1 2000000 73 130695
1 2000000 62 3310
1 134524 26 58326
0 12736 64 16175
1 230044 34 16175
0 4577 23 16178
0 2000000 66 9911
1 2000000 97 16178
1 2000000 53 16186
1 1305639 81 16198
1 2000000 79 16183
0 19502 98 8859
1 2000000 90 159991
1 2000000 38 16176
0 13333 67 56266
0 8358 42 16192
1 1911196 98 16168
1 57511 17 16195
1 2000000 52 101795
0 2000000 55 16191
0 2000000 54 1225
0 2000000 30 13125
1 12736 8 16170
1 2000000 27 16192
1 692719 59 16182
0 16915 85 16197
1 2000000 15 5142
0 2000000 37 137225
1 2000000 48 16172
0 2000000 45 16196
0 2000000 49 13314
0 2000000 70 16180
1 2000000 30 85450
1 2000000 50 16187
1 815104 64 16192
1 1758364 94 99421
1 2000000 40 16187
1 421084 46 16174
0 2000000 47 16175
1 1758364 94 16178
0 2000000 17 16196
0 2000000 51 6214
1 840775 65 19924
0 7960 40 949
1 2000000 1 188189
1 367951 43 16185
1 2000000 19 12421
1 2000000 77 97967
1 179100 30 11772
1 2000000 89 7004
0 7960 40 2836
0 2000000 33 144295
1 1210716 78 16183
0 13134 66 16184
1 1089724 74 197939
0 2000000 72 427
1 692719 59 16169
0 2000000 58 16186
1 2000000 99 16168
0 2000000 91 1323
0 2000000 16 16183
1 2000000 43 16173
0 17512 88 41391
1 2000000 51 4460
1 2000000 21 57147
0 12338 62 26682
1 764956 62 16188
1 2000000 72 16187
0 2000000 30 16175
0 10149 51 28229
0 2000000 21 16195
0 2000000 24 125464
1 2000000 83 3014
1 2000000 49 16181
0 2000000 55 147297
0 9154 46 16180
1 2000000 48 16182
1 538096 52 334
