506
22 71 40 82 2 -4 -59 28 11 -19 3 -76 14 -31 39 56 68 89 -23 27 24 -87 86 11 -18 63 -48 -87 -46 90 -29 -53 -80 -81 -7 -22 73 69 36 -29 -40 -24 -66 -7 62 6 71 -61 4 -71 4 -35 -95 76 -49 14 -55 38 18 75 -69 -24 95 63 55 -1 -51 1 -37 23 -96 -59 -77 71 -85 47 -54 -65 -92 15 12 -44 29 59 -4 -37 44 -26 73 61 46 61 -74 -38 8 -38 -14 -75 -33 -85 -84 -33 27 50 -27 -51 59 94 56 -27 -27 64 50 -82 -92 -47 -32 33 -14 -62 99 -44 -76 19 -4 -52 63 22 56 -92 42 -23 77 67 38 95 54 44 20 -63 17 82 -50 72 28 -48 97 -28 85 -10 26 12 -32 54 -71 -88 11 -32 -75 91 80 -30 67 72 71 15 -8 -36 -88 -61 -39 -17 -19 72 -98 10 -50 -31 74 88 55 -18 29 19 5 -7 86 98 68 -37 -28 93 -95 -71 92 83 -44 27 48 -62 43 44 57 63 -63 -95 98 -26 44 -91 5 32 100 17 21 -61 -61 -66 -60 -91 -84 -94 -91 -4 -27 85 -45 8 -11 46 -59 -82 -94 -98 67 12 12 50 -14 5 -8 28 -8 -69 26 40 -50 29 -36 -46 93 -6 -28 23 -25 -54 -12 60 25 -19 86 -24 -63 -48 -36 -40 -62 6 -81 31 -30 -56 50 54 88 -13 -51 62 42 42 -80 22 -20 -74 16 77 24 -75 87 69 -60 50 -75 4 61 72 11 12 83 22 -51 98 40 60 -10 -66 56 -65 0 -20 92 -8 47 -24 90 39 -21 74 -82 93 3 -91 -32 -58 -23 87 -16 -22 -36 -26 -58 86 32 -49 54 -33 -18 -79 81 -80 -4 -14 -82 -17 -21 69 36 -25 -72 -12 27 -64 93 -92 84 73 89 69 -98 -25 -9 31 -39 77 32 37 88 22 -5 41 63 -81 -25 -96 -14 -37 28 -49 -92 1 -68 -22 -30 32 90 -19 -63 52 1 -22 -48 -16 -66 -39 82 62 81 -64 32 -50 -26 -83 -86 50 87 -36 -30 -9 52 8 -10 -77 -29 75 92 -34 -83 -16 23 8 -48 32 78 39 -25 45 3 -20 -91 76 -76 49 -29 39 -57 -66 -65 -5 -28 48 41 -24 -60 18 80 -37 58 23 84 -35 9 -99 -5 -82 61 -27 -54 62 70 -100 -86 -24 11 -90 -36 -92 -66 -30 9 -37 -81 -79 78 -77 -76 78 47 53 -54 -61 -73 8 91 14 -49 42 -74 92 -39 -23 -10 -90 31 -20 -60 -41 77 -94 49 -97 11 -66 -85 6 10 -100 9
1 1 13 2 1 5 10 8 15 4 19 17 22 8 15 10 13 20 27 22 27 24 17 25 25 29 25 21 24 25 24 23 41 32 28 35 45 28 35 42 46 40 49 37 55 48 49 51 52 51 49 54 62 64 46 56 65 64 66 57 64 71 67 64 59 56 76 73 68 78 77 80 81 70 82 84 83 76 87 88 83 72 82 89 77 96 81 89 94 92 95 91 95 102 99 97 94 94 89 97 111 93 108 102 99 110 108 98 99 105 113 102 122 113 109 113 127 127 122 119 126 120 129 126 118 125 135 120 124 125 138 131 130 140 129 130 128 144 130 141 150 147 134 138 148 140 154 153 156 141 143 143 160 146 158 163 147 158 169 161 156 158 172 167 164 159 177 168 175 175 180 176 173 180 177 172 176 178 185 186 182 185 188 190 192 188 179 179 197 192 186 202 200 196 198 190 201 208 196 208 202 210 197 197 209 198 213 210 208 217 216 208 217 207 211 223 210 219 224 217 219 219 230 214 235 222 236 220 236 223 237 226 235 224 245 234 235 233 239 248 241 234 243 250 242 246 249 248 255 257 249 249 249 264 251 264 267 249 267 259 266 270 262 265 275 262 267 273 261 268 275 282 279 268 270 271 268 268 273 282 286 284 291 292 294 287 296 278 296 297 289 291 296 288 287 295 287 303 295 301 296 299 301 303 307 301 306 309 307 302 319 312 313 316 324 317 327 321 312 316 326 330 330 323 325 317 324 332 320 340 328 335 332 324 330 337 339 345 347 336 348 333 339 346 339 340 341 350 347 353 356 360 343 358 350 355 364 348 356 354 366 368 354 368 365 357 369 368 372 375 378 363 379 367 375 379 375 370 371 383 375 389 378 388 380 387 380 394 381 392 389 385 402 404 403 397 395 392 391 395 398 398 401 408 413 400 413 398 418 415 411 407 404 409 410 418 418 427 424 419 424 432 428 429 427 430 427 438 427 429 430 430 437 431 434 444 438 439 445 436 437 441 447 439 448 438 457 440 450 448 451 448 462 458 448 453 455 455 450 466 458 471 453 456 472 468 473 477 470 476 472 468 482 481 472 483 467 477 481 471 477 482 479 478 495 493 490 483 497 491 486 500 496 498 502 486 499 508 501 495 511 502 505 496 506 516
1000
0 1743 38 192101
1 3503 27 129924
1 219102 53 157872
0 2586 62 54595
1 581 4 598
1 2000000 69 56544
0 3097 57 192080
0 1273 77 192092
1 206900 79 53064
1 14634 24 117954
0 892 21 38103
1 2000000 17 25287
1 453627 83 71751
0 1296 26 192096
0 766 68 192093
0 3098 78 192089
0 2000000 24 87152
1 264080 84 192106
1 56439 61 192105
1 2000000 79 80188
1 161444 75 122074
1 749112 98 31605
0 8 3 134216
1 164575 49 16419
0 405 9 12542
0 727 45 192093
1 118972 63 192107
1 77201 34 192099
1 72941 45 140532
1 7704 29 192087
1 231262 55 77735
0 3466 82 159526
0 108 74 166729
1 286246 69 11548
1 78028 78 97259
1 2000000 63 66720
0 1212 51 160262
0 5382 69 25786
1 19262 30 192105
1 2000000 42 115011
1 196154 70 192104
1 20582 53 192095
1 314343 64 192099
1 292644 77 173423
1 123577 55 167950
0 5852 82 183740
1 292251 70 192102
0 641 17 192086
0 819 34 192090
0 2000000 81 94109
1 22102 28 192088
1 32629 24 192097
0 5744 92 83693
0 345 38 192089
1 2048 9 192084
0 292 31 192088
0 3414 56 192106
1 413390 79 192087
1 416 3 192107
0 3705 48 192099
1 76832 59 2044
0 1326 27 182303
1 121322 46 102635
1 236593 78 125680
0 1105 60 192107
0 2633 38 100685
1 9438 11 164070
1 272414 99 199652
0 390 5 167666
1 7244 17 192104
0 71 5 192087
0 2496 32 142076
1 2000000 30 60433
0 1196 45 192079
0 3843 86 59845
0 6006 77 135117
0 3857 98 163351
1 31341 21 192093
0 1810 84 192107
0 4671 100 192107
1 563550 85 25262
0 4402 73 161582
1 509600 99 192083
0 400 79 192086
0 5121 77 192107
0 90 2 192078
0 74 22 192086
1 11855 60 52195
0 1388 51 192094
1 443563 90 48474
0 3164 77 75580
0 7313 98 27141
1 271265 62 192090
1 23620 54 192083
0 573 95 52283
1 89201 45 192093
1 528 3 192107
1 2000000 74 140013
0 540 12 192097
0 2425 78 192093
1 5920 19 75799
0 4223 67 57211
0 146 14 192079
1 179118 54 138551
0 2000000 25 108567
0 1191 56 99478
0 2000000 92 130294
1 107144 38 192080
0 6084 78 114962
1 33197 29 108921
1 9214 57 192091
0 363 5 162164
1 8096 11 33908
0 70 12 30603
1 2808 6 104886
0 2472 91 113988
1 8070 12 192095
1 2000000 59 184097
0 3278 72 192093
0 1985 91 192105
1 83540 37 192107
0 3432 44 121022
0 160 36 167084
1 77148 32 192100
1 102085 40 192087
1 60390 36 147689
0 3259 77 192091
0 184 3 180829
0 1487 37 22340
0 7722 99 141243
0 156 2 178840
0 126 76 61487
0 6490 94 197559
1 604032 88 40363
1 5958 15 192090
1 124510 51 137526
0 6162 79 126047
1 128849 48 80797
1 11766 17 64922
1 75775 52 94567
1 2000000 17 106481
1 90168 34 20497
0 1778 71 109499
1 2618 8 62691
1 85842 53 65556
0 5694 73 168991
0 60 31 192083
0 689 12 192101
1 1068 4 192107
0 1014 13 151635
1 19283 17 192102
0 511 34 127624
1 282869 80 450
0 1889 47 14939
1 74592 32 192103
1 6162 9 192094
1 415662 73 163239
0 754 20 160915
0 2000000 97 101667
1 2000000 31 29690
0 2000000 75 76624
0 84 19 4377
0 70 4 192102
1 71883 32 192101
1 404477 94 66919
1 92535 72 192095
0 2000000 54 53922
0 2045 74 192103
0 738 26 139514
0 2482 46 192081
0 2000000 60 56825
1 2000000 16 99133
1 35851 30 14902
1 462462 77 163016
0 6243 85 90034
1 50413 42 192080
0 4154 68 192103
1 2000000 2 20418
0 340 14 6920
0 1221 19 192082
1 291557 85 192106
0 889 14 192104
1 2566 6 91549
1 5373 9 107439
1 29 2 192100
1 703371 95 192099
0 2177 43 192078
1 1634 5 192081
1 24557 27 157566
0 1350 89 192094
0 2894 42 14863
1 24857 22 192107
1 544576 86 192095
1 229415 97 192095
0 3748 57 132979
0 7566 97 114828
1 14214 88 192099
0 5449 71 192090
1 26585 74 192096
0 2000000 9 175148
0 2000000 75 61205
0 2000000 68 108688
1 257958 71 120794
1 481064 79 192107
0 2000000 91 80791
1 5884 28 157176
1 232068 85 192077
0 1728 34 92661
1 32417 30 133054
1 138489 43 102268
1 119510 67 62739
1 248928 85 164632
0 881 17 192091
0 990 24 158807
1 66318 60 192107
1 22782 67 192090
1 2000000 21 64052
0 51 7 92235
1 497576 94 192087
1 359048 76 192106
0 1558 65 88440
0 5058 93 176154
1 128819 69 55237
0 447 94 192102
0 2000000 94 141757
1 194561 62 192100
0 31 7 192092
1 596606 100 31065
1 37997 29 188606
0 559 53 192100
1 78026 98 159458
0 1982 29 192082
1 8095 29 107291
1 48696 49 77209
0 5295 80 192106
1 187278 49 106997
0 4665 89 192106
1 2000000 90 28333
1 417083 79 16488
0 4476 82 131863
1 17550 15 48245
0 7176 92 115420
1 67486 31 18064
1 663441 98 192101
1 23892 19 192091
0 2286 32 192100
0 3772 76 173010
0 5300 93 42280
0 95 22 167189
0 2000000 68 189485
0 3838 87 192100
0 701 46 192096
1 2000000 66 23662
1 222433 54 169512
1 8099 12 192090
1 23931 23 192078
1 415662 73 81704
1 14934 20 192097
0 834 25 16892
0 2641 77 166057
0 208 55 192104
0 2000000 93 64811
0 2000000 21 148522
1 2000000 48 49893
0 3857 98 192104
1 164277 47 192077
1 48901 61 69794
1 5577 51 192102
1 100589 52 76870
0 2102 45 192102
0 2000000 3 180000
0 693 36 192098
0 170 12 192081
1 195000 50 108373
1 327467 82 110091
0 4446 57 40885
0 2000000 30 184517
0 2000000 8 191625
0 348 34 1098
1 22112 44 192105
0 1014 13 107127
0 2409 61 47185
0 4655 83 192089
0 1590 90 85180
1 447681 96 11334
1 416819 99 192101
0 2260 60 180228
0 729 77 192096
1 15379 83 192097
1 702 3 88670
1 29925 20 192089
0 5105 74 192095
1 3298 27 192103
1 19254 20 192106
0 5871 80 192080
0 374 8 192096
1 159756 73 21663
0 2155 67 24111
0 1925 96 161258
0 2183 69 192095
0 3589 48 112940
1 2000000 63 8944
1 2000000 7 49370
0 5543 90 192103
0 514 98 192081
1 60597 85 192086
0 113 8 118216
0 1489 57 192097
0 1716 22 109213
0 795 26 192077
0 1821 32 192099
1 49080 52 192083
0 1 5 192100
0 2599 60 192101
0 2000000 83 134626
1 130544 80 192103
1 111574 78 112111
1 9294 11 192099
1 168074 68 192098
1 1042 16 192082
0 1741 46 34586
1 94290 41 77708
1 389634 95 192091
1 35304 46 192082
0 4144 94 192102
1 321992 66 192096
1 10437 15 67726
0 2000000 98 55295
0 11 69 192085
1 1134 7 113799
1 216027 63 62253
0 3018 59 192095
0 215 25 82852
0 152 11 113544
1 325959 94 197948
1 503 35 20917
1 59957 30 192085
1 69585 43 156132
0 3383 59 192103
1 35258 22 92533
0 1766 34 192095
1 254663 64 190542
0 1326 17 147936
1 259957 60 80421
1 86009 36 95507
1 84897 46 101108
0 461 19 112873
1 146248 44 192103
1 2000000 4 155737
0 2344 75 196185
1 112165 52 192092
1 2000000 90 33067
0 2317 76 192090
0 256 16 192085
1 2000000 30 21226
0 3888 84 9476
1 35973 28 192093
0 4292 80 192099
0 290 4 15612
0 2356 57 3516
1 344759 81 62463
0 262 74 174990
1 70392 81 192106
0 1605 92 192083
1 8934 28 77649
0 1170 35 192098
1 2000000 56 104470
0 5230 73 58212
0 127 4 192093
1 596135 96 71327
0 802 34 192084
1 185101 65 192089
1 1379 34 192097
1 41378 38 192106
1 224512 84 192088
1 199213 71 50263
0 66 7 11170
0 2000000 50 59389
0 1220 58 125108
1 6139 40 192087
1 124367 73 161541
0 2000000 100 68611
0 3374 83 192080
1 553451 87 82675
0 765 15 192087
0 1547 78 192080
1 23479 18 192090
1 47011 95 151210
0 2000000 89 69445
0 1186 54 192103
0 4001 74 70525
1 2000000 74 73662
1 627642 92 77633
1 2000000 92 37824
1 162630 95 192097
0 1197 22 192081
0 2383 72 183986
1 123454 76 192081
0 7267 98 81798
0 190 40 67373
1 195822 79 149343
0 903 34 122213
1 70200 30 109350
0 4081 78 192096
0 5190 83 6532
0 546 7 34362
0 1326 17 3740
1 15248 74 192101
1 194825 59 192091
1 537342 83 35103
0 2000000 18 183946
1 438319 76 192086
0 5694 73 52684
0 515 27 129919
0 3297 59 192104
1 87326 49 192102
1 6201 9 168659
1 2000000 9 2068
1 120732 67 109554
1 87490 50 96685
0 28 3 191787
0 87 3 125451
1 10721 13 140681
1 2000000 80 120079
1 2000000 69 144987
0 2000000 33 93993
1 125064 59 65709
1 63650 79 192105
1 13624 16 128643
1 107344 54 192079
1 821 4 46821
0 1390 85 194329
1 86882 56 192104
1 12572 17 95957
0 379 9 192077
0 638 12 75269
0 452 37 20587
1 393198 71 129919
1 174312 60 95425
0 3866 70 135768
1 6970 14 76226
1 116 2 128691
0 2574 33 86587
1 71760 69 466
1 63310 35 192078
1 215 2 58883
1 2449 6 21503
0 742 92 192096
0 710 100 192079
0 1070 32 86209
1 359 4 192100
0 117 4 192083
0 187 90 182752
1 2000000 81 143940
0 5137 86 141244
1 242361 64 192100
1 25893 90 192106
1 57524 43 192084
0 1589 98 192081
1 152426 47 192083
0 1208 41 192086
1 2000000 45 99754
0 7101 97 142015
0 3600 76 176707
1 17550 15 130718
1 4576 16 163048
0 844 27 163280
0 2056 50 141652
1 27079 33 45442
1 703950 95 21504
1 2000000 62 43507
0 2000000 74 73690
1 1336 5 106880
1 133281 63 192102
0 2 72 116941
1 118702 64 17900
1 27890 86 43236
1 23942 32 172432
1 140108 57 91677
0 263 100 192090
0 2030 53 182900
1 6252 29 192098
1 6623 10 59462
1 204246 71 192086
0 92 12 69464
1 193650 82 192106
0 18 13 147282
0 1665 23 192094
1 262216 80 192077
1 2000000 38 134288
0 3463 62 192077
1 140017 47 79330
0 2825 51 192085
0 3314 99 192083
0 531 31 192102
0 534 18 99683
0 2000000 87 44497
0 1748 73 134443
1 48343 36 158711
1 3381 8 192079
1 60458 78 149234
1 165048 46 153194
1 29523 71 134253
1 2000000 76 89237
0 6065 83 192099
1 136185 93 127703
1 15202 33 130575
0 6486 84 192091
0 1202 16 192096
1 10668 35 192105
1 109441 67 192094
1 2000000 90 77752
0 412 83 123792
0 1157 68 120279
0 2000000 98 39021
1 2000000 46 80885
0 13 41 163672
1 415917 91 192082
0 762 25 192098
0 2808 36 122864
1 274106 87 192086
1 2000000 36 786
1 179052 74 166516
1 524472 82 113543
1 2705 11 192096
1 219819 64 114285
1 7521 15 44185
1 41679 47 7388
0 5204 68 192099
1 718848 96 154257
0 4270 93 184843
1 129814 46 192090
0 2828 56 192080
1 120 5 42225
0 4988 83 192089
1 34269 23 192096
1 423853 80 89009
1 83343 56 192080
1 749112 98 148114
1 75631 53 192101
1 32946 59 80659
1 104111 37 29195
0 4057 55 192085
1 32747 23 33036
1 2000000 32 133898
0 2000000 76 139426
0 1829 30 192096
1 318190 74 44447
0 2704 37 192100
1 53027 45 53146
1 338368 79 192105
1 475675 83 192100
0 2000000 1 160354
1 66933 37 192106
0 1018 49 190819
1 382225 85 73051
1 2000000 60 154403
0 1538 80 64489
1 30334 31 192089
0 2383 36 135563
1 2000000 43 74507
0 2874 41 158814
0 2179 80 192091
1 172620 77 192096
0 2544 46 192083
0 1115 70 85545
1 57647 28 160555
1 149107 51 192565
0 2753 78 163632
1 31347 66 140429
0 1014 13 115268
0 2102 65 5527
0 132 8 192085
1 320468 84 9058
0 529 40 192085
0 6805 88 192094
1 2000000 24 150824
0 562 18 192083
0 1582 37 168245
0 3708 94 192080
1 11202 19 183550
1 214889 68 192100
0 545 51 192083
0 1205 18 69424
0 61 35 192083
1 419805 88 192106
1 2000000 16 177918
1 23588 29 192097
1 2000000 14 3008
0 4165 83 160474
1 16884 24 118124
0 1841 65 192083
1 117543 80 192090
0 232 12 73157
0 2835 40 166037
1 9224 14 192079
1 30503 33 192098
1 29846 38 68601
1 88747 46 121114
1 361 36 192089
1 59544 33 72648
0 5621 83 192077
0 1816 24 143981
0 415 15 78376
0 436 7 19377
0 4726 91 192095
0 4557 73 30977
0 6396 82 186116
1 335853 68 192106
0 804 72 9462
1 34121 62 192082
0 1070 96 167457
0 1638 30 192100
1 33055 21 163102
1 27424 30 192104
1 105293 44 192081
1 273160 60 29188
1 257882 81 183983
0 4962 100 192080
0 2000000 49 123969
0 3318 54 21449
0 2505 43 192096
1 27921 22 55948
0 356 5 192088
1 126446 89 192106
0 743 21 90738
1 3247 24 192100
0 1588 35 192093
1 2000000 86 152525
0 876 16 76860
1 175097 57 192102
1 73294 66 192107
1 45121 35 106449
0 7254 93 128554
0 2007 73 119492
0 4508 93 192091
0 6396 82 175632
1 20527 17 24915
0 1479 19 118607
0 525 62 192086
1 255733 96 192093
1 421774 74 50413
0 2433 33 192089
0 2416 68 192085
0 3173 44 98937
1 124800 40 128366
1 16907 30 192105
1 688 5 27895
0 2409 82 162096
1 34460 47 135424
1 11232 12 41199
1 61398 30 80606
0 1755 28 192102
1 614085 93 192092
1 19229 25 121003
1 43033 28 117762
1 74958 31 485
1 143008 84 192090
0 786 37 192107
1 45 1 118930
0 1966 32 49580
1 34207 50 192083
1 2000000 15 71907
1 18417 74 29666
1 6689 11 120188
1 695972 98 74983
0 2000000 73 119448
0 715 47 192099
0 1872 41 192104
1 11662 13 192091
1 3822 7 26284
1 61855 67 192078
0 3980 56 14147
1 285908 74 192085
1 2000000 37 12967
0 2062 31 174423
0 3145 60 192078
0 24 4 192093
1 158983 63 192099
0 2672 36 192083
0 667 13 192082
1 252531 58 192088
1 1807 59 192099
1 29837 40 195132
0 1477 28 192082
0 2000000 5 174643
1 191860 76 192097
1 662706 97 76856
0 393 6 41743
1 4750 11 154612
1 185874 54 186191
0 765 26 145454
1 10204 95 192093
1 8899 11 192102
1 2000000 35 140965
1 48750 25 25256
1 808 5 171854
1 154026 54 192090
1 25806 83 141791
0 7410 95 9062
1 2000000 94 28258
1 130153 49 192101
1 679693 98 192080
0 5333 95 176926
0 1389 26 69745
1 27935 41 192088
1 228160 72 192080
1 229 4 132258
1 26299 36 192079
1 65976 31 45626
1 346304 93 198436
1 238344 75 192082
0 55 26 192102
0 1199 88 192082
1 2000000 36 186279
0 1095 80 78051
1 63595 42 10816
0 134 13 47011
0 5240 90 68850
1 23534 92 192086
1 664019 100 72214
1 590382 87 144264
0 58 16 171455
1 685 4 16160
1 24384 21 147744
0 620 74 192100
1 225883 64 2845
0 237 4 192094
0 45 1 192082
0 1691 67 192107
1 13545 16 192080
1 6225 15 192103
1 145324 98 149881
0 348 8 192086
0 2431 100 192087
0 1379 44 191454
1 1693 28 58458
1 512788 85 192104
0 949 41 2150
1 11886 14 192095
1 6906 54 197953
0 363 8 192104
1 65821 56 169490
1 52194 31 192079
0 1628 55 192103
0 2096 53 192093
0 30 31 147510
0 357 75 162524
1 462462 77 52598
1 2246 19 192102
1 117227 40 155775
1 304127 70 192104
0 2010 82 192078
0 2647 94 192085
1 93709 80 192104
0 2340 30 52071
0 509 22 192104
0 2388 38 82940
0 2000000 9 142004
1 2000000 49 144673
0 2246 33 29549
1 558798 88 47163
1 2000000 93 22676
0 4056 52 186515
1 117285 60 192101
1 310963 67 192104
0 6974 98 192085
1 2000000 40 153482
1 2000000 50 166953
0 2000000 19 19479
0 1863 34 192080
0 6774 90 192091
1 2000000 9 140347
0 596 82 192098
0 1023 54 80291
1 91295 39 150393
0 2000000 34 139423
0 1300 34 92741
0 801 70 192635
0 2668 40 28463
0 3448 57 87073
0 2536 34 192085
0 1820 84 192104
1 2000000 14 120454
1 97064 57 166049
1 151008 44 29016
0 1643 31 192092
1 242940 75 158621
1 347600 90 134771
0 7497 100 140084
1 268115 65 192090
0 936 70 14483
1 2000000 89 175611
1 20901 78 84136
0 619 16 192101
0 4912 80 192078
0 1428 70 98567
0 46 18 192089
0 2000000 48 48777
0 6332 92 196709
1 2000000 69 10007
0 3424 92 192104
1 22534 17 184313
1 28302 20 192093
0 2020 30 192102
1 38947 26 192093
0 5541 84 192101
1 273418 75 143821
0 354 42 192078
0 362 8 110269
1 714133 98 149117
1 56282 81 192079
0 5845 75 78414
1 348605 93 164339
0 4788 74 192082
0 1152 27 192094
1 2000000 40 52883
1 260740 65 192077
1 23504 24 88868
1 80815 37 51436
0 1511 47 109633
1 138650 58 160271
0 845 13 192078
1 9625 14 192090
0 2422 39 192081
1 2000000 68 168084
1 91606 42 192087
0 2000000 81 91904
0 789 53 192081
1 536289 89 129056
0 542 13 197732
0 2184 33 85577
0 651 30 192106
0 475 40 192082
1 8791 13 33856
1 733902 97 59056
1 617838 89 47438
1 2000000 16 63037
1 63890 44 189712
0 1224 36 25316
1 13046 34 186089
0 5313 83 192088
1 182284 62 192099
1 368406 82 192080
1 37862 43 130969
0 1327 80 160714
0 2000000 32 40474
1 4528 30 68486
1 246674 83 192082
1 79025 32 142114
1 235578 89 192079
1 175747 79 192084
0 672 18 192091
1 71915 36 192094
1 2000000 40 170914
1 45613 45 192099
1 28158 19 52089
1 1266 9 192100
1 24918 27 192101
0 1950 29 192095
0 3867 97 192088
0 2491 92 192081
1 117614 65 183685
1 997 7 192103
0 3863 77 69062
0 11 1 22721
1 2249 12 192098
0 86 12 192094
0 858 11 112735
1 48498 61 192091
0 3390 78 138886
1 295578 96 192098
1 180 2 97499
1 20027 23 192094
0 2000000 52 173336
0 612 67 91536
0 112 4 32843
0 1295 25 160859
0 4102 53 13537
0 2000000 86 73883
1 39901 56 93366
1 85429 77 160337
0 1461 26 192096
0 5694 73 137518
0 3724 60 157774
1 412482 83 193856
0 4711 98 192089
0 2169 29 108202
1 1058 4 192081
0 448 6 192085
0 1218 78 103214
0 6802 99 151833
0 441 25 192095
0 764 13 70325
0 2258 37 192081
0 3792 80 192083
0 191 23 192082
0 6169 93 13498
0 5732 83 192086
1 132599 55 196946
1 4423 29 134381
1 61066 75 192102
0 109 2 192077
1 21359 33 192078
0 1880 30 72831
0 1905 62 17343
0 5478 93 192096
0 855 26 192077
1 3168 68 192103
0 3124 62 42165
1 118734 60 19537
1 82693 34 192092
0 898 16 179810
0 187 94 25522
0 1253 93 192098
0 831 75 192086
0 5798 95 136009
1 189564 57 192081
0 2000000 92 64018
0 2557 60 73368
1 749112 98 6412
0 291 14 192083
1 563550 85 94218
0 2674 40 192091
1 131429 74 192098
0 798 64 1589
1 684491 97 109236
1 24491 30 192104
1 40587 60 168350
0 970 17 192077
0 611 11 192087
1 2000000 75 153623
1 293758 96 192080
1 88408 45 154293
1 69296 69 192099
1 21257 19 192098
1 96766 92 192082
0 1560 20 139124
1 189919 94 192086
0 1523 41 53539
1 47680 27 33962
1 393198 71 167205
0 565 28 165085
0 4441 95 28597
1 131976 49 135422
0 221 44 121511
1 16981 24 192079
0 646 24 192104
1 172598 52 192079
0 2408 40 35724
0 146 13 192087
0 6474 83 88531
1 43481 36 192098
0 1536 53 53997
0 2000000 52 148339
1 620440 97 192079
0 198 53 34031
1 561863 96 98993
0 2059 54 99624
0 533 26 192077
0 1778 76 192080
0 915 21 192090
0 834 28 192081
1 31965 26 192093
1 4698 13 70184
0 5847 85 192098
1 2000000 28 104285
0 261 23 192090
1 10714 13 192093
1 169671 84 192091
0 468 6 163928
0 2909 65 192079
1 2000000 99 7622
1 7800 10 70178
0 5619 77 192098
1 53344 28 192082
0 1743 52 140920
0 263 72 160245
1 33325 21 192080
0 1528 21 61382
0 2000000 46 150761
1 359027 90 192095
0 2000000 85 31593
0 1915 53 192100
0 5564 89 103434
0 2000000 1 100852
1 81025 60 9512
0 861 71 9933
1 56040 61 189947
0 2977 39 192105
1 640585 98 192088
0 5108 94 192096
0 4004 57 192093
0 648 89 89720
1 7042 13 68528
1 2000000 50 59648
0 2000000 92 148112
1 160058 51 192091
1 62297 41 192102
0 6144 89 119217
