1
23 -97
11
1000
1 11 4 185846
1 2000000 93 15719
0 64 89 40244
1 184 39 124037
0 87 97 176158
0 2000000 2 9667
1 2000000 80 47915
1 42 13 153719
1 121 11 131000
0 16 29 153713
0 2000000 64 71839
1 3935 99 181282
1 2000000 64 17954
0 5 48 153696
0 11 11 65507
1 583 35 191790
1 605 32 153697
0 2000000 71 52021
0 3 65 94877
0 33 50 73992
1 1321 44 153711
1 73 16 166613
0 5 31 103796
1 1984 55 185492
1 169 13 103407
0 42 91 153705
1 2000000 7 131130
1 3840 95 6235
1 624 52 56059
1 5329 73 64806
0 26 59 153702
0 82 91 165040
0 12 32 23675
1 1271 45 76877
0 2 5 37400
0 1 53 8478
1 480 77 15238
0 75 94 153696
0 6 64 30583
0 65 65 24524
0 27 59 128431
0 4 35 197779
1 6325 85 59639
0 13 69 153724
0 2000000 38 84642
0 2 24 153698
0 40 62 153720
1 86 34 59610
1 1764 54 153697
0 7 14 86775
1 7508 95 153696
0 92 93 133873
0 2 4 153706
0 2000000 75 78400
0 21 45 104843
0 55 61 153724
0 15 53 153698
1 7396 86 132942
1 35 6 11075
1 1181 59 16335
1 676 28 703
0 1 51 153722
1 1089 33 38694
1 664 27 69180
0 10 87 153700
0 24 72 153720
0 25 38 12714
0 9 41 195538
0 60 77 134108
0 17 17 140353
1 1 5 198050
1 2000000 45 68264
0 67 99 153708
0 2000000 50 129594
1 7056 84 62522
1 379 25 153711
1 25 36 153696
0 12 24 189791
0 17 98 153696
0 2 2 194822
0 7 49 153359
1 2000000 24 145431
1 3557 66 26464
0 1 67 153703
0 19 78 153715
1 2112 48 197283
1 9 4 23954
0 1 73 106449
0 18 26 6977
0 15 29 153716
1 121 11 153702
0 22 50 195055
0 72 100 153699
0 8 23 153697
0 9 9 153706
0 22 78 153719
0 1 83 153697
0 2 61 164249
1 179 34 165271
1 18 7 50453
0 2000000 22 133576
1 3942 76 153444
0 20 100 153695
1 1896 59 74012
1 808 44 81315
1 9216 96 26748
1 24 25 153703
0 10 10 199111
1 1750 44 161552
0 46 94 153723
1 2047 84 7509
0 9 57 128537
0 32 43 63952
0 2 61 153721
1 2185 92 153710
1 1181 52 171620
1 2 5 98604
0 4 4 118031
0 2000000 53 91662
1 49 7 89863
1 5 7 77698
0 17 34 153708
1 5909 81 76708
0 5 66 166580
1 4626 90 153725
0 70 89 106761
1 4495 77 153699
0 57 65 153702
0 58 82 156034
0 2000000 34 3737
0 7 35 153713
1 1640 45 136191
1 28 13 90672
1 1 5 42037
0 2 2 153703
1 820 33 153717
1 1279 43 153699
1 804 71 110761
0 9 66 153703
0 2000000 96 57404
1 2426 53 153717
1 2000000 50 152800
1 2334 61 153708
0 10 45 37092
0 28 79 68254
0 37 37 64111
1 2339 77 156035
0 5 11 153706
0 10 12 153695
1 80 26 153695
1 823 90 153697
0 1 51 153725
0 23 36 20529
1 168 44 118911
0 2000000 22 70494
0 30 48 10091
0 8 8 72213
1 1292 78 153702
0 3 23 153718
1 5631 82 153719
0 53 88 153705
1 5685 78 153702
1 61 10 108422
1 3636 68 153696
1 14 15 54529
1 3997 100 153710
0 24 27 170150
1 46 17 153703
0 29 82 153695
0 35 92 3285
1 3016 79 153707
0 3 30 153705
0 7 22 153720
0 2000000 81 15423
1 365 22 153701
0 2000000 40 102813
0 78 78 18449
1 927 32 193244
0 6 70 82994
1 699 46 153719
1 296 76 153697
0 31 49 153707
1 682 57 74219
1 473 40 153695
0 29 29 137872
1 2000000 25 100076
0 36 55 137503
1 2000000 5 145706
0 53 99 47963
1 2717 78 153705
0 3 92 142297
1 7998 97 153723
1 110 24 64414
0 94 95 165587
0 44 47 156502
0 31 36 153725
1 362 57 153720
1 2000000 34 8806
1 7751 94 147570
1 510 35 160998
1 2000000 39 60641
1 1365 37 126311
0 18 82 166579
0 16 16 27172
0 6 19 26948
0 5 27 140648
0 11 12 153709
0 6 41 153714
0 92 92 44871
0 4 23 83115
1 1024 32 143433
1 1145 58 153707
0 4 8 197507
0 28 41 153725
0 40 74 46737
0 92 92 168958
1 1510 71 153721
1 5491 77 153703
1 1 3 81785
0 13 31 99647
0 25 39 159890
0 2000000 64 45719
1 2000000 74 152365
0 42 67 11278
1 1628 49 138107
1 2399 65 153710
1 81 9 135436
0 40 63 153712
0 15 91 173974
1 474 22 151769
0 4 4 153700
0 24 38 153708
0 45 82 68818
0 62 76 160444
0 4 34 153697
1 20 15 153704
1 455 47 153710
0 21 38 153700
0 2000000 89 27823
0 60 60 47407
1 5485 92 199090
0 4 52 153724
0 18 22 21103
0 31 47 153724
1 641 52 176369
0 33 42 138357
0 24 32 38311
0 22 50 39771
0 19 67 129636
0 35 42 153696
1 754 81 98336
1 2000000 35 112558
1 103 12 153718
1 1700 82 153701
0 51 70 165157
1 2000000 31 108729
0 8 30 153719
0 2 6 153703
1 708 45 159233
1 2504 52 153724
0 30 51 153705
0 8 33 12543
0 2000000 90 57843
0 3 45 153714
0 26 84 104593
0 59 69 153697
0 28 39 153708
0 1 1 153703
1 4479 74 153723
0 62 82 153716
1 2000000 60 111105
1 2000000 47 23555
0 24 66 153696
1 35 6 153722
0 6 14 153721
1 491 23 153724
0 41 69 149965
1 7206 89 153701
0 13 19 153721
0 15 82 153717
1 2000000 43 121630
1 206 30 153703
1 2161 79 153713
0 1 61 58695
1 2319 51 153704
0 18 64 153710
1 177 47 153714
1 130 14 51517
1 2000000 56 111645
1 2 53 43316
1 3817 62 153710
0 7 36 16254
0 7 32 153703
0 25 40 199465
0 25 78 137838
0 33 66 153701
1 1490 80 153697
0 14 82 55116
0 62 74 164368
1 110 47 135825
1 2000000 82 126435
0 3 46 153703
0 17 45 153699
0 44 77 153715
1 6199 92 153706
0 27 41 153697
0 91 91 64070
1 2000000 59 45458
0 16 56 153714
1 926 31 153701
0 89 89 268
0 36 44 153712
0 5 91 34803
1 1571 49 153701
0 2000000 50 5131
1 2000000 1 72999
1 1608 41 153699
0 38 69 153701
1 346 24 153710
0 69 71 149829
0 1 6 69611
1 1604 55 153706
0 11 94 8901
0 42 42 102218
0 13 39 194311
1 1999 47 108838
0 2000000 80 140193
1 41 7 153720
1 6265 92 153720
0 41 79 165207
0 40 40 153700
1 1997 58 153695
0 55 55 80199
0 19 70 153718
1 388 35 153705
1 2000000 52 20445
1 2000000 79 98836
0 35 43 1059
1 9 5 153716
1 59 13 90170
0 40 73 153711
0 28 57 153698
1 2384 67 9128
0 2000000 64 54496
1 49 7 143456
1 1521 39 31689
1 1196 63 153717
1 6500 84 40557
0 17 27 153705
0 45 51 163300
1 33 7 195653
1 2591 54 126354
0 44 74 7146
0 89 89 163
0 40 84 119094
1 1503 44 153699
1 5731 85 44414
0 38 64 27547
1 175 21 96761
1 1418 66 153707
0 2000000 62 70233
1 20 28 46982
1 185 26 153714
0 13 17 153703
0 5 43 190751
0 2000000 32 80454
0 19 29 153695
0 26 30 153707
1 1375 61 139521
1 117 22 153710
1 5140 81 153705
0 94 94 50261
0 5 5 10014
1 1367 71 153707
0 5 8 153699
1 374 21 153708
0 41 61 60765
0 2000000 8 107288
1 199 21 153696
1 588 49 153713
1 225 15 38049
1 2543 57 153712
0 2000000 100 101698
1 2000000 31 55324
1 190 31 153720
0 4 56 153703
0 46 48 137469
1 298 19 153704
0 60 91 92211
1 1255 39 153699
1 729 27 57855
1 152 33 138160
0 5 7 22816
1 52 8 153716
1 2549 67 56754
0 40 82 153713
0 7 52 153722
0 2000000 60 96840
0 31 65 153703
1 122 23 147589
0 17 37 87362
1 588 83 50824
0 6 9 122510
1 130 24 196177
1 5427 100 65921
0 13 91 176428
0 1 1 153709
0 39 40 153715
0 26 81 153700
1 611 59 153716
0 34 80 153718
0 53 53 38078
1 103 18 153705
1 2987 89 153724
1 2965 67 153721
1 3727 97 153711
1 4403 69 131609
1 190 38 64818
1 7 6 127998
0 15 59 153715
0 5 27 153698
0 32 51 153725
1 1062 77 79374
1 2000000 89 10467
0 7 14 153695
0 48 52 32735
0 70 76 39208
0 9 9 32090
1 786 84 26284
1 34 12 57457
1 9604 98 140596
0 44 70 153715
1 1527 92 153697
1 631 40 96482
1 3414 84 65192
0 17 69 153709
1 793 33 53213
1 2668 67 153701
0 2000000 72 135673
0 28 73 153697
1 6 3 45885
0 45 59 101857
1 975 63 192880
1 989 32 182086
1 3695 78 6066
0 4 4 153711
1 4200 76 35536
1 1079 35 159377
0 41 60 153700
1 3 2 64636
0 73 78 113968
1 1003 43 183560
0 2000000 21 121253
0 91 91 110291
1 2709 96 153695
1 1125 43 83572
0 16 41 153697
1 2000000 82 75032
1 6107 83 186719
0 17 45 36567
1 7300 89 138214
0 36 36 119273
1 32 31 169148
0 2000000 1 65811
1 4624 68 146361
0 26 49 14463
0 5 22 153710
1 1461 62 162504
0 25 84 150127
0 78 78 118179
0 1 2 10860
0 1 1 35465
0 44 91 48279
0 18 18 153701
0 40 58 12350
0 13 13 24490
0 2000000 17 144131
1 2586 82 153700
0 2000000 68 27176
0 53 60 103217
0 1 24 55950
0 75 94 153702
0 4 8 13802
1 5628 97 132208
0 2000000 80 6617
0 26 100 6646
1 5633 80 153705
0 9 17 51656
0 32 45 153716
1 2232 50 93098
1 2294 56 189358
0 67 67 153723
0 2000000 96 59332
1 2224 65 37343
1 215 75 11
0 2000000 87 4498
0 40 79 7680
1 529 23 21285
1 5776 76 53740
0 27 44 19519
0 2000000 40 59764
1 2000000 60 81414
1 2235 54 153714
1 447 24 162568
0 37 53 153720
0 2000000 95 149575
0 5 23 187608
1 2000000 46 118854
0 2000000 20 39556
1 27 8 153695
1 6960 88 126449
1 3828 94 153715
1 4318 69 153709
1 1175 39 193501
1 4304 76 78738
1 2000000 77 79817
0 38 80 197335
0 18 23 153699
0 6 56 191071
1 2999 83 153698
0 2000000 93 99501
0 69 74 140969
0 4 14 134027
0 44 85 80490
1 7349 95 153715
0 15 15 153701
0 1 93 153700
0 5 30 166831
0 8 38 128729
0 15 18 153722
0 30 75 153704
1 624 31 153722
1 116 31 153722
1 4448 92 153716
1 1762 77 153725
1 3868 68 153716
0 7 11 54889
1 3424 74 153716
0 1 3 147220
1 19 26 89040
1 866 58 133716
0 9 24 73364
0 27 78 184565
1 3684 62 172127
1 5 4 11717
0 13 65 6514
0 2 5 153720
1 579 87 30289
0 38 55 145727
0 9 11 46660
0 10 22 79706
0 3 6 153719
0 21 33 112645
0 27 27 60506
1 2275 56 150281
0 87 87 59662
0 2000000 62 114579
0 1 97 153697
0 10 29 153724
1 43 12 156406
1 1138 73 153708
1 2058 92 34279
1 1143 52 141813
1 5049 96 153706
1 4391 87 57947
0 34 36 174306
0 18 33 153722
0 16 87 113077
1 3121 66 132598
0 35 36 65165
1 6079 96 20447
1 2354 100 153697
0 5 7 138565
0 49 80 136140
0 62 79 153716
0 4 38 153723
1 1152 46 172188
0 47 63 153709
0 7 36 172258
0 2 4 153709
0 28 70 90254
1 1002 35 116368
1 2000000 17 143629
0 60 93 153723
0 97 97 104757
1 190 59 118028
0 29 98 36857
1 5721 91 153707
0 85 85 88447
0 2000000 25 27910
0 49 86 22120
1 576 24 33119
1 1675 77 115901
1 456 23 183520
0 2000000 37 58027
1 2000000 83 63765
1 256 22 15954
1 791 92 153715
0 72 87 70685
0 39 52 56833
1 161 23 153717
0 97 97 88429
0 78 89 153699
1 2000000 63 96318
1 4276 70 153715
1 2944 72 25247
1 1205 84 71551
1 5142 90 29301
1 2501 90 153709
0 76 94 153723
0 2000000 17 127602
1 1143 65 59044
0 2000000 59 98555
1 1141 89 153710
0 2000000 31 65426
0 2 59 153724
0 36 54 67347
1 827 64 153725
0 23 47 153720
1 229 82 153704
1 1 4 25469
0 2000000 38 101396
0 8 28 147389
0 2000000 49 147713
1 1449 61 153712
0 2000000 27 118544
1 100 10 153720
0 2000000 74 116729
0 22 97 79501
1 4450 74 153715
0 52 55 153698
1 258 84 123844
1 807 32 153719
1 4281 68 84432
0 7 91 179148
0 9 11 153714
0 70 81 168185
1 68 38 62530
0 43 44 79769
0 22 37 153705
1 857 76 181601
0 11 45 6315
1 724 39 153715
1 144 12 123873
1 441 28 177156
0 2000000 28 36727
1 7191 87 108561
1 3204 94 153704
1 2000000 53 121536
1 75 16 90316
1 580 33 153708
0 39 66 153705
1 2000000 75 32146
0 2000000 13 89963
1 500 50 153697
1 3 34 153696
0 7 14 13013
1 1544 82 137561
1 804 42 78690
0 18 56 20800
1 648 61 94575
1 120 61 153708
0 2000000 79 49315
1 421 21 52415
0 7 15 153714
1 2000000 18 96204
0 2000000 17 31634
0 25 46 145887
0 27 43 152800
0 78 83 136718
0 2000000 37 80209
0 26 36 153721
0 2 3 153720
1 192 24 153711
1 544 28 153724
1 14 13 186958
1 3114 99 153695
0 18 31 153696
0 15 40 153722
1 1043 44 117090
1 2890 82 153701
0 39 57 153722
0 2000000 77 73658
1 1662 87 168036
1 6789 83 142985
0 45 73 153705
0 15 16 153696
1 1620 79 178773
0 12 12 17722
1 993 39 195617
0 34 82 36277
0 3 3 153700
0 22 23 153698
1 2000000 48 109110
0 2000000 14 58939
0 63 93 153714
1 1521 39 28882
0 2000000 37 47844
1 5829 79 89422
0 20 78 153722
0 65 65 60449
0 5 18 153715
0 14 54 153711
1 3030 62 113126
1 303 24 153705
1 139 16 153701
0 8 79 153721
0 6 90 69590
0 2 4 153725
1 9 4 153718
1 1001 91 27244
0 3 20 14559
1 2000000 12 78292
1 5980 93 38182
0 25 34 153724
1 129 78 153708
0 6 9 105768
1 472 24 92954
0 7 78 86495
1 2000000 31 10197
1 925 62 153712
1 2348 54 153696
1 135 21 153715
1 1488 52 195456
0 2 27 15957
0 51 51 57060
1 16 4 1078
0 2 15 60533
1 2000000 42 77273
0 2 37 79280
0 29 29 25614
0 80 85 153702
1 9409 97 78029
0 10 47 153703
1 2000000 37 87338
0 44 48 191785
1 5576 84 27110
0 36 36 134894
1 100 15 168096
0 26 49 138127
0 2000000 99 37303
0 8 85 159754
1 163 23 153707
1 1930 49 141438
0 38 79 153722
1 788 58 185269
0 34 58 153713
0 34 35 95628
0 48 56 143772
0 9 9 31461
1 1998 47 51789
0 3 45 9461
0 4 20 144350
1 165 100 117760
0 3 15 192898
0 2000000 6 117224
1 2621 75 153704
0 79 79 18750
1 2884 86 153701
0 20 65 95557
0 14 43 148693
0 39 51 153716
0 68 68 118973
1 489 49 153704
0 2 3 158117
0 3 33 153697
0 8 11 153725
1 361 19 29963
1 3665 89 153705
0 24 27 153723
1 5517 75 75831
1 349 43 111198
0 31 45 153710
0 2000000 77 49386
0 30 95 153703
1 4624 68 122644
1 75 12 175657
0 2000000 77 138232
1 16 5 89538
0 29 38 153714
0 34 38 82500
0 2000000 44 69341
1 162 20 153708
0 36 48 191645
0 63 91 153720
0 55 68 153697
0 1 1 158397
1 2000000 11 23532
0 7 27 116904
1 109 19 41172
0 4 4 153717
0 51 81 92470
0 49 92 145770
1 818 57 153705
1 6542 85 153710
1 2174 53 153381
1 4624 68 111720
0 1 3 153712
1 3402 66 98391
0 67 67 74663
1 2681 59 153725
1 322 32 153703
0 40 74 105321
1 119 14 153716
0 48 48 59577
0 23 58 153713
0 18 62 153702
1 2000000 34 134740
1 3840 94 195936
1 348 73 153711
1 345 79 153703
0 20 70 153703
1 1395 44 153717
0 20 100 153696
1 380 38 161517
1 2341 55 153712
1 530 29 153699
0 2 12 170534
1 2116 46 6028
0 57 64 153707
1 3658 88 151566
0 5 9 153703
0 66 91 130942
0 2000000 42 148998
0 11 26 39901
0 5 60 153723
1 2579 56 153724
0 5 6 19379
0 2 33 153699
0 12 32 153720
1 363 51 136797
0 37 70 38413
1 27 29 89895
0 40 40 50361
1 48 14 53136
1 36 6 66274
0 30 43 153719
1 4231 94 153720
0 76 100 3197
1 5052 75 153720
0 24 95 55654
0 2000000 40 40289
1 4624 68 63046
1 2000000 32 91917
0 44 64 153717
0 63 63 130317
1 95 11 173191
0 36 47 141716
0 6 10 153698
1 922 39 153718
0 11 99 91690
0 25 91 153707
0 3 21 97471
1 51 20 70526
0 2 3 87247
1 57 8 127733
1 53 11 153712
1 78 9 153698
1 2000000 63 105385
1 3492 79 153695
0 1 18 5278
1 439 27 54871
0 32 38 52107
0 56 56 153708
1 226 22 153720
1 2000000 11 41457
0 2000000 79 152270
1 2000000 56 125260
1 481 86 153714
1 261 23 153715
0 2000000 17 109863
1 1312 75 176368
1 318 28 153696
1 228 27 47171
1 5068 82 153724
1 7146 87 153703
0 90 99 84684
0 10 61 185918
1 29 11 34663
0 2 3 33694
1 8464 92 27240
1 2 2 153711
1 1002 58 185704
1 2000000 73 77438
1 1088 53 153705
0 14 35 118763
1 145 23 153724
0 8 99 153706
1 13 5 181129
1 8281 91 147588
1 5177 94 115635
0 17 27 153695
1 701 27 1496
0 85 86 153711
0 28 48 153724
1 6114 84 193426
0 30 37 28738
1 231 62 153717
0 8 8 153707
0 68 93 153723
1 35 11 153712
1 259 68 6216
0 1 20 103028
1 6076 81 13930
1 1 2 92667
1 253 39 153697
1 5368 79 47956
0 11 11 153713
0 1 46 36129
0 14 69 13015
0 69 69 34774
1 2441 62 181759
1 1707 44 153696
0 15 44 153698
1 1 19 29533
0 58 99 153702
0 23 23 71225
0 2000000 28 4064
1 500 35 153707
1 1 2 16766
1 443 88 89331
0 47 72 153704
1 5903 91 153704
1 2000000 77 127912
0 26 58 142836
0 6 86 153704
1 63 10 153698
1 41 8 166479
1 1714 64 15983
0 2 8 153697
0 2000000 39 46641
0 2000000 57 68372
1 2375 68 153719
0 2000000 76 145432
0 62 79 153714
0 18 96 153711
1 1 1 153701
0 38 59 45152
0 10 11 34309
0 2000000 38 2690
1 455 25 53316
1 423 43 153697
0 13 26 141566
0 25 39 153696
1 3200 89 153716
1 780 44 108038
0 2000000 50 55827
1 2442 66 28931
1 2000000 28 152470
0 31 37 153704
1 3 2 165123
0 54 75 153707
0 2000000 93 28381
0 45 48 171858
0 1 59 153722
0 73 80 57761
0 10 15 153725
0 97 97 63736
1 1969 54 153710
0 24 68 9272
0 31 79 153703
0 5 28 153725
1 2087 70 153723
0 3 52 76778
1 2819 72 68564
1 732 37 59445
1 1565 54 121367
0 63 71 155389
1 120 15 65610
1 2671 54 153711
0 21 37 153723
1 808 39 153698
0 13 79 111990
1 2000000 39 88890
0 5 62 153721
0 39 41 153707
1 2450 54 13537
1 3699 65 109535
1 9 4 153725
0 21 93 153714
1 7654 95 113112
1 64 13 197380
0 3 9 142049
0 37 37 101551
1 1683 63 153721
1 24 6 153711
0 31 62 161631
1 675 32 153696
0 2000000 10 103012
1 2674 56 75215
1 6064 90 153709
0 92 97 153698
0 64 64 34368
1 639 30 179493
0 75 86 185650
0 2000000 24 102271
1 7 6 153719
1 1089 33 137
0 51 84 157927
1 3447 75 142713
