334
80 7 28 48 70 21 28 29 90 15 68 33 62 10 4 2 60 84 27 60 34 64 70 35 18 30 91 100 40 45 44 8 97 80 3 40 4 97 16 23 22 55 61 52 57 87 87 7 24 17 66 33 58 39 5 43 72 32 27 76 33 66 59 6 96 51 67 72 94 66 26 1 32 50 2 86 18 7 0 1 94 21 23 67 42 33 57 34 34 60 65 81 77 7 93 79 16 86 71 34 16 26 80 79 26 33 56 28 24 89 64 97 7 20 15 92 19 87 62 11 2 34 19 31 42 98 50 40 96 35 72 91 30 100 37 99 96 21 95 95 36 20 45 59 35 27 44 77 75 62 61 92 98 13 8 84 59 46 60 91 76 80 56 15 11 75 38 8 62 18 35 75 48 65 34 96 22 22 78 69 25 36 17 51 24 96 86 31 55 10 55 60 69 60 9 59 66 28 67 99 83 84 68 18 54 83 57 1 22 69 20 100 14 13 70 90 5 66 31 30 26 29 7 80 6 66 3 35 4 23 57 47 89 98 10 38 57 97 79 92 50 60 29 7 49 97 30 31 7 19 33 34 9 26 53 96 75 69 1 14 9 50 57 12 33 23 28 5 14 55 1 94 82 8 59 41 59 35 28 66 30 95 39 8 51 3 90 11 44 77 30 58 1 32 47 1 5 97 0 27 14 24 58 8 54 11 94 50 72 47 4 23 48 1 78 87 71 29 75 75 82 23 12 34 59 21 57 52 57 95 58 78 63 57 57
198260 99281 110644 115166 142350 122659 107068 169320 162243 99836 103691 73017 188614 124296 81698 192185 172171 130935 115723 139160 141698 155091 89357 149389 137175 79113 127309 66889 166736 78693 96706 87056 178044 67031 118911 73502 194190 100630 89124 176468 148203 65207 98743 90913 80978 76939 167859 133992 129561 92948 162574 135737 105743 171323 64280 83970 132200 167429 82544 181080 128593 174150 121491 90921 63695 185404 156827 190303 148422 78168 170885 198726 70129 170315 189502 170438 123120 118840 119731 166688 128353 123741 97600 92526 124383 79405 175243 183864 143700 131185 66283 190459 146580 183083 71228 99617 86081 94149 89721 75859 83391 136148 119525 199724 68477 130142 186628 139280 108585 129556 178119 119693 184237 86639 142482 116268 159755 177194 162886 182763 96995 198680 170690 110396 169806 181787 145702 153884 80498 109445 86388 110748 65573 129570 162464 184401 93759 153269 129308 178079 74974 150928 192345 107942 92212 166033 130145 198335 91122 64974 113578 89500 114885 174900 119326 86775 148987 157358 147841 148794 181257 170340 178121 190221 154458 124974 80929 179723 114444 92320 167272 94458 87114 138022 71481 143180 112015 169029 184637 186905 107802 114163 76201 134650 133293 121981 115176 124334 106461 168436 98500 99514 141379 90258 195484 182189 174043 190835 130111 116106 162484 199761 197584 137473 107695 63486 68650 168249 124200 116761 137706 161095 155791 96654 199310 171659 110770 66934 73744 73929 198751 124090 88064 149865 85434 188907 65782 139433 142081 120876 82766 186257 112272 97684 66268 118984 125895 110360 157947 138398 137541 86956 143693 96014 159823 67536 189535 172225 188136 73788 178984 99372 79311 166676 190105 106385 120909 67778 176725 150297 68278 62975 162080 118327 87711 125869 145130 192137 67636 75396 135982 83242 156031 179324 105107 158894 193509 115417 100080 73976 82838 174511 194397 80756 114750 108932 159295 164546 99103 108452 166675 136973 149960 63376 181900 87038 142441 84780 148046 178698 109073 186196 90765 198729 94013 153614 92368 89259 140672 177522 196317 156339 119768 174947 129638 182555 184797 158630 101099 96337 163956 83043 84829 142404 77046 105904 157455 135898 187684 167062 183397 103195 164631 96305
47
0 1777 89 38652
1 2000000 65 6781
0 38 3 8926
0 364113 38 9894
1 58192 57 34387
0 1700 85 33803
1 707 28 49393
0 2000000 28 37823
1 5598 42 10840
1 2000000 29 25467
1 2000000 30 37660
1 41208 70 17480
0 203898 67 2356
1 153057 90 2208
1 23123 34 8196
1 2000000 97 38295
0 840 42 5509
0 446 53 12581
1 60500 55 572
1 2420 11 52233
1 2882 12 50537
0 416 21 45353
0 305 39 32042
1 36826 49 44270
1 58319 54 45986
0 2000000 95 19159
0 2000000 79 35493
0 1415 71 13141
0 1797 99 41920
0 1520 76 20893
1 4663 100 51635
1 720 6 4258
0 1451 90 43194
1 178 3 30279
1 54080 52 38495
0 458 38 19761
0 2000000 64 16047
1 98005 70 21554
1 57866 90 60445
1 5121 16 2033
1 25601 45 48604
0 1280 64 41137
1 21780 33 17503
0 475 24 22012
0 1040 52 48119
1 2000000 70 53461
1 39505 46 41265
