217
-16 70 27 -2 38 54 99 84 49 78 25 39 86 43 89 100 9 -2 -53 -79 64 -56 75 -4 49 90 50 95 -17 24 19 -56 -49 27 97 -85 59 57 -37 79 -25 -77 68 -29 20 55 -67 48 3 47 83 -67 85 82 45 -2 -42 74 -36 42 51 -1 -13 -35 36 72 62 -75 99 65 -13 50 5 -4 -92 -22 0 88 -45 13 -4 -18 38 -81 32 -64 -38 38 58 46 -76 61 29 39 -35 -45 -4 -75 -20 6 10 -2 83 82 -37 -77 23 -97 1 34 -20 -33 86 -34 43 45 49 37 62 -85 -12 -6 -90 47 -91 -97 -20 -25 88 38 54 47 -73 56 90 40 7 -5 -73 -79 -75 18 81 57 -6 -27 83 17 -36 -68 7 43 -24 -66 -58 -90 -20 26 -86 40 59 38 76 80 -34 3 -77 -6 55 -16 -77 48 -56 -96 1 36 -63 38 -31 -78 -54 92 -44 91 2 47 71 -29 63 44 9 68 -72 8 74 79 47 -5 -35 64 -100 -85 -59 83 -78 -3 74 -69 -7 98 30 94 16 -95 -94 -48 -5 -20
196213 189636 196260 197437 186894 195991 181549 197468 186053 199804 178957 187667 174637 199754 179240 193341 177756 190877 185384 197112 185647 178998 186683 177285 177956 179704 186320 177068 198045 193228 190558 190934 174244 180606 185310 196849 193506 175709 192428 174224 182822 175903 181481 178921 183300 186395 191068 188245 190387 179245 196012 177747 183630 187701 188776 180453 184532 179576 181663 189585 182569 198718 176904 177153 190163 190098 188988 191651 186845 198373 193047 175755 191351 197356 176666 192556 175092 179197 191052 184675 188714 181558 175092 191820 188406 193238 199361 198922 199029 190530 189411 199395 195948 189474 176719 175874 193090 179393 185662 187060 193056 198928 187214 192363 179064 199235 194784 195518 196155 184242 193432 185575 175457 191770 199169 196291 181861 190490 176486 178294 194247 177430 175066 179141 188808 186904 196305 188377 184721 187658 192805 181027 196300 184476 179090 187250 178185 191940 198681 176862 175547 185689 174753 181665 199961 190648 182993 177753 184573 193696 183832 193768 184072 176949 198822 176756 188604 182432 199152 193703 181921 189549 196431 178223 183424 174091 185217 177535 197835 181968 181415 183021 190451 193491 194854 181714 185616 192816 178470 182701 185182 178536 187286 182272 193018 194526 198438 182385 178952 192571 194891 197291 197488 189802 174750 192155 181885 194621 178333 188979 199421 175718 177513 180042 196644 180287 178631 190393 184136 178787 192255 198623 189158 196178 177056 182271 198396
1000
1 2000000 93 54876
1 1387536 16 136964
1 1069058 96 173864
1 1854 4 117103
1 505296 66 173860
1 204624 42 111477
1 108628 49 173856
1 838100 85 173852
1 72497 25 173842
1 584752 71 173866
1 30537 49 30880
1 2000000 6 38420
1 194993 41 181363
1 344448 60 77694
1 1069056 96 173849
1 345441 57 173841
1 66816 24 41794
1 27207 35 173855
1 724983 66 196786
1 1160000 100 88498
1 2000000 12 167151
1 471235 68 173843
1 24249 74 173854
1 1232058 5 32042
1 2000000 94 173851
1 2000000 89 129241
1 723956 79 134951
1 431637 61 173861
1 2000000 43 173852
1 1286388 25 173849
1 13482 85 171774
1 6401 20 23167
1 742399 80 10167
1 9396 9 124814
1 278516 49 115028
1 417600 60 179957
1 4176 6 132003
1 15761 12 194184
1 178748 45 134101
1 705744 78 99962
1 505298 66 173857
1 960596 91 26155
1 2000000 32 81975
1 445903 62 173859
1 7845 13 173843
1 61 2 173848
1 234900 45 118702
1 2802 7 173847
1 2000000 81 163032
1 76982 97 173844
1 167504 38 173849
1 490100 65 173839
1 2000000 23 178643
1 651975 84 173850
1 185602 40 128010
1 234898 45 186074
1 1091446 97 88044
1 1757661 71 173847
1 1003283 93 86519
1 1069059 96 77725
1 2000000 28 173847
1 167299 39 173867
1 12421 28 140996
1 2000000 53 8240
1 1662348 17 173844
1 651508 20 173850
1 142103 35 108210
1 2000000 99 173850
1 290000 50 114455
1 2000000 36 121819
1 799125 83 118045
1 2000000 40 158921
1 94919 86 173844
1 2000000 25 70063
1 25169 19 173840
1 652500 75 157591
1 8117 9 173847
1 11599 10 173858
1 2000000 74 23947
1 1912 12 79724
1 431636 61 167814
1 50340 34 173864
1 2000000 29 32944
1 2000000 59 13976
1 818496 84 19288
1 1069061 96 173842
1 390229 58 173851
1 585201 94 46865
1 460407 63 113058
1 755687 30 62254
1 104401 30 173858
1 1166785 87 173865
1 1044 3 159936
1 2000000 79 121026
1 1088567 54 173866
1 1096037 66 183138
1 842487 25 100020
1 761076 81 38313
1 1003284 93 173861
1 6783 8 109111
1 557504 2 17837
1 2000000 87 9770
1 5774 20 1127
1 1650805 99 173866
1 334357 79 22582
1 7424 8 173844
1 26098 15 173842
1 1082571 45 57545
1 2000000 74 173841
1 743 3 173857
1 97561 29 137397
1 939600 90 33394
1 898304 88 173864
1 28097 26 173842
1 2000000 57 30296
1 451746 61 49492
1 137144 85 173855
1 1326539 41 188255
1 742405 80 173865
1 77711 94 69806
1 2000000 95 139978
1 204624 42 80643
1 1260689 75 173844
1 2000000 36 173860
1 376881 57 173854
1 1556 6 83649
1 256246 47 95864
1 2000000 3 62757
1 2000000 69 78110
1 84564 27 199035
1 213047 50 173844
1 445908 62 173844
1 1352610 95 26656
1 2000000 100 119592
1 2000000 74 53637
1 251241 62 173839
1 552276 69 173843
1 2000000 22 25825
1 237317 49 173846
1 918836 89 90869
1 2000000 2 173846
1 1199723 3 21779
1 486538 66 164297
1 421754 51 173849
1 1781621 47 93509
1 742404 80 173866
1 2000000 49 46197
1 5684 7 173855
1 129738 52 173850
1 539067 95 173863
1 22958 61 61677
1 66816 24 173857
1 705744 78 173839
1 2000000 62 173854
1 2000000 84 173857
1 878006 87 173862
1 24710 37 112188
1 2000000 68 4997
1 2000000 29 173867
1 26102 15 173839
1 2000000 40 148755
1 687764 77 173850
1 2000000 100 173843
1 1524995 22 173867
1 2000000 88 173865
1 2000000 34 25108
1 57573 24 173863
1 2000000 19 80018
1 821767 91 194012
1 1159995 100 173856
1 1333517 55 158403
1 2000000 58 11593
1 2000000 72 173847
1 19600 13 173859
1 104400 30 173845
1 292125 61 173845
1 78415 26 173846
1 390224 58 100897
1 325846 53 10323
1 852869 63 173851
1 278517 49 173866
1 2000000 28 127940
1 2000000 25 117474
1 1856 4 173843
1 898304 88 46622
1 2000000 96 76845
1 90944 28 124306
1 2000000 91 136241
1 176431 39 173837
1 2000000 82 173840
1 2000000 32 173848
1 90942 28 173867
1 468 2 16478
1 464 2 81747
1 938306 45 187512
1 31 3 173864
1 464 2 173843
1 796913 47 173855
1 56404 24 108365
1 142097 35 173864
1 626921 78 173860
1 116 1 173860
1 1136914 99 65003
1 104395 30 142990
1 84909 95 22073
1 551370 91 94130
1 1091444 97 173853
1 212849 57 173841
1 445907 62 32598
1 14034 11 173844
1 898304 88 173838
1 2000000 54 173852
1 1114067 98 173866
1 286422 68 173845
1 363776 56 173840
1 204624 42 173854
1 77812 33 173854
1 26105 15 173847
1 568399 70 173848
1 278516 49 173856
1 712938 99 173840
1 939600 90 139479
1 460400 63 173837
1 72505 25 173840
1 378524 74 173840
1 186978 47 173850
1 5660 10 135512
1 313660 52 173841
1 601344 72 31881
1 111029 32 169622
1 256244 47 54093
1 1136916 99 42791
1 8882 13 116337
1 2000000 64 159281
1 393338 84 173841
1 403791 59 173843
1 857936 86 84681
1 1102345 33 173860
1 28526 21 173865
1 2000000 40 64398
1 2000000 71 10073
1 204622 42 173844
1 818500 84 173865
1 1003280 93 191578
1 111476 31 199845
1 78416 26 37348
1 2000000 27 154166
1 90944 28 64439
1 2000000 61 82954
1 14036 11 173848
1 290001 50 190622
1 2000000 94 173861
1 72503 25 45108
1 520724 67 154947
1 2000000 26 195551
1 2000000 41 119306
1 214485 43 18138
1 17571 20 170333
1 150340 36 111972
1 37983 30 149506
1 118782 32 173844
1 568400 70 173845
1 525056 80 192902
1 11600 10 173860
1 78416 26 186284
1 725555 82 173842
1 20566 16 129395
1 635216 74 166016
1 2000000 86 93365
1 1632 36 173858
1 669622 85 152570
1 656502 97 173837
1 779984 82 134998
1 22897 41 173852
1 2000000 100 91394
1 779984 82 173867
1 2000000 77 20640
1 2000000 90 154993
1 33525 17 4192
1 142100 35 112585
1 2000000 68 167456
1 77865 31 63759
1 2000000 59 173838
1 2000000 100 88068
1 205605 49 173855
1 173641 95 52682
1 705743 78 173857
1 26100 15 173863
1 981824 92 153989
1 2000000 10 173863
1 538048 82 173861
1 167509 38 72028
1 1983347 36 187073
1 22739 14 173854
1 120 1 101966
1 94965 48 143535
1 981820 92 187326
1 5684 7 139516
1 2000000 51 192076
1 2000000 91 12701
1 1853386 92 173865
1 1069058 96 82938
1 1159995 100 13392
1 15752 12 173850
1 705744 78 3471
1 702854 90 173855
1 2000000 36 123039
1 49897 54 98393
1 8246 52 173846
1 26104 15 173841
1 145004 42 173845
1 338261 54 173838
1 552276 69 173863
1 1313030 25 173862
1 577876 100 173957
1 240654 94 10321
1 2000000 9 173845
1 2000000 45 123814
1 282 22 18399
1 277358 52 29018
1 2000000 99 27754
1 2000000 27 118561
1 799125 83 196895
1 2000000 59 175130
1 2000000 41 173847
1 180696 51 51827
1 462 2 193763
1 2000000 48 114224
1 2000000 1 173864
1 78414 26 173841
1 2000000 46 116770
1 785632 100 129480
1 1114061 98 74800
1 2000000 98 173839
1 934811 75 36271
1 2000000 67 12894
1 245456 46 127259
1 2000000 60 27312
1 72496 25 173839
1 552903 71 170235
1 60660 80 173839
1 288602 59 116549
1 2000000 58 147129
1 4487 45 60495
1 2000000 79 46243
1 818501 84 15221
1 51155 21 191731
1 848485 62 173843
1 2000000 20 64375
1 117496 33 173846
1 568400 70 173867
1 410020 82 165693
1 9396 9 49599
1 1793375 48 26235
1 491142 55 173860
1 169433 40 101023
1 2000000 83 52626
1 13470 44 174654
1 104396 30 173847
1 355508 1 173842
1 856687 35 173837
1 2000000 18 99492
1 2000000 31 152821
1 412536 83 82488
1 43138 24 173857
1 403796 59 173855
1 475136 64 135087
1 898301 88 173863
1 78419 26 173854
1 2000000 3 5940
1 2000000 42 60404
1 942256 98 144664
1 9387 16 74792
1 778186 19 173857
1 2000000 43 122051
1 1650459 58 173857
1 742400 80 99727
1 7421 8 173847
1 2000000 18 71202
1 376882 57 113375
1 2000000 29 173866
1 460404 63 85423
1 269748 49 173843
1 1847004 7 175622
1 1714026 72 173864
1 1044 3 173842
1 2000000 45 173838
1 918837 89 118654
1 150339 36 173854
1 416406 71 173855
1 213247 52 136808
1 939597 90 173847
1 9395 9 161176
1 818496 84 90666
1 421773 40 63134
1 2000000 3 173849
1 10652 43 173863
1 5684 7 173864
1 2000000 14 138041
1 1136919 99 173865
1 2000000 28 173852
1 1856 4 173838
1 175158 12 173837
1 838100 85 173849
1 2000000 31 13930
1 2000000 35 173841
1 4176 6 148879
1 2000000 16 173863
1 2000000 39 71218
1 350904 55 125751
1 2000000 37 166016
1 17404 19 56921
1 1091444 97 173845
1 185600 40 173837
1 29699 16 173866
1 2000000 55 8247
1 918836 89 88148
1 189467 95 47695
1 209597 46 164127
1 2000000 70 10571
1 1114066 98 173861
1 742400 80 173845
1 135952 50 173851
1 723960 79 111841
1 536384 68 11742
1 1096931 99 165534
1 1606687 79 173861
1 245452 46 134932
1 1136916 99 49370
1 403796 59 173863
1 2000000 50 66132
1 1875613 91 173853
1 185600 40 20789
1 30081 18 173866
1 960599 91 104093
1 2000000 16 124139
1 878004 87 173848
1 40507 37 173862
1 520727 67 138981
1 761081 81 173847
1 2000000 30 108946
1 273419 64 173846
1 267259 48 4270
1 390712 76 173842
1 2900 5 122344
1 520724 67 24505
1 267266 48 75936
1 652500 75 130335
1 687764 77 80077
1 267268 48 76719
1 1551 6 173855
1 779984 82 173860
1 1114064 98 173854
1 2000000 78 173858
1 181545 38 105273
1 1019602 17 147763
1 475140 64 117339
1 167501 38 191417
1 234897 45 173848
1 328940 92 173864
1 304270 58 173847
1 41877 19 173861
1 431636 61 66407
1 799125 83 51982
1 2000000 57 154819
1 22436 14 78846
1 588420 80 137761
1 2000000 81 172329
1 761076 81 173854
1 1911928 33 173838
1 41785 19 173840
1 46373 78 89535
1 383638 81 131722
1 2000000 62 192316
1 9337 15 117379
1 29694 16 173842
1 201546 53 173842
1 2000000 20 129159
1 592340 23 173859
1 490105 65 65495
1 2000000 42 55265
1 2000000 64 151723
1 3211 96 28911
1 2000000 24 173845
1 245456 46 101040
1 710732 79 25281
1 10377 18 173863
1 1091444 97 54251
1 1845015 8 173842
1 445903 62 81040
1 308025 61 173842
1 17318 18 98308
1 670019 76 191286
1 568397 70 173840
1 2000000 70 85216
1 746764 31 185044
1 2000000 73 173848
1 261433 74 173844
1 561474 96 158274
1 505300 66 107184
1 431636 61 122513
1 592058 97 173850
1 451661 9 114263
1 1607095 91 173859
1 171755 98 145510
1 994588 32 186279
1 4354 8 173867
1 591658 77 173854
1 466 2 173840
1 89485 42 173851
1 2000000 20 158927
1 325844 53 130640
1 812728 56 188077
1 692 6 73509
1 878000 87 173866
1 177123 62 80345
1 46398 20 173849
1 669150 76 173858
1 818496 84 102495
1 1069056 96 96556
1 857931 86 173846
1 394446 97 58633
1 4067 6 125930
1 2000000 65 5577
1 2000000 85 172502
1 1046 3 173861
1 2000000 77 7018
1 2000000 30 128318
1 2000000 57 99414
1 850 3 17858
1 697156 100 173867
1 2000000 57 142963
1 72086 90 173866
1 536386 68 73365
1 1136918 99 90986
1 2000000 62 164675
1 84564 27 173843
1 2000000 8 173846
1 267267 48 173855
1 546838 33 199318
1 51156 21 162776
1 1680741 45 173861
1 6836 17 10575
1 150336 36 173837
1 127050 86 173855
1 969971 93 176343
1 9065 10 148603
1 1119084 30 173864
1 2000000 56 173851
1 150375 37 173839
1 669882 4 173852
1 2902 5 173867
1 2000000 10 88143
1 2000000 46 173852
1 4176 6 173840
1 2000000 44 74235
1 652505 75 173853
1 575137 28 74494
1 417595 60 173862
1 2000000 50 173860
1 723955 79 173866
1 116052 75 54750
1 1046900 95 49829
1 2000000 11 186326
1 2000000 65 173844
1 134001 34 17999
1 761081 81 173855
1 2000000 100 87878
1 390227 58 173839
1 96912 84 191720
1 1449782 84 26473
1 651472 98 173841
1 568405 70 173844
1 1069053 96 173856
1 55917 58 173851
1 26100 15 57778
1 5038 10 173856
1 204628 42 173845
1 108391 50 173837
1 67926 28 44611
1 118784 32 173841
1 2000000 42 173854
1 1326706 47 173846
1 167504 38 128074
1 584756 71 173852
1 326897 58 173855
1 121 1 173854
1 734909 89 173853
1 90946 28 173845
1 7791 40 185168
1 981826 92 173864
1 224574 44 124088
1 2000000 88 173843
1 204627 42 173852
1 256248 47 173867
1 2000000 49 173844
1 2000000 64 46046
1 2000000 80 71156
1 242238 51 134118
1 1069061 96 110576
1 118780 32 173855
1 361127 73 176022
1 108678 63 63445
1 2000000 9 155777
1 768346 19 98379
1 350903 55 173856
1 2000000 28 55239
1 12670 11 149649
1 463 2 173865
1 1792 4 107006
1 325841 53 173838
1 39774 3 168
1 51153 21 173848
1 1136917 99 173856
1 417600 60 7628
1 376884 57 145363
1 4646 28 173865
1 84560 27 173850
1 19604 13 100781
1 206780 48 63292
1 536382 68 173864
1 16208 35 91007
1 14036 11 157792
1 1311040 54 173855
1 206013 88 173866
1 97551 29 28480
1 2000000 91 173855
1 2000000 84 160422
1 2000000 7 101399
1 197298 43 173845
1 16704 12 43260
1 194996 41 173864
1 41877 19 173863
1 838098 85 158353
1 556461 79 173857
1 584759 71 102233
1 14843 17 173849
1 403796 59 173857
1 150337 36 173842
1 1014604 56 173865
1 2000000 91 30881
1 1016801 67 173843
1 2000000 72 82870
1 35163 29 43512
1 18633 14 173837
1 471584 70 180373
1 11600 10 107595
1 2000000 30 173852
1 761076 81 124034
1 524494 91 173852
1 51157 21 173854
1 23579 16 182202
1 279096 55 74018
1 2000000 9 99156
1 1046900 95 4832
1 97556 29 121886
1 343340 56 173864
1 117075 97 111119
1 2000000 74 173865
1 12610 35 173842
1 5020 28 173862
1 1046897 95 88995
1 1046901 95 173864
1 410460 92 55315
1 1069061 96 173840
1 2000000 78 91981
1 4043 20 158786
1 69627 28 82359
1 241599 61 173843
1 2000000 90 7106
1 78411 26 49071
1 41875 19 173857
1 1160000 100 173857
1 66816 24 82348
1 60450 80 127133
1 724001 4 165329
1 2000000 8 9525
1 2000000 42 49962
1 56144 22 172964
1 6392 15 2820
1 90947 28 90828
1 474871 75 195617
1 1633117 58 87635
1 301716 51 173843
1 439879 42 173862
1 2000000 55 112437
1 352796 81 32411
1 245456 46 47040
1 2000000 69 142707
1 2000000 30 173859
1 1351558 92 175746
1 167504 38 173847
1 601343 72 173839
1 18973 70 24971
1 562603 73 99038
1 33524 17 21827
1 1114064 98 21841
1 350900 55 173865
1 2000000 63 81739
1 898304 88 150079
1 2000000 31 45321
1 33524 17 44850
1 2000000 49 90754
1 2000000 2 131650
1 2000000 93 28017
1 377268 10 188097
1 2000000 43 154146
1 185996 27 106512
1 946623 91 159104
1 601344 72 173867
1 41876 19 4736
1 604060 20 7198
1 431635 61 173853
1 898309 88 173862
1 11757 26 173860
1 2000000 94 67754
1 2000000 54 53882
1 7429 8 173850
1 29160 17 195734
1 14020 12 173838
1 2000000 77 120749
1 779989 82 136320
1 2000000 29 32315
1 61364 23 75325
1 69165 48 92638
1 193447 74 173848
1 2000000 91 155990
1 98948 36 185455
1 41876 19 173862
1 325844 53 173855
1 1594734 11 173838
1 2000000 11 145560
1 140 4 178745
1 859176 33 144391
1 2000000 19 114098
1 148894 62 173864
1 38543 31 122999
1 695 7 173843
1 2000000 11 165910
1 2000000 60 137601
1 2000000 45 21966
1 2000000 73 146654
1 1885522 69 173857
1 134100 34 145998
1 2000000 19 173867
1 1202206 24 187157
1 2000000 42 173854
1 26100 15 173844
1 56598 47 92060
1 119334 45 173838
1 2000000 3 10929
1 278519 49 198690
1 33527 17 173867
1 347649 95 114520
1 742396 80 173843
1 214484 43 83574
1 164747 66 123092
1 460404 63 169439
1 14184 16 173854
1 687760 77 173849
1 338261 54 173857
1 21514 25 185512
1 72503 25 184500
1 1346 4 173848
1 1357451 86 151244
1 351767 56 126699
1 657673 98 173855
1 104400 30 173865
1 1588450 85 165540
1 118784 32 74337
1 779984 82 28909
1 4165 68 128701
1 878004 87 152763
1 97556 29 173838
1 632880 87 52068
1 336069 87 173844
1 90940 28 187236
1 1046900 95 173853
1 2000000 21 132295
1 204623 42 173860
1 132964 35 196033
1 2000000 24 173837
1 338252 88 173867
1 1136919 99 155504
1 442148 94 94806
1 33524 17 51243
1 1111221 7 173841
1 274741 74 173837
1 2000000 84 173855
1 742400 80 94010
1 2897 5 173854
1 46400 20 15165
1 2778 5 8468
1 2000000 47 173867
1 167502 38 173861
1 2000000 71 65804
1 2000000 97 107016
1 784724 48 78056
1 1041 3 173856
1 9068 11 109725
1 338261 54 137
1 505300 66 26063
1 779984 82 159917
1 33521 17 98318
1 2000000 39 25169
1 857938 86 145804
1 1046905 95 59660
1 2000000 79 67543
1 960596 91 127075
1 2000000 99 64584
1 1003284 93 127023
1 670016 76 173852
1 2000000 80 5603
1 445904 62 54480
1 635216 74 146729
1 111476 31 173858
1 34057 23 173843
1 1022250 86 185631
1 878004 87 173856
1 2898 5 171361
1 45661 41 85439
1 2000000 54 85694
1 1346066 8 119463
1 2000000 83 149355
1 2000000 1 25598
1 2000000 37 173859
1 336877 85 173863
1 122908 38 172730
1 345982 100 42406
1 411789 69 86234
1 176436 39 23309
1 618162 73 138665
1 2000000 66 104071
1 173700 66 177537
1 88423 51 180455
1 29700 16 173851
1 679885 88 18876
1 1046900 95 86769
1 109934 36 60967
1 290000 50 173861
1 1386353 38 173859
1 1044 3 11433
1 1118618 53 153694
1 118267 38 52894
1 742401 80 81922
1 2000000 84 62258
1 2000000 29 1862
1 2000000 16 177399
1 1046900 95 50843
1 528931 44 156860
1 31390 38 173866
1 1069061 96 171892
1 939600 90 41682
1 2000000 41 173859
1 2000000 48 173854
1 431636 61 173841
1 1046 3 173866
1 1856 4 173855
1 280940 69 146193
1 124360 87 120393
1 267266 48 173858
1 878005 87 15789
1 14034 11 173838
1 167504 38 129089
1 350900 55 22297
1 2000000 81 173839
1 126324 33 173842
1 153951 42 173837
1 267264 48 43897
1 463 2 114819
1 918836 89 116135
1 4178 6 132609
1 2000000 94 173844
1 472036 37 173857
1 1850880 68 173857
1 390227 58 146557
1 152782 43 173847
1 413955 63 102852
1 104188 67 77098
1 167504 38 90266
1 2000000 26 24618
1 652495 75 173858
1 505295 66 54888
1 84569 27 121437
1 1046901 95 111414
1 2000000 56 97013
1 58139 38 173863
1 1039 3 173859
1 2000000 12 72223
1 310085 61 147185
1 2000000 80 173866
1 26098 15 173857
1 898304 88 173856
1 41305 32 115981
1 325844 53 135479
1 236131 63 173857
1 431632 61 150966
1 306457 74 108644
1 2000000 11 173837
1 110901 46 173846
1 781872 86 173838
1 46400 20 30174
1 313664 52 173847
1 390223 58 173858
1 742243 81 173852
1 185600 40 170966
1 19723 29 67700
1 390219 58 95466
1 158804 37 173861
1 660893 29 48151
1 2000000 3 172957
1 1046900 95 173866
1 2000000 66 117450
1 267264 48 173837
1 158800 37 173845
1 505296 66 173858
1 56144 22 85612
1 1003286 93 118997
1 278521 49 27245
1 761074 81 173842
1 20964 25 123192
1 2000000 66 10196
1 1069056 96 173840
1 234936 98 173859
1 2000000 42 118412
1 1075951 35 173845
1 981824 92 173858
1 301715 51 173865
1 4342 25 173865
1 227687 48 173855
1 652500 75 173867
1 2000000 67 173838
1 3521 11 124526
1 31248 18 159287
1 417605 60 173840
1 212980 13 88250
1 533067 77 69167
1 2000000 84 126012
1 2000000 39 28163
1 185600 40 80689
1 72500 25 112517
1 601344 72 173865
1 365609 87 173854
1 251275 66 173837
1 1046895 95 173866
1 725682 9 173858
1 1024976 94 166759
1 520724 67 173864
1 23224 15 173841
1 460251 79 189304
1 740018 90 163313
1 762388 92 91949
1 705741 78 173865
1 520719 67 35946
1 255295 51 47610
1 314680 62 15402
1 289997 50 143660
1 981824 92 84217
1 2000000 70 173855
1 4176 6 165673
1 12911 53 173837
1 90944 28 173838
1 2182 8 103498
1 2000000 1 46007
1 670011 76 149059
1 2000000 48 6822
1 33523 17 124314
1 673834 78 173846
1 2000000 41 68894
1 618164 73 173858
1 835101 97 173863
1 838097 85 40841
1 1778244 85 173842
1 774957 18 64755
1 5688 7 119956
1 1069061 96 14919
1 1233310 18 45142
1 742400 80 10878
1 2000000 38 46327
1 705748 78 173861
1 1871335 60 173842
1 1029551 84 173852
1 67501 28 194338
1 2000000 2 58564
1 66811 24 30713
1 132170 44 150718
1 571904 78 173862
1 939600 90 192060
1 14358 38 173865
1 2000000 24 173846
1 204158 61 127258
1 368393 61 173856
1 939604 90 173851
1 2000000 25 33991
1 484719 66 107832
1 670017 76 173866
1 51156 21 173861
1 520723 67 173857
1 2000000 75 173855
1 2000000 99 134218
