103
-56 -22 -62 -64 12 15 58 25 -72 88 84 -89 17 72 54 49 -73 -5 -8 -14 27 -92 3 -46 92 13 50 -5 37 52 -40 -68 50 65 33 31 43 -19 -52 -16 90 34 -50 -77 -67 17 -65 6 40 68 -52 46 -3 -41 70 54 -15 -14 26 43 29 61 64 93 27 76 -76 72 9 -18 9 41 58 87 72 87 95 10 -77 -38 -2 -73 2 62 82 -13 54 -15 -69 -75 -33 -60 -18 -72 83 58 61 -8 17 -71 -16 40 47 85
188592 190373 188761 183845 191706 182240 194181 193664 181420 198216 189057 188370 182047 182469 198462 192537 187639 184771 181502 182934 195618 186139 189148 181512 189192 178262 196759 192039 199390 191582 184197 192664 179501 196563 194858 180099 192152 190042 199896 194204 185671 189088 191425 189457 183978 189342 199009 183941 190665 183457 196056 182685 191962 188390 197474 190209 188831 196260 197143 197408 198335 192228 198681 195786 198129 184368 197380 181676 184929 188279 179605 197029 189898 186483 180711 182871 196107 191069 193136 198298 193127 183864 190433 197203 199927 178607 191922 196333 183501 185757 198652 194419 178125 196134 191916 193024 178168 189606 193048 178250 191586 191632 186885
1000
0 739116 5 177234
0 12250 90 177238
0 2000000 30 89353
1 253834 41 177229
0 3477 27 143660
0 3885 98 177225
1 2000000 15 57800
0 3826 39 17606
1 565882 78 98655
0 10268 68 26321
0 3171 21 72410
1 2000000 4 3227
0 3389 48 154126
0 2000000 68 73180
1 15098 10 177216
0 2000000 77 177218
1 935922 91 181624
0 7093 47 177215
1 402400 60 177213
1 804680 73 182660
1 2000000 63 154242
1 1097663 29 175020
0 15097 100 177236
0 4081 27 28251
1 441703 79 177223
1 2000000 93 57028
1 408304 52 5152
0 2564 17 104007
1 2000000 92 86991
0 2817 33 146315
0 4231 28 51788
1 279199 43 134578
0 748 26 177240
0 2371 26 108094
1 599320 63 177231
1 2000000 8 177228
1 816411 10 177222
1 698228 68 180278
1 79879 23 176721
1 154624 32 49884
1 942391 79 56978
0 2000000 92 94607
1 184979 35 91573
0 2567 17 11011
1 2000000 13 195681
0 3442 42 177241
0 23 1 177215
0 12231 81 177228
0 14798 98 170948
0 2000000 32 37077
1 206724 37 5364
0 1377594 16 177239
0 1057 7 148810
1 2000000 19 93550
0 2000000 27 177238
0 7248 48 126443
1 440319 54 131975
1 1362770 95 177239
1 494472 65 177226
1 102076 26 35953
0 5289 35 1155
1 5161 10 177233
0 2000000 63 120178
1 966400 80 177240
1 451577 3 140241
1 991550 3 177219
0 8150 54 177240
1 15103 10 184372
1 637971 65 112783
1 1116801 86 177213
1 2000000 67 72973
1 411043 95 28472
1 2000000 53 117935
0 2000000 53 120574
0 2000000 65 88125
0 843236 33 177218
0 14197 94 177219
1 1405500 90 795
0 2000000 95 105011
0 146 1 177219
0 980977 24 177222
0 4077 27 1520
0 1321084 34 117665
0 1204 8 170388
1 1278064 92 177232
0 2000000 49 64989
1 115216 96 73975
1 240337 81 177227
1 642508 92 179267
1 292336 44 69255
0 6196 41 177222
1 2000000 62 154332
0 1963 13 94984
0 2545 30 177230
1 677840 67 177221
0 7097 47 177227
0 5286 35 71222
0 7097 47 156757
1 1479954 99 177237
0 5587 37 177239
0 7955 64 177224
1 1420755 97 177234
1 804682 73 145055
1 637975 65 105337
0 9966 66 140322
0 1862808 74 5531
1 2416 4 14937
1 3775 5 126408
1 499817 75 37885
0 9966 66 177222
1 895279 77 104657
0 2000000 8 47509
1 895279 77 150198
0 510419 88 91326
1 126991 29 120627
0 6944 46 83315
1 449009 60 42381
1 29597 14 177224
0 8003 53 150176
0 519 4 177217
0 13890 92 177226
0 2000000 73 98077
1 265584 53 177213
1 761191 71 57090
0 3020 20 177226
0 454 24 177214
0 6648 44 177233
0 165 6 45110
1 59641 20 27507
1 2000000 56 177217
1 2000000 80 123185
1 2000000 87 4761
0 2000000 9 27872
1 126986 29 175661
1 33980 15 177232
1 739902 70 21636
1 154619 32 177217
1 1260356 8 60289
1 2000000 84 36001
0 10876 72 52371
1 1509997 100 164790
1 12851 12 188069
1 807596 74 10403
1 604 2 17400
0 151 1 177239
0 12076 80 177222
1 319514 46 177213
0 2000000 77 177219
1 1733810 6 123546
1 2000000 83 14351
1 2419 4 1689
0 603 4 177231
0 14496 96 67030
0 755 5 34427
0 967857 17 177241
0 8157 54 177220
0 6081 89 177223
1 18266 11 19746
0 14951 99 144234
1 118533 35 177239
0 2000000 16 177229
1 1154993 17 177221
1 28451 16 177237
1 1480 7 177226
1 156861 87 149909
0 2000000 37 177224
0 2000000 54 139346
0 14347 95 177229
0 12534 83 177217
0 12231 81 177225
1 377500 50 119880
1 473485 46 177219
0 14197 94 96712
0 14949 99 66108
1 206719 37 138657
0 2000000 18 99870
0 4832 32 170780
1 25519 13 26525
0 2000000 92 46190
1 21287 90 177228
1 2000000 14 76992
1 2000000 90 46836
0 1960694 65 177225
0 7101 47 177222
1 2000000 84 112363
1 657756 66 85619
1 38658 16 148080
1 150 1 91704
0 7247 48 177216
0 2000000 99 177217
1 15095 10 134180
1 181049 41 171844
0 2000000 56 162304
0 2000000 52 177234
0 49 2 80294
1 826874 74 177233
0 6835 46 177224
0 798115 65 177232
1 1391613 96 177241
0 14194 94 356
0 4077 27 177220
1 69790 44 177236
0 11783 78 51475
1 723870 38 189756
0 5283 35 177226
0 6037 40 177230
1 33 1 162279
0 1362556 64 177221
0 10721 71 177221
1 2000000 45 42324
1 2000000 75 167499
1 540534 71 116129
0 1860157 7 177232
0 2000000 98 59555
1 2000000 100 177214
0 2000000 32 45963
0 6639 44 72992
0 13590 90 163474
0 1040 9 177215
1 406256 64 177230
1 118381 28 148649
0 2000000 43 43033
0 6342 42 175863
1 2000000 8 57834
1 151 1 62818
0 2000000 28 177216
0 8453 56 177219
0 12381 82 177237
1 333559 47 17850
0 2000000 45 105512
0 1537931 67 90183
1 114347 41 177238
0 4502 37 177226
0 2000000 96 106647
1 145112 31 177234
1 1015324 82 161300
1 498912 94 104284
0 194 12 177234
1 2000000 84 126806
1 2000000 64 58494
0 2000000 24 132376
0 12231 81 27414
0 2000000 88 129291
1 79879 23 177213
0 2000000 53 58211
1 156216 56 14529
0 2000000 80 58397
1 624442 78 153614
1 2000000 82 147483
1 2000000 17 102123
1 826877 74 177231
1 2000000 90 177241
0 14345 95 176725
0 4530 30 82425
0 209 3 177242
1 340709 50 196046
1 325308 56 177225
0 2000000 37 177241
0 4379 29 177241
1 1250431 91 177241
1 2000000 61 97259
0 1915258 14 177237
0 1736015 81 101467
0 2000000 82 177221
1 663204 88 116783
0 13178 90 170869
0 775854 45 163799
0 2168 27 51534
1 2000000 40 116473
1 698223 68 149820
1 403546 55 177213
1 408304 52 76798
1 2000000 16 47998
1 66106 33 177218
0 2000000 54 59786
0 6128 59 9514
0 14945 99 127046
1 17432 60 177232
0 12235 81 177242
0 11632 77 32180
0 14345 95 40985
1 48924 18 177225
0 1966 13 194404
0 5135 34 177227
0 3690 81 177235
1 1065456 84 183134
1 14284 14 61859
0 2000000 11 36893
0 1709863 43 177215
1 1332210 15 126416
0 2103 54 87314
0 7701 51 177222
0 553 83 177226
1 235332 69 177222
1 174556 34 166232
0 2000000 77 65024
0 2568 32 55241
1 1142918 87 177242
0 9513 63 93497
0 2000000 93 177217
0 9123 89 177233
0 2000000 80 177241
1 253928 46 177224
0 14647 97 177212
0 2000000 47 121787
1 79882 23 190758
1 1391620 96 177218
1 5436 6 3267
0 13588 90 76019
0 2571 17 180050
0 1978634 38 32054
0 8003 53 93030
1 263569 49 177231
1 440314 54 177228
0 2000000 32 5543
0 8003 53 83295
0 593232 53 162516
0 1030701 42 44673
0 4406 36 142541
1 253832 41 114840
0 9664 64 177220
0 9963 66 16758
0 133 9 54486
0 6951 46 177212
1 2000000 87 170145
1 1201993 66 177236
0 14649 97 194324
0 694 15 167200
0 1057 7 177221
0 2000000 61 176115
1 2000000 58 59759
0 5738 38 143632
1 1637469 24 167523
1 8791 12 43533
1 465939 40 177232
1 1305999 93 110824
0 1057 7 177229
1 135900 30 177223
0 2000000 50 177221
1 2000000 1 97800
0 3922 49 177228
0 4293 44 62659
0 10263 68 90387
0 14652 97 28293
1 43639 17 177226
1 174560 34 177221
0 10721 71 134158
1 699654 97 78982
0 151 1 87663
0 2000000 10 125650
1 1479951 99 177219
0 3046 40 177213
1 112237 54 177237
0 12990 86 45260
1 2000000 87 43582
1 333559 47 177242
1 25519 13 70103
0 7856 52 177218
1 330526 94 98747
1 826876 74 92598
0 7404 49 52613
0 2000000 21 90665
0 481498 41 177228
1 2000000 90 96107
0 183 13 177216
0 7008 62 177213
0 8282 85 177219
0 2842 98 66799
0 12534 83 177221
1 2000000 14 6652
0 1983 80 31087
1 66592 21 114124
0 614 23 177226
1 2000000 18 15882
0 6305 67 16260
0 7847 52 64130
1 1065459 84 177231
1 2000000 65 177218
1 87292 26 164327
1 68439 63 90470
0 11928 79 143373
0 4401 48 177227
1 918684 78 177240
0 1509 77 14197
1 376077 53 177227
0 2000000 87 48287
0 1812 12 152341
1 471325 93 177234
1 1510002 100 150116
1 1391616 96 153973
1 603 2 6226
1 1196068 89 93844
1 1066706 90 177213
1 229668 39 177212
0 1467 21 92848
1 2000000 96 193980
1 2000000 50 177216
0 2000000 9 177228
0 1258 70 152899
1 2000000 43 126759
1 911445 54 177231
0 314 7 187898
0 2000000 68 63031
1 245082 72 187267
0 2000000 14 177232
1 2000000 65 177230
0 14631 52 177228
0 7550 50 98580
0 11023 73 27015
1 2000000 27 177225
1 1413384 34 106022
0 1741 66 177214
0 30040 66 177231
1 1305995 93 91688
1 2000000 71 176005
1 942391 79 177219
1 1305999 93 92524
1 1510005 100 177221
0 2000000 5 142123
0 8154 54 177228
1 354630 74 179959
1 377500 50 21158
1 69061 44 179947
1 1406894 100 197841
1 1918648 62 177217
1 2000000 49 177220
1 632548 68 177240
0 6490 43 177228
1 490595 57 164532
0 1401 20 77855
0 2000000 56 49315
0 2000000 16 102526
0 160 24 177223
0 1207689 41 177229
0 1812 12 124537
0 2000000 46 70343
0 10244 85 177219
0 256567 21 177234
1 2000000 32 139344
0 8198 66 50219
0 11023 73 177217
0 793037 80 177213
0 1215401 44 66517
1 507966 58 177240
0 7097 47 71303
0 2000000 55 124731
0 7172 81 130016
1 1262056 99 75783
1 2000000 5 47453
0 2572 61 170491
0 5409 51 177218
0 2000000 68 177233
1 561875 61 177239
1 21744 12 115135
0 77441 61 177215
1 942391 79 122001
1 21744 12 177235
1 43644 17 1558
0 9664 64 198599
0 601682 34 177217
1 1479951 99 158167
1 82911 72 177217
0 4686 31 27597
0 1734922 31 162385
1 3521 6 30146
0 4793 67 64184
1 79879 23 111728
1 1196071 89 42904
1 206667 64 74788
1 94375 25 38595
1 5633 17 177228
1 353672 32 177225
1 2000000 80 177237
0 2125 40 177224
0 676 16 60111
1 543600 60 177234
0 2000000 93 20240
1 1305999 93 65474
1 1510003 100 23282
1 2000000 14 175648
1 86976 24 112199
1 826872 74 177224
0 3022 20 177240
0 8153 54 172848
1 49383 29 116480
1 1306004 93 177228
1 698224 68 177227
0 909 6 73266
0 6341 42 91122
0 5735 38 80816
0 10872 72 72222
0 2000000 53 435
1 42152 20 66919
0 6608 73 177242
0 2000000 57 177221
0 14345 95 39920
0 2000000 35 43831
1 2000000 98 73904
1 2000000 69 198789
0 1618 54 96955
0 9970 66 20060
0 1346 61 10762
1 377850 63 129357
1 187559 39 121731
0 5336 36 177223
1 12231 9 156583
0 595208 74 177241
0 12080 80 177215
1 7404 7 195156
0 2014 48 177217
0 2000000 87 161964
0 890 47 177226
1 4969 7 36043
1 333560 47 177242
1 94377 25 187957
1 2000000 11 179155
1 656226 69 71085
1 1029434 89 13513
0 13675 94 177236
0 1683 98 177241
0 10721 71 20118
0 11634 95 191433
0 154526 37 167730
0 1447 36 153299
1 60400 20 177237
1 1420759 97 177213
1 1196071 89 20970
1 38474 23 110047
1 283 5 67237
1 677839 67 136366
1 2000000 45 177233
0 15099 100 177231
0 1849395 38 18996
0 2000000 22 107020
0 516 95 177213
1 91368 68 45676
0 4229 28 177214
1 35709 36 177238
1 781339 87 83619
0 8309 55 177238
1 279196 43 154586
0 1938260 68 177239
1 2837 21 177237
0 1959263 57 191318
0 3774 25 27570
0 14199 94 177237
1 1391616 96 166815
0 8904 59 148359
0 2000000 21 177214
0 1625 23 177242
1 2000000 48 147480
1 520112 16 177234
1 2838 23 51422
1 456770 55 43845
0 4245 66 177218
1 392756 51 177224
1 1195205 44 177233
0 1062015 8 177235
1 2000000 47 72245
0 649258 55 59677
0 2000000 5 67133
0 299 15 190784
1 2000000 26 177227
0 2115 57 92131
1 525629 59 8674
0 8307 55 177232
0 12382 82 177240
0 2170 72 177218
1 164444 33 165841
0 7402 49 177212
0 2000000 43 136606
0 1916033 89 177216
0 1196328 58 177223
1 86971 24 177225
1 12366 10 185061
0 4530 30 177239
0 12682 84 177222
0 7400 49 193186
0 2000000 23 177214
1 79879 23 168050
1 2000000 88 177236
0 4937 50 111446
1 424159 53 120799
0 2000000 80 58463
0 354 69 177234
0 14644 97 177218
0 6800 45 177225
1 1040235 83 18327
0 2000000 46 78278
1 154629 32 177220
0 1375 18 177219
0 2302 18 73071
0 1056 7 5657
1 1436 6 98547
0 2000000 42 22856
1 543598 60 112075
1 110083 27 85585
0 6341 42 177237
0 1020786 82 177226
0 6187 41 177237
0 4379 29 99189
1 109339 89 177230
1 265344 92 119390
1 473540 56 177212
0 9665 64 177215
0 2000000 78 115250
1 21226 31 177237
0 1332769 36 177215
1 2000000 40 177233
1 6553 11 196547
1 266360 42 8767
1 2000000 99 177213
0 6347 42 177214
1 14569 11 177242
1 507964 58 91090
0 2000000 42 177217
0 7097 47 177098
1 60400 20 122903
0 10870 72 190299
0 2000000 34 66537
0 8003 53 177233
1 365559 52 177224
1 241600 40 123445
1 243722 47 177220
0 2392 17 177226
0 2000000 51 139294
1 872176 76 125220
0 1424920 68 177221
0 10263 68 37355
0 2000000 59 5552
1 162653 68 177216
0 5587 37 177215
1 86976 24 74190
0 1866 44 47211
0 4379 29 41323
1 515745 61 177239
0 3624 24 5071
1 2000000 62 77140
1 279194 43 67796
1 543600 60 177238
1 567068 22 65512
0 4983 33 44167
1 48924 18 2458
0 9060 60 177228
1 23533 18 177222
1 102077 26 177216
0 8756 58 177230
0 10057 93 177242
1 30694 34 76379
0 3469 23 177236
0 12380 82 43330
1 1510000 100 106045
1 2000000 14 177223
1 210855 38 73086
0 50 1 94566
0 118 24 177222
1 145111 31 88495
1 98498 29 50887
1 2000000 28 177218
0 1510 10 116802
0 4530 30 34614
0 6946 46 6623
1 33976 15 194297
0 7394 49 167394
0 2000000 26 177239
0 11780 78 177230
1 195696 36 123916
1 195701 36 177239
1 154620 32 186321
0 5146 100 177218
0 12683 84 177226
1 76976 70 177214
0 253 8 147573
0 469454 22 177219
1 1040236 83 177224
0 3775 25 28192
0 2000000 9 177240
1 54511 19 139759
1 79879 23 7438
1 145114 31 177227
1 336922 65 177154
1 58072 40 177225
0 5858 60 177237
0 2000000 37 87014
1 440321 54 177225
0 4784 65 174993
0 2351 39 26147
0 1577975 60 15261
1 174556 34 134961
1 2000000 26 15166
1 2000000 14 177216
1 15100 10 177224
0 7701 51 177225
0 2718 18 177237
0 11927 79 2295
0 2000000 74 177233
0 8028 66 177242
0 2000000 30 7967
0 5736 38 20617
0 7848 52 177216
0 605822 28 93730
0 2000000 85 177221
1 25519 13 177223
0 726776 80 177219
1 336340 50 19443
1 319518 46 177215
1 29593 14 59293
1 9664 8 110424
0 2000000 50 17028
0 8510 58 92018
0 4837 32 102445
0 7097 47 136954
0 7701 51 153773
0 2000000 10 45274
0 1210 48 177215
0 2421 79 177242
0 2715 18 177219
0 2000000 39 177228
1 2000000 30 33654
0 89083 62 177221
1 218049 38 24946
1 362551 49 177219
1 657598 98 177225
0 5733 38 25894
1 2000000 87 110383
0 2478 30 53452
1 15645 12 70716
0 67596 5 177240
1 399 8 177226
0 166524 54 177236
1 424155 53 43883
0 85973 18 177234
1 305780 45 108628
1 1581780 37 177226
0 11778 78 57688
1 1362987 60 177222
0 352188 93 177232
1 7398 7 133382
1 19447 16 17573
1 2000000 43 16471
0 498 62 59799
1 164440 33 177241
0 1719686 61 177216
1 956 22 79117
1 981488 25 78574
0 12988 86 139783
0 4670 71 178907
1 2000000 50 122111
0 1021058 68 177224
0 11176 74 177228
0 478 10 86669
0 11326 75 156955
1 2000000 75 126772
0 1814 12 198525
0 2415 16 177231
0 1445148 57 177216
0 1811 12 177236
1 2000000 11 107522
1 120582 32 124005
0 2000000 55 106424
0 9815 65 177240
0 2000000 98 111234
1 695908 55 177238
0 761 7 177237
1 377039 67 177223
0 3175 21 177237
0 2000000 90 177238
1 2000000 51 92330
0 3316 70 177222
1 1510005 100 177219
0 9664 64 177219
1 352589 67 177224
0 13439 89 135575
0 5465 41 177223
0 3538 35 195380
1 849371 75 45157
1 2000000 68 113419
0 5366 37 91591
0 14190 94 17551
0 3473 23 174406
1 223962 47 124421
1 2000000 62 177233
0 556047 45 161519
0 12080 80 110944
1 115 4 87766
1 618496 64 177229
1 16178 26 177217
0 5285 35 124229
1 305775 45 182757
0 493442 15 177226
0 8913 59 66779
0 2117 14 177216
0 2000000 81 117662
1 145111 31 676
0 7833 75 22960
0 185 42 39369
1 2000000 51 177218
0 307 2 177214
1 536847 69 177241
0 2000000 75 90472
0 10719 71 31202
0 1032542 10 177232
1 18271 11 99149
0 10263 68 144843
0 191 18 170673
1 73084 22 17396
1 854016 41 152816
0 2000000 4 81439
1 764525 96 177218
1 2000000 90 153417
1 126993 29 177212
0 2000000 74 147039
0 2571 17 177218
0 2865 19 128491
0 2000000 94 7972
1 1015326 82 104438
1 1223100 90 147756
0 2624 60 177240
0 2000000 52 16385
0 12231 81 95235
1 253834 41 18628
1 440316 54 177228
1 543600 60 177234
1 677839 67 10152
0 12684 84 177225
0 9192 66 98944
0 13590 90 85304
0 1963 13 176390
0 2542 30 25920
1 43642 17 64538
1 1928891 64 177239
0 5125 65 177228
1 94371 25 177226
0 2000000 96 148147
0 12378 82 177219
1 5287 21 33900
1 790018 85 177220
1 1065452 84 177220
1 135905 30 177240
1 456776 55 120664
0 6795 45 14961
1 29600 14 189432
1 2000000 23 68218
1 990709 81 165636
1 1099836 91 177226
1 392751 51 177216
1 2000000 89 62995
0 4529 30 121211
1 53380 47 177222
1 493601 67 177217
1 362546 49 61238
0 13284 88 177219
0 2000000 75 142081
1 761191 71 93751
0 1034 31 46813
0 2000000 84 177235
0 7394 49 7365
1 2000000 91 85045
0 1501507 27 177215
1 990714 81 177238
1 1551487 43 192875
1 2000000 93 177214
0 3641 64 70786
0 12387 82 108135
0 3931 26 177241
1 561867 61 177228
0 6040 40 72214
0 102824 93 4583
1 2000000 5 132170
1 2000000 53 177223
1 1090975 85 144391
1 229673 39 65686
0 13587 90 177234
0 2000000 81 132644
1 849376 75 177234
1 5438 6 4666
0 6193 41 22272
1 2000000 57 144171
1 424162 53 149030
0 6635 76 7285
1 2000000 59 91245
1 218043 38 128323
0 2000000 16 113660
1 872176 76 124502
0 6320 42 149345
0 6037 47 177227
1 319516 46 177216
0 2078 82 177223
1 2000000 94 8098
0 54084 2 193256
0 9264 84 177223
1 1420759 97 177228
0 9211 61 177212
0 8452 56 148509
1 2000000 9 3352
0 11480 76 56492
0 6150 45 164395
1 242813 84 177226
0 10717 71 177215
0 10121 67 77592
1 2000000 12 66858
1 2000000 48 133520
0 12837 85 177217
1 195694 36 58787
0 12080 80 177218
0 2000000 58 177229
0 7699 51 171320
0 1044221 5 87673
1 1450204 98 177225
1 563226 82 177229
0 2000000 65 177219
0 8254 59 177234
1 2000000 19 105182
0 302 2 156951
0 2000000 96 13440
0 1780812 74 177219
1 2000000 97 167853
1 2000000 17 146432
0 1206 8 177214
0 5894 39 124127
1 1065457 84 97037
1 599320 63 56848
1 347904 48 93463
0 6643 44 29121
0 11176 74 173464
0 7993 66 122654
0 2000000 9 177242
1 872180 76 177212
1 45228 47 177226
0 12835 85 169455
1 429554 82 177228
0 299 2 64605
0 2000000 63 177213
0 6800 45 177214
1 463506 89 108515
0 2000000 27 174523
0 9363 62 177226
1 1090975 85 57435
1 1450204 98 60058
1 110080 27 76880
1 1040239 83 140996
0 2000000 81 177219
0 10936 98 177233
0 1812 12 177241
1 541084 61 177238
0 2000000 70 177221
1 2000000 18 66402
1 303980 51 60487
1 12233 9 177232
0 3693 37 22245
0 931555 58 177218
0 2000000 75 47998
0 12382 82 177240
1 182921 92 177223
0 2014 89 20313
1 657756 66 44391
0 1725 52 177237
1 5436 6 60925
1 1252796 82 177239
0 9211 61 135119
0 13055 99 177242
1 637976 65 177240
0 4889 77 177241
0 11783 78 65138
1 2000000 56 112190
1 202925 39 130396
0 1702 50 70872
0 6946 46 177218
1 473533 56 177212
1 12226 9 30419
1 2000000 47 171913
0 7700 51 170234
0 1135249 38 177239
0 8004 53 148654
1 305774 45 44922
1 305775 45 78785
0 6346 42 142925
0 9362 62 177234
0 2000000 85 177231
0 2000000 62 177242
0 2000000 89 15043
0 11325 75 54005
0 14651 97 177232
1 253831 41 177216
0 14800 98 177219
1 400342 60 14131
0 2000000 14 142548
1 1169343 88 139713
1 229668 39 177225
0 8304 55 177219
1 4897 7 177215
0 9969 66 177215
1 543595 60 177219
0 6137 88 129348
1 1010812 96 177228
1 837193 60 178671
1 425759 89 177228
1 2000000 34 177228
1 657756 66 117811
1 102073 26 55403
