1
39 -63
185990
1000
0 36 38 176428
0 47 55 176443
0 1312953 73 187237
0 8 8 176442
0 37 51 176424
0 24 24 12609
0 87 82 46226
0 78 78 176423
0 69 69 152626
0 2000000 41 17527
0 81 81 139626
0 1507736 53 185982
0 21 21 199290
0 4 8 176422
0 2000000 73 176441
0 1023745 34 74388
0 25 27 176422
0 4 75 41422
0 45 45 176448
0 56 56 159180
0 15 15 68077
0 19 19 176439
0 33 33 176422
0 2000000 84 176416
0 2000000 14 176438
0 14 48 70750
0 38 89 176446
0 93 93 165696
0 5 1 88702
0 2000000 96 49432
0 58 57 176425
0 2000000 78 176418
0 39 48 176445
0 1330177 85 176442
0 26 78 176437
0 27 25 99489
0 21 22 76592
0 2000000 5 176445
0 98 98 176421
0 87 83 105656
0 52 99 176419
0 2000000 7 12182
0 53 53 131825
0 4 97 176438
0 1320655 44 186978
0 2000000 1 176427
0 11 20 33977
0 59 63 176426
0 28 28 142710
0 43 43 89863
0 48 60 176446
0 1 1 169269
0 2 5 176426
0 38 38 8913
0 2000000 15 98052
0 338786 81 176434
0 55 57 129440
0 30 31 176424
0 61 61 129342
0 89 89 104674
0 46 46 176443
0 513037 83 176420
0 7 10 175444
0 7 11 72537
0 76 76 176445
0 2000000 47 85338
0 41 50 176425
0 13 11 156752
0 30 87 176448
0 1647130 26 176443
0 18 18 54793
0 40 40 152335
0 2000000 41 176446
0 89 89 36163
0 1216741 48 69084
0 273872 57 176436
0 2000000 43 176443
0 64 68 176446
0 91 91 15091
0 25 25 167263
0 15 15 176418
0 41 41 73524
0 67 66 176436
0 27 27 189125
0 2000000 90 119740
0 998742 69 176435
0 79 74 176419
0 100 100 18867
0 74 76 164843
0 1346344 22 176446
0 72 75 176439
0 1860240 47 176436
0 1 31 176439
0 63 73 176433
0 787175 16 191498
0 43 38 176448
0 55 56 54798
0 1273400 75 15234
0 36 60 176439
0 3 3 104560
0 25 26 176442
0 2000000 62 53876
0 26 28 176443
0 1884460 20 176439
0 34 35 17455
0 34 34 81059
0 55 54 50639
0 2000000 45 139308
0 77 97 170209
0 2000000 24 176436
0 10 57 73190
0 2000000 43 126837
0 47 47 176439
0 53 51 176425
0 18 18 176440
0 35 34 176429
0 28 23 176443
0 2 2 19194
0 2000000 60 73422
0 2000000 29 183510
0 12 15 176446
0 1 7 145169
0 33 28 176424
0 60 55 42872
0 94 94 176448
0 2000000 31 126622
0 50 50 176433
0 24 24 187178
0 5 5 176419
0 20 72 176420
0 15 15 146078
0 25 22 176418
0 97 97 114342
0 2000000 26 176422
0 90 89 176426
0 20 58 176422
0 87 90 78456
0 35 60 176418
0 2000000 55 39147
0 72726 60 45346
0 432921 27 176447
0 79 94 176436
0 2000000 94 176432
0 100 100 45064
0 1880907 54 176434
0 45 47 102883
0 2000000 25 176424
0 73 68 176431
0 68 68 96485
0 74 86 168431
0 1 1 63720
0 48 44 176422
0 13 10 14373
0 2000000 58 176433
0 18 18 168377
0 7 37 186389
0 49 56 129644
0 15 15 167019
0 36 36 26813
0 10 18 120151
0 73 74 44645
0 2000000 52 176429
0 1177079 21 102629
0 53 53 170759
0 71 68 156637
0 2000000 52 176446
0 13 71 47997
0 2000000 32 166236
0 39 39 176446
0 738725 14 103305
0 8 8 158411
0 2 3 176446
0 15 29 176436
0 87 86 178163
0 2000000 29 26964
0 3 15 176425
0 1429591 91 176440
0 38 36 176420
0 23 33 90647
0 34 34 39016
0 104 99 176423
0 70 75 169947
0 2000000 23 37731
0 16 18 145705
0 7 12 7282
0 20 28 4843
0 5 6 176435
0 20 20 164413
0 20 42 176438
0 77 77 176425
0 45 46 176423
0 29 67 176429
0 2000000 34 142135
0 19 19 157920
0 32 32 34127
0 2000000 61 176430
0 11 14 176432
0 2000000 97 75315
0 74 72 176432
0 2000000 81 176424
0 28 30 109494
0 96 96 176433
0 87 87 55875
0 2 6 176430
0 46 51 176429
0 2000000 87 164536
0 31 44 176435
0 2000000 7 94922
0 2000000 99 98539
0 84 84 176438
0 64 60 176440
0 21 41 140737
0 2000000 89 190567
0 52 52 176436
0 51 51 176430
0 85 86 176429
0 46 46 60914
0 15 23 184417
0 35 35 176435
0 203298 95 1040
0 1791515 30 176433
0 2000000 76 176433
0 83 83 176436
0 2000000 66 41293
0 84 84 67826
0 868246 76 176425
0 66 66 176419
0 100 100 59946
0 4 30 176448
0 90 90 176442
0 2000000 65 2189
0 2000000 28 68773
0 12 12 176433
0 2000000 22 65924
0 2000000 91 53748
0 63 60 176420
0 20 20 103933
0 28 87 176426
0 18 13 75421
0 5 33 24056
0 1445748 87 167241
0 23 80 176431
0 69 66 176448
0 37 34 79104
0 73 73 99793
0 1 8 123198
0 2000000 3 111934
0 44 60 176438
0 10 10 176431
0 68 86 176432
0 2000000 11 154011
0 54 54 176441
0 2000000 93 176425
0 2000000 67 133133
0 2000000 57 126391
0 2000000 56 176422
0 1793465 100 176427
0 754015 47 134545
0 2000000 43 88751
0 2000000 43 197207
0 27 32 95218
0 59 59 176443
0 96 93 176432
0 32785 100 21631
0 35 35 50769
0 4 4 176434
0 48 48 159891
0 52 52 176434
0 2000000 40 176422
0 34 42 36972
0 32 32 176446
0 2000000 17 94322
0 43 43 139672
0 95 95 176429
0 40 35 36704
0 3 38 108760
0 2000000 79 176422
0 7 23 176423
0 60 62 176419
0 87 87 158199
0 4 28 176443
0 1050030 43 176428
0 17 21 176432
0 2000000 36 176434
0 16 25 176446
0 52 58 176441
0 43 43 176429
0 37 40 176418
0 2000000 17 44696
0 1724468 95 176421
0 49 75 176430
0 61 61 114512
0 654092 32 22741
0 22 22 43865
0 26 27 176421
0 6 11 52454
0 22 20 176440
0 2000000 31 137069
0 85 82 176447
0 42 42 136246
0 9 10 150663
0 2000000 36 49360
0 11 15 93984
0 2000000 80 176428
0 2000000 26 105571
0 72 74 138492
0 27 32 80808
0 18 18 41275
0 22 79 159292
0 89 99 25941
0 28 28 176420
0 5 95 176429
0 2000000 64 66552
0 1577271 17 34962
0 60 69 176442
0 54 54 127738
0 84 93 26157
0 77 76 55486
0 8 9 176419
0 45 58 24478
0 1638859 85 38489
0 2000000 69 122628
0 2000000 98 63273
0 18 18 12929
0 94 97 154602
0 74 79 68334
0 2000000 60 176428
0 7 75 176433
0 10 6 176433
0 2000000 30 132329
0 1431307 98 176438
0 8 11 176438
0 790342 60 79844
0 61 57 41247
0 79 93 176440
0 50 50 176433
0 12 65 143354
0 1 23 142205
0 2000000 47 9655
0 100 96 22942
0 2000000 28 176432
0 2000000 78 176423
0 78 78 176420
0 57 58 99741
0 65 65 176440
0 421400 82 176431
0 63 63 51607
0 9 30 62886
0 2000000 79 172464
0 7 4 69684
0 2000000 15 195693
0 1925667 65 23951
0 41 41 128640
0 26 52 95048
0 9 9 192260
0 172642 61 176436
0 69 69 88061
0 2 30 176447
0 33 34 176419
0 2000000 91 32132
0 35 35 176447
0 96 91 52613
0 33 62 100992
0 55 55 59748
0 51 49 22687
0 34 61 176438
0 15 19 189544
0 94 90 176428
0 32 32 176440
0 94 94 111378
0 55 55 153250
0 24 61 176445
0 1466143 29 51334
0 79 83 87943
0 524728 96 77812
0 7 16 176442
0 58 76 124195
0 13 99 64327
0 27 94 176426
0 33 33 137210
0 55 56 176427
0 30 30 11835
0 2000000 38 9301
0 34 30 176448
0 16 20 154008
0 71 71 176424
0 20 20 175819
0 2000000 23 51362
0 88 88 176418
0 401095 3 176422
0 75 71 187673
0 2000000 84 73233
0 25 70 20643
0 90 90 118252
0 32 37 33818
0 8 53 176435
0 57 57 176438
0 53 53 176433
0 85 85 75110
0 2000000 60 130804
0 42 42 176435
0 1 8 176448
0 13 23 89489
0 17 44 101872
0 39 40 60964
0 56 61 193941
0 76 77 176430
0 46 46 166020
0 2000000 17 176420
0 2000000 66 150302
0 2000000 57 126168
0 5 10 176444
0 19 32 131773
0 1217019 77 28390
0 1392621 82 37881
0 5 33 37006
0 2000000 50 132866
0 83 83 176447
0 6 28 176427
0 73 73 176440
0 88 85 98801
0 2000000 47 176424
0 55 55 73976
0 515837 37 143265
0 2000000 74 23121
0 2000000 16 126762
0 1803347 5 103479
0 82 82 114114
0 84 84 20575
0 59 59 68023
0 20 20 176421
0 410254 24 176197
0 2000000 68 52631
0 1651504 66 37013
0 2000000 85 176420
0 77 72 176430
0 40 39 87197
0 32 33 176439
0 48 70 176431
0 2000000 53 176445
0 53 53 176423
0 2000000 82 13577
0 58 60 183590
0 56 57 118689
0 2000000 92 176441
0 2000000 64 176421
0 2000000 22 57903
0 5 2 176446
0 46 46 176438
0 2000000 72 2383
0 68 63 77292
0 9 9 176442
0 80 80 161584
0 78 78 176437
0 87427 8 176434
0 93 93 11541
0 2000000 82 89747
0 25 27 154564
0 49 49 29409
0 2000000 44 73957
0 75 73 176434
0 49 90 176446
0 26 40 176433
0 87 87 72789
0 2000000 63 40218
0 35 39 176425
0 2000000 51 52802
0 47 47 57754
0 2000000 79 49715
0 58 58 75295
0 2000000 38 176446
0 71 68 176419
0 45 48 97578
0 8 13 176424
0 46 48 176440
0 34 34 176431
0 603003 97 4024
0 64 64 176420
0 2000000 60 176431
0 2000000 85 40344
0 8 26 164092
0 2000000 5 176434
0 4 4 176426
0 42 46 40017
0 2 74 114884
0 4 6 176422
0 31 44 166239
0 5 98 135201
0 30 30 5448
0 347974 18 176443
0 8 8 93053
0 89 89 112513
0 55 55 159912
0 888045 16 5331
0 74 74 65142
0 69 69 111371
0 1008426 4 126535
0 5 26 124797
0 1785224 23 176428
0 17 17 176445
0 2000000 2 51215
0 52 52 167455
0 2000000 48 133424
0 23 67 176442
0 30 25 5070
0 1 21 115850
0 93 93 176420
0 18 13 167370
0 5 1 140472
0 70 78 176421
0 3 36 176419
0 64 64 85964
0 11 51 175419
0 2000000 20 184371
0 23 22 176428
0 18 21 176421
0 42 42 18539
0 2000000 95 85737
0 1389023 45 42119
0 2000000 93 87143
0 43 44 176420
0 66 69 64882
0 388816 21 176432
0 3 86 98168
0 26 26 176445
0 2000000 38 48704
0 74 74 176424
0 44 44 96204
0 15 11 176432
0 2000000 21 115452
0 14 19 187075
0 2000000 54 102099
0 36 41 176445
0 804837 21 176446
0 10 32 137104
0 2 5 176439
0 2000000 65 87202
0 10 62 158660
0 42 85 60777
0 2000000 23 71608
0 2000000 96 80972
0 84 81 24893
0 2000000 33 176427
0 64 69 176448
0 14 14 156975
0 62 62 176432
0 2000000 98 187735
0 37 37 176445
0 2000000 54 173138
0 11 13 176442
0 57 55 154551
0 59 59 86265
0 42 42 49779
0 74 70 176419
0 87 87 23729
0 30 29 95280
0 18 15 176424
0 38 77 176437
0 16 20 112960
0 9 10 23213
0 94 97 5606
0 8 18 58517
0 2000000 68 12225
0 1138933 76 9841
0 17 17 28401
0 3 40 176419
0 38 38 176439
0 18 18 96956
0 2000000 6 176435
0 2000000 15 127104
0 17 89 188593
0 11 22 176431
0 2000000 66 85090
0 94 94 62895
0 67 82 20968
0 45 70 176441
0 1880694 50 128589
0 3 35 189395
0 1 1 117406
0 14 18 173370
0 79 83 176418
0 25 30 176418
0 92 97 176424
0 87 85 176425
0 51 100 176434
0 2000000 11 176420
0 73 77 169586
0 13 13 176434
0 5 9 91987
0 56 59 183316
0 2000000 95 139244
0 610410 27 176420
0 26 26 95363
0 17 53 131424
0 18 34 176418
0 63 66 176434
0 90 95 176440
0 2000000 42 159849
0 2000000 80 32844
0 2000000 51 70756
0 35 36 100035
0 33 30 49416
0 1978378 56 10164
0 23 23 176425
0 2000000 89 123705
0 794202 25 23810
0 2000000 20 35769
0 1 6 176446
0 7 59 176428
0 17 18 176448
0 1751810 42 178687
0 2000000 34 76203
0 78 77 148438
0 2000000 99 31160
0 4 4 176438
0 2000000 43 176448
0 74 74 125359
0 1404730 31 176445
0 2000000 80 82572
0 619915 47 176447
0 47 47 176429
0 82 95 176445
0 91 91 176441
0 53 67 176448
0 1641256 8 155910
0 1602884 55 176419
0 53 53 176432
0 2000000 76 66137
0 2000000 98 155908
0 2000000 84 148729
0 57 57 138691
0 17 15 176445
0 87 87 162281
0 69 68 176443
0 1411423 42 79888
0 2000000 20 100506
0 74 75 176433
0 29 61 156569
0 76 82 176437
0 2000000 99 176422
0 8 41 19712
0 75 78 153305
0 290100 69 176431
0 910044 3 176423
0 13 86 176422
0 8 15 27538
0 36 33 123006
0 19 24 176431
0 1314681 48 168983
0 19 74 149962
0 2000000 76 21104
0 67 65 86309
0 93 96 14183
0 69 70 176428
0 60 60 168644
0 40 74 176433
0 71 97 176438
0 35 50 151638
0 1835522 70 176448
0 30 30 176437
0 2000000 59 176419
0 15 10 8608
0 45 88 103764
0 2000000 64 188300
0 17 19 176443
0 619780 45 176437
0 69 70 27401
0 63 65 17841
0 751459 7 146035
0 21 21 116068
0 1375248 12 176447
0 2000000 73 40771
0 2000000 24 176444
0 1331499 33 111029
0 22 22 152780
0 31 31 176444
0 10 23 176435
0 61 64 176442
0 4 26 176443
0 236138 44 197447
0 96 96 176437
0 14 26 93386
0 93 93 162981
0 2000000 56 87512
0 85 85 25210
0 2000000 1 110101
0 19 20 15441
0 2 2 176424
0 2000000 5 2085
0 359 97 47189
0 64 67 42104
0 37 37 121225
0 2000000 49 176425
0 2000000 1 61276
0 1152609 2 40475
0 54 54 146175
0 42 42 52649
0 18 18 9243
0 52 52 176426
0 2000000 71 71743
0 8 8 26085
0 4 4 176422
0 21 49 123521
0 89 89 73409
0 1 23 82952
0 81 79 176423
0 31 59 176085
0 83 83 178401
0 31 31 141382
0 39 36 43863
0 2000000 4 115193
0 2000000 40 176428
0 37 37 176423
0 12 18 176442
0 37 34 176435
0 2000000 67 172812
0 36 61 32517
0 794038 69 17873
0 25 49 176427
0 12 57 12683
0 26 34 176448
0 93 90 176426
0 2000000 21 42058
0 33 41 176422
0 97 99 157730
0 93 92 176425
0 11 43 176423
0 8 8 176443
0 92111 2 176418
0 23 68 176427
0 20 81 199628
0 18 83 193062
0 2000000 59 115959
0 56 95 183900
0 2 5 165585
0 60 60 176421
0 68 63 176418
0 2000000 45 87010
0 2000000 72 47435
0 2000000 21 73199
0 4 49 129768
0 89 95 176433
0 22 22 90228
0 1934895 66 194758
0 72 73 198888
0 33 40 176445
0 54 52 109298
0 772668 1 73766
0 2000000 82 55201
0 18 48 176439
0 2000000 52 166261
0 82 82 193494
0 19 19 121243
0 70 70 176425
0 59 75 156109
0 52 84 9424
0 13 13 176426
0 1934802 45 176425
0 2000000 22 42367
0 2000000 74 23474
0 4 4 176430
0 1391235 86 176425
0 75 73 176435
0 3 3 50330
0 73 93 176430
0 2000000 62 79377
0 51 51 154807
0 96 98 176440
0 10 10 44309
0 2000000 10 107162
0 2000000 72 19452
0 43 43 176439
0 34 38 176422
0 1937107 1 188724
0 32 32 151731
0 92 92 194696
0 505280 89 176442
0 21 25 160812
0 7 15 176427
0 84 79 176427
0 2000000 48 25696
0 551927 23 176445
0 2000000 100 176431
0 14 14 44081
0 2000000 93 176443
0 2000000 6 189274
0 70 71 176435
0 56 55 74026
0 12 9 56944
0 55 51 174013
0 2000000 4 176424
0 49 49 162599
0 13 53 176422
0 38156 53 176443
0 83 78 156674
0 49 49 160686
0 39 39 176436
0 35 84 176437
0 32 32 33973
0 27 31 35615
0 53 53 176447
0 17 25 176423
0 2000000 18 153849
0 1899635 45 176422
0 81 81 91175
0 61 78 176443
0 3 3 176439
0 24 61 176429
0 2000000 36 176434
0 2000000 24 28206
0 2000000 56 31211
0 2000000 38 111513
0 2000000 37 133369
0 67 67 176441
0 21 28 176419
0 62 58 176440
0 61 61 142872
0 37 49 176426
0 80 79 57866
0 39 39 18382
0 39 39 50862
0 95 95 176437
0 87 85 176420
0 38 43 47225
0 14 43 142201
0 80 84 176438
0 47 47 120228
0 38 38 176443
0 100370 76 17153
0 2000000 47 168834
0 32 28 99416
0 55 58 176434
0 2000000 39 119108
0 24 69 176437
0 55743 79 49914
0 2000000 36 176420
0 72 76 165014
0 99 100 36379
0 2000000 22 139569
0 2000000 65 176448
0 3 3 176437
0 26 98 88522
0 965084 80 176430
0 2000000 80 176420
0 48 51 71599
0 2000000 4 49140
0 36 42 176426
0 5 9 176422
0 2000000 84 167922
0 5 2 32315
0 20 21 143575
0 91904 96 176430
0 4 22 176434
0 2000000 32 176419
0 2000000 32 70866
0 2000000 41 176443
0 97 93 42590
0 25 28 27726
0 67 67 176437
0 47 48 176446
0 2000000 11 84147
0 417506 96 176424
0 85 89 41617
0 29 29 41447
0 71 71 176445
0 2000000 9 176419
0 861042 35 176431
0 2000000 30 176424
0 93 96 176422
0 601297 55 176434
0 55 55 176424
0 2000000 7 176446
0 10 46 169880
0 2000000 27 49602
0 23 23 46095
0 2000000 22 54615
0 86 82 37375
0 57 57 176435
0 33 33 176446
0 2000000 11 44150
0 43 39 163148
0 2000000 66 176436
0 13 53 176431
0 16 16 7215
0 86 81 176429
0 3 3 143859
0 2000000 21 45162
0 90 90 176435
0 2000000 3 107570
0 24 24 176431
0 2000000 91 176429
0 100 98 176446
0 48 52 145578
0 31 31 175898
0 85 87 93764
0 22 47 167545
0 2000000 84 176438
0 66 94 176434
0 59 61 9641
0 2000000 16 24949
0 43 45 176427
0 67 67 176427
0 94 94 27284
0 4 4 7924
0 2000000 51 17143
0 2000000 62 96383
0 8 4 94101
0 2000000 30 176430
0 42 42 141022
0 88 92 176440
0 2000000 67 17168
0 4 13 176436
0 2 5 108724
0 96 96 139703
0 33 34 63806
0 1751232 96 166208
0 2000000 45 176436
0 2000000 8 31976
0 74 74 86553
0 91 92 176434
0 89 89 195601
0 2000000 38 176427
0 2000000 89 146849
0 4 7 180784
0 16 20 65707
0 2000000 51 45261
0 44 39 55200
0 2000000 72 62857
0 2000000 4 17949
0 30077 2 164745
0 45 40 176438
0 85 84 176448
0 7 20 32558
0 96 96 35160
0 12 23 111963
0 1 46 150126
0 35 57 176424
0 85 85 151707
0 49 47 112684
0 37 37 176422
0 2 21 176445
0 66 64 141411
0 23 27 176425
0 94 92 85742
0 29 24 176443
0 2000000 60 176423
0 35 86 176440
0 16 22 176424
0 2000000 35 140974
0 7 8 73034
0 34 53 176435
0 65 62 176426
0 10 10 68770
0 45 45 83056
0 58 58 44636
0 577207 69 54255
0 24 21 86170
0 4 6 114157
0 10 15 176447
0 91 91 176447
0 66 62 158345
0 1242309 83 176428
0 28 29 173466
0 1488471 49 176444
0 2000000 93 176430
0 2000000 64 176440
0 50 85 130249
0 75 71 183605
0 76 78 82319
0 87 88 176426
0 2000000 3 176437
0 8 18 34744
0 2000000 33 78505
0 70 77 34628
0 8 8 176429
0 53 71 176435
0 27 42 168742
0 5 26 176430
0 17 17 77915
0 5 32 176446
0 14 19 62085
0 2000000 27 161963
0 2000000 24 33307
0 180237 6 176444
0 67 70 176442
0 2000000 68 192453
0 47 43 125754
0 84 80 176423
0 2000000 45 111868
0 2000000 38 158438
0 1523956 9 176436
0 2000000 22 54388
0 2000000 7 50966
0 2000000 45 164847
0 2000000 100 159797
0 1 25 176430
0 30 30 176419
0 14 32 176434
0 2000000 81 122807
0 2000000 85 176428
