1
55 -63
69220
1000
0 29 32 44075
0 18 18 181325
0 2000000 13 44093
0 790972 98 44084
0 2000000 68 16094
0 150848 22 101890
0 72 84 23467
0 2000000 50 75115
0 2000000 19 39679
0 2000000 57 2445
0 2000000 70 44090
0 95 97 44068
0 62 58 58159
0 2000000 39 63355
0 40 39 185740
0 2000000 84 178185
0 1 2 147655
0 48 48 37975
0 18 43 44076
0 2000000 64 195355
0 572553 11 44084
0 1455285 74 44072
0 35 35 44071
0 20 64 44082
0 89 91 44091
0 69 69 44082
0 544074 3 141763
0 63 65 44079
0 1 7 107415
0 11 90 151731
0 8 12 44087
0 4 4 44085
0 2000000 10 44088
0 2000000 93 44066
0 1 5 140116
0 99 95 94354
0 84 84 16721
0 1852226 65 44067
0 56 56 107257
0 91 92 44065
0 99 94 44076
0 2000000 2 174011
0 61 61 44069
0 773058 65 44091
0 29 29 44077
0 1389186 97 44071
0 2000000 14 38737
0 95 95 26921
0 20 23 61854
0 274041 80 166440
0 42 44 56281
0 66 65 87636
0 2000000 52 25942
0 77 77 44073
0 101 100 44067
0 81 81 42881
0 2000000 84 38368
0 38 54 44071
0 665888 95 10337
0 26 69 3861
0 55 55 39628
0 1297523 78 44077
0 17 17 44073
0 1132522 26 184214
0 1676153 59 31201
0 44 48 20465
0 2000000 54 44077
0 64 67 44072
0 45 40 44069
0 23729 14 72684
0 67 66 44084
0 14 58 8657
0 46 51 26871
0 13 13 31390
0 73310 71 44092
0 12 11 12880
0 78 83 44085
0 24 55 36540
0 6 91 85036
0 42 39 44068
0 154811 51 34622
0 16 50 12353
0 17 17 19824
0 6 21 33065
0 14 14 114779
0 84 84 1540
0 85 88 44085
0 2000000 74 16114
0 86 83 70501
0 73 99 94322
0 35 35 74
0 2000000 16 44085
0 29 24 124614
0 56 89 44089
0 8 63 136187
0 61 65 44084
0 1000908 35 44092
0 12 44 44067
0 31 26 104380
0 45 62 141968
0 21 21 42207
0 19 16 177972
0 2000000 22 44090
0 76 79 44080
0 4 11 44089
0 29 28 55226
0 80 76 144910
0 619098 82 12926
0 27 30 81349
0 19 66 44088
0 38 37 23226
0 299027 58 185542
0 72 82 195870
0 3 11 170303
0 1290097 9 49920
0 115932 14 44076
0 2000000 13 24277
0 2000000 10 26892
0 16 28 62521
0 524347 67 47852
0 2000000 98 13466
0 2000000 25 25259
0 38 72 68097
0 98 99 146645
0 33 31 44070
0 95 95 7139
0 1386047 49 44089
0 84 84 40008
0 434070 66 44084
0 1033152 67 84803
0 7 71 78448
0 89 90 44086
0 45 45 25973
0 26 24 44079
0 1235385 45 143252
0 80 79 44082
0 43 43 44064
0 4 1 44071
0 52 55 44094
0 78 78 14401
0 27 63 93467
0 33 29 106328
0 2000000 69 44067
0 67 67 44082
0 27 52 8250
0 92 87 132152
0 68 68 161679
0 2000000 85 37600
0 72 67 44086
0 73 68 89094
0 69 87 44067
0 2000000 6 141275
0 27 38 44091
0 2000000 59 42194
0 4 22 44070
0 22 18 44089
0 1143172 45 44081
0 1198872 25 44085
0 5 37 44069
0 90 90 40078
0 48 48 182993
0 4 1 44079
0 2000000 57 44089
0 2000000 57 28185
0 27 27 8471
0 11 7 125730
0 44 70 56749
0 81 81 32170
0 87 88 44067
0 2000000 28 25793
0 2000000 49 176138
0 2000000 71 44085
0 87 87 28017
0 8 3 44081
0 83 83 44079
0 2000000 37 44082
0 82 87 44070
0 64 62 44068
0 2000000 18 36982
0 270534 39 19448
0 41 36 189693
0 39 42 191334
0 9 9 44070
0 2000000 26 18121
0 93 93 38927
0 6 33 180183
0 96 93 2409
0 1361625 32 44088
0 2000000 36 33406
0 2000000 45 3030
0 21 60 44092
0 866515 6 44079
0 33 33 118142
0 2000000 81 44094
0 71 68 44089
0 23 47 46723
0 2000000 58 27992
0 70 70 44078
0 43 43 40912
0 1185479 93 164383
0 45 45 44067
0 78 78 44073
0 34 35 73849
0 99 99 185829
0 67 67 519
0 8 8 121467
0 6 6 96261
0 3 1 44084
0 23 24 44074
0 2000000 27 44088
0 2000000 100 145267
0 32 29 44088
0 2000000 29 14026
0 2000000 14 18915
0 39 41 44071
0 22 45 106319
0 26 26 44075
0 33 31 110570
0 2000000 1 22105
0 2000000 67 16158
0 30 88 39942
0 15 23 44075
0 2000000 65 10882
0 41 41 136284
0 2000000 78 44084
0 102 100 30489
0 63 59 45358
0 286840 96 44073
0 33 34 44087
0 2000000 19 101771
0 2000000 28 29411
0 91 91 24317
0 96 96 44070
0 93 95 44095
0 37 37 108646
0 12 12 56847
0 41 41 41070
0 24 80 44093
0 5 26 44079
0 77 89 149385
0 50 50 133013
0 6 32 44082
0 25 25 95260
0 93 93 171057
0 2000000 29 8934
0 1439280 92 40563
0 1720774 96 44078
0 1 8 76793
0 40 40 43302
0 54 51 151436
0 42 42 72755
0 17 17 31177
0 80 96 44066
0 1 2 6416
0 2000000 84 36744
0 2000000 16 34922
0 41 81 44072
0 2000000 54 16285
0 2000000 36 485
0 21 21 44065
0 2000000 95 14850
0 14 15 44086
0 6 61 141580
0 30 47 100762
0 2000000 96 37210
0 54 49 176769
0 2000000 30 36076
0 32 62 44084
0 6 6 44069
0 2000000 15 44085
0 64 64 392
0 10 13 44078
0 1631208 39 44080
0 87 87 42429
0 29 26 44077
0 39 84 19627
0 45 96 44088
0 60 60 44077
0 28 44 44068
0 1584279 6 169876
0 65 97 92726
0 64 66 96701
0 2000000 15 28743
0 43 45 92587
0 2000000 25 12121
0 99 99 41943
0 33 61 178958
0 2000000 74 35748
0 43 43 31880
0 51 51 31161
0 29 29 44090
0 42 42 54886
0 71 71 1913
0 2000000 7 162424
0 43 38 44083
0 1539383 99 44075
0 767231 43 21475
0 1 1 44077
0 30 73 44094
0 26 26 31865
0 64 62 44076
0 92 92 30055
0 18 40 103280
0 40 42 61918
0 2000000 78 44088
0 93 89 44083
0 2000000 61 44086
0 1 10 157453
0 1627617 72 79098
0 63 65 44088
0 66 61 44082
0 41 41 44095
0 91 93 196179
0 2000000 28 22228
0 12 10 7736
0 23 23 150516
0 54 54 23177
0 2000000 24 44086
0 36 100 162776
0 2000000 25 23932
0 2000000 4 31199
0 13 13 49027
0 88 88 44071
0 29 93 92475
0 35 35 44094
0 12 12 44095
0 90 86 86904
0 514290 28 44090
0 98 95 44081
0 2000000 46 33578
0 70 70 20085
0 1992621 47 44085
0 2000000 99 13408
0 2000000 8 44094
0 5 6 62284
0 13 27 187129
0 48 46 55897
0 2000000 90 29853
0 25 63 44070
0 2000000 18 44065
0 6 6 178360
0 2000000 42 44095
0 2000000 31 44069
0 9 12 149354
0 8 46 44080
0 8 44 44071
0 98 96 44071
0 59 59 32370
0 68 68 38294
0 40 46 192836
0 2000000 50 41841
0 34 32 44087
0 23 25 130636
0 47 44 44083
0 23 23 44078
0 2 2 148120
0 8 14 44091
0 2000000 100 176215
0 2000000 43 31137
0 64 64 8060
0 13 15 96901
0 41 94 21936
0 75 74 44081
0 73 73 96223
0 15 25 44072
0 6 8 85288
0 29 53 18255
0 41 41 30735
0 1484948 32 44071
0 2000000 37 44086
0 32 87 44078
0 2000000 16 128009
0 75 84 44082
0 79 75 166815
0 42 39 44069
0 729769 97 44085
0 1 1 44076
0 2000000 43 44075
0 2000000 56 44071
0 2000000 39 44085
0 44 44 35027
0 429550 59 44072
0 100 95 44071
0 2 7 67473
0 50 46 44093
0 99 99 40082
0 1 1 44067
0 1 31 44073
0 2000000 74 44083
0 12 12 170414
0 2000000 79 9908
0 65 65 44092
0 80 80 65213
0 60 60 44095
0 2 2 122446
0 22 22 38053
0 30 25 44081
0 46 57 164785
0 16 16 42577
0 24 24 44091
0 90 86 44065
0 2000000 97 7706
0 11 11 44088
0 26 26 44070
0 10 10 44095
0 2000000 7 44091
0 615239 5 44077
0 2000000 96 41450
0 2000000 30 6425
0 5 1 44069
0 100 97 44075
0 2000000 89 44068
0 51 51 44089
0 8 12 44076
0 75 73 44080
0 1871900 9 44083
0 16995 16 44081
0 23 69 128949
0 1787685 73 44093
0 44 39 121929
0 68 68 44068
0 2000000 81 3584
0 20 17 44076
0 55 55 44093
0 50 50 183435
0 2000000 44 136546
0 1434060 67 49761
0 52 50 32448
0 1303782 42 44073
0 86 86 44067
0 8 8 11740
0 75 75 17042
0 643090 24 44085
0 1119013 65 63604
0 38 38 104799
0 868003 43 32304
0 2000000 85 44085
0 19 25 44068
0 6 44 72999
0 72 75 44092
0 56 60 26034
0 2000000 52 42829
0 65 82 44095
0 992139 22 44065
0 24 26 44078
0 42 47 16562
0 2000000 80 44078
0 21 21 3384
0 2000000 74 44066
0 13 39 156926
0 2000000 26 23906
0 34 66 44083
0 2000000 6 44081
0 4 7 133907
0 1 4 44081
0 257736 64 12552
0 1056942 46 158658
0 9 7 44080
0 54 57 44068
0 6 72 44078
0 94 96 44085
0 21 21 30729
0 37 37 44073
0 3 6 44089
0 95 100 3853
0 30 30 44090
0 2000000 30 30121
0 891414 56 44078
0 2000000 58 30530
0 1852823 1 17969
0 47 47 70376
0 64 88 65064
0 814212 17 117947
0 6 15 44073
0 27 47 116002
0 31 56 44071
0 2000000 57 10073
0 24 23 158676
0 37 37 44078
0 46 46 44092
0 2000000 34 44076
0 44 45 44071
0 87 87 44091
0 69 73 44068
0 46 42 44074
0 44 58 148677
0 18 34 44081
0 7 49 44095
0 2000000 90 83608
0 2000000 11 184058
0 67 81 155111
0 57 57 44080
0 2000000 52 109739
0 4 16 16039
0 45 54 143666
0 19 19 44079
0 17 98 155812
0 1707356 74 122239
0 86 89 123129
0 3 65 44092
0 19 63 158067
0 57 59 44078
0 748264 85 25350
0 83 83 12699
0 2000000 4 41372
0 2000000 55 199215
0 15 17 44091
0 56 55 82268
0 2000000 66 19007
0 2000000 43 12241
0 2000000 80 44084
0 49 49 44079
0 64 64 3726
0 27 25 44069
0 59 59 44071
0 44 44 34809
0 10 36 9691
0 75 80 93686
0 2000000 100 42641
0 54 64 44082
0 2000000 6 63838
0 2000000 56 10174
0 2000000 58 44095
0 2000000 53 196527
0 3 3 44079
0 24 40 44080
0 2000000 87 40540
0 2 61 44067
0 2000000 90 5520
0 42 57 44093
0 3 3 151160
0 2000000 67 44073
0 1710310 27 102758
0 68 70 44074
0 2000000 24 44092
0 68 64 44066
0 13 46 55611
0 1614744 97 121297
0 2000000 57 28236
0 2000000 8 78124
0 65 95 44068
0 79 79 44076
0 2000000 44 62166
0 62 63 44065
0 69095 67 44084
0 100 96 44074
0 64 64 124486
0 3 3 44085
0 1884622 33 44071
0 6 16 100678
0 57 57 4360
0 27 30 56970
0 4 4 47598
0 45 45 96792
0 64 63 44069
0 20 20 44081
0 1264881 92 37803
0 92 92 44076
0 61 58 44080
0 2 57 191734
0 79 82 13528
0 51 51 44076
0 2000000 51 36963
0 79 89 90865
0 64 64 110426
0 2000000 89 38876
0 3 68 1222
0 2000000 3 149788
0 44 49 44090
0 23 23 44066
0 61 73 115329
0 1 6 105358
0 2000000 67 22136
0 2000000 41 29896
0 79 79 44086
0 2 66 44066
0 2000000 1 44090
0 11 59 44067
0 35 40 2097
0 5 6 8148
0 2000000 13 44082
0 25 62 44087
0 2000000 25 23117
0 25 62 44073
0 76 76 44068
0 64 64 43853
0 18 39 44068
0 45 45 44095
0 46 60 44074
0 63 83 44080
0 2000000 60 44085
0 2000000 79 22417
0 21 21 21919
0 74 74 49212
0 1073994 79 44092
0 594268 93 38798
0 18 18 176786
0 23 27 44094
0 2000000 17 35013
0 2000000 29 177665
0 65 69 102937
0 996601 25 44073
0 94 94 39227
0 11 30 44075
0 92 93 44072
0 2000000 76 195071
0 6 6 44075
0 42 42 155973
0 1906312 84 3924
0 2000000 26 44075
0 5 6 108554
0 2000000 74 32187
0 2000000 95 136165
0 100 95 44072
0 60 60 44069
0 2000000 47 74997
0 53 52 2535
0 5 2 44075
0 1422031 21 44093
0 97 96 120580
0 20 86 17215
0 449700 9 44086
0 2000000 63 16662
0 85 85 138916
0 31 47 44089
0 60 60 183030
0 45 46 44066
0 2000000 43 20469
0 19 98 44094
0 29 26 102415
0 152281 92 44090
0 67 72 44094
0 18 20 44076
0 44 44 44076
0 4 12 44067
0 4 17 129550
0 82 97 135965
0 2000000 26 22493
0 2000000 56 199692
0 4 92 44090
0 18 13 44084
0 4 6 44080
0 27 27 41509
0 1483315 61 44090
0 2000000 12 34535
0 1 1 44090
0 62 67 185776
0 20 20 32920
0 56 65 153362
0 89 92 198989
0 4 32 44076
0 22 76 24121
0 2000000 47 24352
0 93 93 44069
0 81366 4 44072
0 24 21 198564
0 2000000 8 53883
0 958892 39 111289
0 2000000 16 34752
0 4 7 26465
0 53 89 161056
0 16 38 44095
0 13 80 182983
0 14 51 42386
0 6 13 44085
0 2 23 44087
0 8 11 128490
0 2000000 88 31458
0 2000000 66 4733
0 1058005 30 44074
0 28 41 44076
0 2000000 73 42136
0 30 92 44067
0 23 51 44077
0 20 18 84918
0 23 67 74623
0 29 24 44078
0 2000000 56 31252
0 20 24 44089
0 2000000 40 33978
0 6 6 44082
0 66 66 16583
0 11 8 44067
0 2000000 25 21833
0 19 39 196334
0 2000000 22 47196
0 69 69 39129
0 31 36 67216
0 2000000 98 147223
0 2000000 98 13191
0 2000000 75 43101
0 44 42 44074
0 2000000 98 16432
0 20 67 44092
0 48 48 93649
0 55 55 44079
0 19 55 44087
0 1224354 32 154008
0 2000000 93 21116
0 2000000 43 44089
0 2000000 31 44072
0 16 16 20632
0 85 85 44088
0 2000000 51 15471
0 2000000 13 4711
0 34 55 155881
0 34 32 44092
0 5 64 84595
0 2000000 81 27419
0 71 96 123198
0 2000000 90 21167
0 2000000 68 4474
0 27 22 44066
0 71 74 175656
0 1131936 89 41618
0 2000000 92 44065
0 28 66 44082
0 85 85 35551
0 62 63 71738
0 6 2 44091
0 37 67 44090
0 99 99 6792
0 93 98 44082
0 2000000 52 44089
0 70 69 44076
0 2000000 48 44074
0 2000000 4 13043
0 77225 57 35486
0 69 71 44093
0 2000000 37 31581
0 2000000 94 41767
0 31 27 44089
0 44 44 126994
0 2000000 16 13042
0 44 46 44083
0 69 70 44069
0 982767 88 44088
0 42 54 44090
0 1752789 52 44074
0 36 53 51865
0 71 74 44079
0 55 55 36479
0 721254 16 771
0 2000000 67 25709
0 932423 70 157706
0 57 53 83660
0 38 97 89732
0 45 45 44091
0 32 49 44090
0 2000000 37 15606
0 43 62 44081
0 2000000 64 93985
0 62 60 44094
0 2000000 12 1525
0 2000000 26 24063
0 2000000 35 33514
0 78 78 88906
0 8 9 44082
0 19 87 44076
0 35 67 29775
0 80 80 44094
0 2000000 5 44071
0 23 41 28737
0 69 69 33820
0 26 53 44089
0 2 14 3205
0 71 71 128039
0 2000000 22 44083
0 5 5 35459
0 57 96 6978
0 1985436 8 159101
0 2000000 33 146544
0 64 64 13772
0 5 17 44071
0 2000000 61 181000
0 81 82 176924
0 3 7 44080
0 54 54 138343
0 32 32 146842
0 21 33 44089
0 988198 98 52073
0 1024768 89 131720
0 71 76 17506
0 41 44 129654
0 61 98 44082
0 64 61 175325
0 97 97 44068
0 5 2 44079
0 89 85 51740
0 62 62 44081
0 8 8 44086
0 35 37 1905
0 1349952 22 98900
0 91 91 23363
0 2 2 132930
0 11 7 44077
0 22 24 19291
0 77 72 44073
0 44 84 72358
0 91 90 170711
0 3 3 44069
0 565317 88 44091
0 2000000 39 44070
0 51 63 48070
0 31 31 42066
0 37 37 44067
0 37 37 44084
0 132427 17 44092
0 82 86 7776
0 11 11 67425
0 57 57 44086
0 83 83 44077
0 85 85 42147
0 2000000 48 3982
0 1626199 87 63182
0 98 98 44090
0 61 58 44074
0 1028961 13 44077
0 57 62 44065
0 33 33 180804
0 167403 49 44079
0 1440309 88 100905
0 2000000 19 168491
0 2000000 8 44088
0 62 57 56424
0 2000000 20 12116
0 27 25 151786
0 113411 27 103541
0 87 84 44066
0 59 59 136912
0 2000000 20 162683
0 473154 13 197264
0 18 24 84228
0 43 64 108843
0 2000000 43 40883
0 2000000 22 111600
0 86 86 9458
0 36 39 44074
0 78 78 165725
0 1304659 74 125344
0 50376 48 137575
0 97 99 110521
0 8 8 44075
0 65 75 44080
0 11 14 44065
0 84 84 5408
0 20 48 27760
0 30 27 197483
0 3 8 44077
0 2000000 94 44069
0 2000000 20 8313
0 2000000 15 44088
0 96 93 44081
0 2000000 3 18228
0 35 35 44089
0 2000000 92 141633
0 26 27 131901
0 2000000 3 3726
0 59 63 7066
0 3 16 121322
0 13 13 134830
0 5 73 55953
0 2000000 68 23863
0 24 20 44071
0 2000000 96 3688
0 395287 3 44079
0 94 91 123064
0 48 49 23797
0 2000000 64 18812
0 2000000 65 44074
0 96 96 98891
0 2000000 99 44066
0 71 71 48601
0 321302 92 44092
0 43 45 187615
0 1296317 45 44069
0 23 21 72161
0 9 5 162490
0 55 55 78329
0 2000000 3 16663
0 61 61 44069
0 13 70 189758
0 30 73 80119
0 2000000 34 44076
0 10 90 44079
0 31 31 44086
0 679056 49 44092
0 2000000 11 44091
0 36 40 44065
0 2000000 5 44082
0 9 9 5744
0 2000000 39 22899
0 84 84 44068
0 18 13 172941
0 91 86 190907
0 97 93 153384
0 31 35 44066
0 2000000 23 41585
0 880687 20 41791
0 60 60 44095
0 14 24 44075
0 1258919 82 130199
0 2000000 22 35759
0 81 86 44068
0 31 85 176330
0 43 43 44071
0 2000000 8 38020
0 61 56 148011
0 38 38 41082
0 68 68 196844
0 7 55 41858
0 2000000 77 44067
0 2 2 3482
0 74 74 44092
0 3 6 127060
0 47 54 109651
0 2000000 54 44078
0 303511 57 150302
0 2000000 69 36225
0 68 68 173652
0 6 91 44078
0 3 35 44095
0 12 12 21619
0 72 72 44072
0 74 74 44082
0 33 37 44071
0 13 12 34413
0 5 8 44069
0 249763 43 191614
0 47 43 68495
0 5 16 30058
0 96 96 44083
0 2000000 27 42242
0 2000000 37 44090
0 26 25 87176
0 4 4 44072
0 56 85 117286
0 1821158 3 44080
0 35 73 44093
0 3 7 30078
0 17 19 5562
0 19 42 44068
0 16 42 21343
0 2000000 44 26345
0 18 18 92057
0 2000000 41 11491
0 59 60 44091
0 25 32 44090
0 26 78 44066
0 2000000 73 2370
0 2000000 89 44071
0 77 79 44067
0 2000000 92 44085
0 2000000 11 28379
0 62 84 44078
0 84 79 44094
0 10 10 106107
0 1982948 100 195828
0 44 48 44074
0 2000000 43 14604
0 40 38 44067
0 41 53 44076
0 24 24 42969
0 8 7 44083
0 1952746 47 44081
0 2000000 81 91402
0 28 33 118295
0 83 83 44084
0 62 72 44087
0 96 99 44074
0 6 7 44086
0 2000000 98 44076
0 2000000 16 12608
0 2000000 98 44083
0 45 45 15269
0 12 9 188203
0 45 79 40253
0 2000000 37 14275
0 2000000 46 44070
0 2000000 70 30776
0 33 54 44079
0 2000000 71 35849
0 42 91 44089
0 4 22 38666
0 1757903 40 14316
0 2000000 34 112468
0 3 3 14878
0 62 62 161243
0 32 27 44087
0 11 81 179319
0 2000000 11 39690
0 22 22 44087
0 2000000 60 6095
0 76 76 34358
0 100 98 129993
0 3 38 151322
0 85 94 44088
0 2000000 70 30071
0 9 14 44073
0 29 25 44084
