136
-25 38 -79 -38 96 30 -82 -56 -8 -16 -38 62 -43 34 -32 -11 -12 97 47 32 59 -42 89 -30 88 83 -56 -16 -48 -88 -56 -59 36 63 -23 -99 -29 -93 60 19 65 -12 26 54 -57 -19 -99 86 -59 -47 -25 -65 -78 -45 78 87 6 -87 -73 -93 -50 -83 25 32 94 -70 50 -76 -85 79 12 36 -37 -80 10 2 72 -81 -53 27 -28 12 -23 66 33 13 -41 -39 73 74 -87 -38 -5 -7 -71 -41 100 -32 26 96 89 -33 42 81 -65 24 -83 -45 -22 -63 -13 -60 21 -92 69 73 68 -27 90 62 50 40 -2 -4 48 -43 69 -81 10 -50 -52 -89 -81 81 -27 -39 -13
191775 199687 178954 190610 175671 185983 190548 197105 192609 176417 186600 176383 196003 181622 184141 199645 175109 183503 179890 177622 190472 174513 196252 186344 188836 194308 192842 176557 180189 191056 185463 183838 191490 188267 192635 193596 183348 177182 187764 194087 173721 177379 191031 181637 196613 198738 191615 182027 180066 199045 178023 190684 175711 185074 193113 185745 196428 183501 199223 190377 190208 196723 178425 175639 187581 183487 199144 187451 176492 196970 187889 194404 178076 191292 181078 180810 195381 179900 188024 189901 198473 199278 180718 183869 193983 181530 190555 181293 193848 196409 178760 175903 189464 182806 184703 197104 179830 190458 189784 187928 187704 191619 174553 176599 196510 188925 180215 182108 177057 198115 192044 196153 173741 173581 179583 198850 177721 198159 173698 185058 195738 190129 191394 186954 199995 197016 195590 176786 178756 197779 196052 189762 175920 189424 176287 187692
1000
0 12000 96 70911
0 10002 80 173158
0 2000000 77 158802
0 2000000 26 597
0 5750 46 118841
0 2000000 17 121588
0 6434 77 57312
0 2000000 82 96341
0 1366414 65 173156
0 9748 78 139474
0 554274 89 173164
0 2000000 37 173162
0 9523 80 175878
0 7495 60 144094
0 2322 32 186743
0 3375 27 98409
0 2000000 40 60562
0 10250 82 57493
0 2000000 8 190625
0 2000000 57 104479
0 2625 21 173143
0 2000000 25 173164
0 2000000 62 21314
0 9250 74 169696
0 3875 31 70522
0 863 72 173165
0 4122 33 190734
0 702777 93 173141
0 9250 74 173146
0 21 9 173143
0 3375 27 101063
0 8125 65 47798
0 3569 29 140653
0 6870 55 173148
0 2000000 87 79177
0 858153 87 198599
0 9499 76 173156
0 625 5 185377
0 11125 89 173160
0 1823158 18 38176
0 7000 56 170731
0 3001 24 173152
0 1967043 14 173144
0 7625 61 191281
0 2000000 94 88035
0 1019509 63 173141
0 2000000 11 158281
0 2000000 44 114377
0 973271 26 68690
0 9375 75 98054
0 2000000 17 53193
0 5468 89 94819
0 505 4 122049
0 3995 32 173150
0 2000000 86 173169
0 11498 92 173156
0 2000000 48 170710
0 3375 27 173164
0 1107733 79 180881
0 2000000 93 20919
0 5503 44 26716
0 2000000 31 173168
0 2000000 98 174155
0 509 67 173146
0 7502 60 173153
0 2000000 82 24289
0 3746 30 173167
0 2000000 17 35923
0 252 2 135040
0 9250 74 173904
0 7000 56 107204
0 385 15 173145
0 7250 58 61686
0 1733 29 173163
0 909952 83 197807
0 6747 54 5412
0 5623 45 145301
0 2625 21 40168
0 5874 47 167658
0 166422 21 77105
0 630 5 61317
0 2000000 44 173144
0 7627 61 188067
0 6000 48 173168
0 8859 74 173144
0 2000000 32 38324
0 2000000 93 173170
0 2000000 49 173158
0 4974 51 173162
0 613 20 37731
0 394 25 27008
0 10750 86 173165
0 124 3 173149
0 137420 86 173148
0 2375 19 53977
0 5153 44 173167
0 5000 40 173166
0 2000000 9 73791
0 2000000 47 129491
0 1851535 24 92447
0 6875 55 26162
0 2000000 39 78071
0 366902 80 173155
0 2298 37 173154
0 814 77 185900
0 11250 90 78697
0 1577 77 42349
0 9122 73 41532
0 724650 83 173152
0 4125 33 32569
0 3626 29 131279
0 7875 63 173158
0 9746 78 173140
0 709372 52 173144
0 2000000 21 71342
0 4750 38 12431
0 1248 10 173141
0 447015 32 173170
0 1280 14 173151
0 2875 23 42784
0 2000000 9 173150
0 2000000 6 51087
0 1770 24 173143
0 9378 75 147215
0 2000000 62 173147
0 3625 29 194365
0 3000 24 13917
0 2000000 77 71633
0 10000 80 158771
0 3260 65 93217
0 498025 100 173170
0 613627 11 195723
0 375 3 88260
0 7250 58 72614
0 2000000 83 167434
0 1252440 99 7808
0 8002 64 70909
0 2000 16 173154
0 3224 90 173162
0 5253 42 52619
0 7242 69 21078
0 7628 61 18703
0 1583487 56 173152
0 2000000 70 83848
0 155 36 12748
0 8375 67 56337
0 2674 71 173161
0 7979 78 53914
0 3410 28 173168
0 6751 54 64345
0 1784611 26 147239
0 309783 64 109588
0 7120 57 56343
0 2000000 56 173156
0 4474 46 173151
0 1125 9 176377
0 2000000 3 163472
0 3625 29 179417
0 2000000 20 173143
0 1649 26 173167
0 991 12 173148
0 10749 86 173161
0 5880 47 173140
0 9875 79 110841
0 12128 97 102153
0 8625 69 125042
0 5245 42 42622
0 4627 37 152418
0 3313 100 173147
0 2000000 71 173141
0 7125 57 173147
0 11375 91 17520
0 1083324 100 78666
0 1125 9 140995
0 2000000 89 173146
0 1629 13 834
0 4622 37 173141
0 6630 53 35556
0 280988 34 173143
0 8497 68 173160
0 859 78 173150
0 2000000 2 156564
0 1838026 92 142638
0 2000000 59 16274
0 11125 89 82421
0 250 2 47057
0 915164 73 124915
0 2000000 99 173155
0 1467847 14 173152
0 8754 70 110752
0 2710 71 173147
0 8255 66 173157
0 4745 38 132745
0 766430 36 42622
0 2000000 58 72268
0 2000000 67 173169
0 2250 18 173159
0 491 44 147210
0 2996 24 173140
0 980856 90 173141
0 7838 67 173159
0 9000 72 129843
0 2000000 61 7798
0 977 59 93414
0 2000000 70 173153
0 5660 65 173169
0 473351 13 58972
0 731 15 173157
0 2000000 66 173152
0 8000 64 154135
0 2000000 52 119776
0 4461 84 166886
0 6000 48 173148
0 1287 13 114483
0 8125 65 173160
0 4754 38 173162
0 250 2 173143
0 621045 62 173147
0 7999 64 186046
0 4000 32 17195
0 11380 91 173160
0 1331712 31 173147
0 2000000 42 173147
0 2000000 18 173152
0 2785 96 173742
0 7500 60 63932
0 11745 94 107289
0 1876 15 188916
0 491 29 75603
0 6882 68 173157
0 11754 94 173162
0 1524 20 173159
0 2000000 3 173162
0 10375 83 113064
0 125 1 168578
0 183763 92 102820
0 2000000 48 135311
0 3959 50 173166
0 664 55 67463
0 8750 70 173166
0 683567 76 173140
0 4543 37 173146
0 2000000 2 94215
0 3375 27 125265
0 3625 29 54958
0 12000 96 60086
0 9611 88 173157
0 215 19 173157
0 9000 72 152754
0 2000000 78 173166
0 11000 88 11276
0 2378 72 173166
0 6375 51 199154
0 2000000 46 194904
0 7379 59 173156
0 102 2 109152
0 10502 84 36992
0 9875 79 173146
0 379 42 137832
0 2000000 2 144565
0 442621 56 173170
0 888831 91 173148
0 11504 92 166507
0 2000000 50 173144
0 608 10 173164
0 2000000 91 109330
0 8375 67 90455
0 334321 68 173156
0 566 7 173166
0 2000000 32 56197
0 9750 78 173149
0 9250 74 173148
0 6125 49 173168
0 1373 17 178793
0 1228614 17 64792
0 7500 60 117249
0 2000000 26 87950
0 2247 18 90209
0 2000000 70 169908
0 773 10 173156
0 1205 63 158900
0 7120 57 173169
0 2627 21 126600
0 8125 82 173146
0 4755 38 173161
0 4783 69 173154
0 1060 87 42015
0 1754678 68 133261
0 4979 86 173154
0 861 12 168161
0 4176 83 173961
0 7506 93 173141
0 11750 94 116061
0 2000000 23 85294
0 2000000 55 173162
0 2395 29 101188
0 1144349 44 84113
0 2000000 93 173149
0 10875 87 169727
0 1371 90 17784
0 2000000 9 173168
0 183 34 173147
0 2000000 61 124104
0 2000000 66 132658
0 9750 78 60936
0 2000000 53 173158
0 2981 33 173169
0 2000000 60 173157
0 925 45 173149
0 5000 40 173145
0 2121 17 175331
0 2000000 70 21122
0 2000000 40 173161
0 2000000 55 128454
0 9750 78 78204
0 2125 17 37117
0 1818974 77 173147
0 2000000 32 2853
0 2000000 51 100650
0 11375 91 90118
0 11625 93 41640
0 2000000 30 82455
0 622 5 189523
0 2000000 57 124686
0 4250 34 86062
0 9250 74 173170
0 10750 86 173164
0 10875 87 173165
0 884638 7 122643
0 5353 46 173149
0 185 7 173169
0 10127 81 30487
0 466 4 173150
0 2000000 56 173164
0 2504 20 173152
0 6625 53 173152
0 251 2 186456
0 674996 49 45229
0 130157 5 173170
0 5250 42 12265
0 3375 27 173147
0 7952 96 173144
0 8375 67 79995
0 4625 37 113017
0 4309 59 173161
0 3503 28 173157
0 10751 86 38817
0 1086098 7 69557
0 2000000 12 36493
0 751 6 173166
0 327 8 173156
0 1210 15 173148
0 11879 95 173146
0 2000000 100 71851
0 2396 77 173143
0 3620 29 173160
0 5038 60 173154
0 4245 34 25348
0 2000000 88 74754
0 2000000 34 122693
0 5274 53 173157
0 2000000 15 128896
0 3868 34 148867
0 3495 28 173145
0 10505 84 5224
0 8998 72 173150
0 2000000 81 130739
0 12250 98 173167
0 12375 99 32503
0 1982951 11 173151
0 9750 78 96983
0 4254 34 168308
0 2000000 89 154857
0 2000000 73 173154
0 5500 44 173169
0 2000000 49 14567
0 3750 30 149219
0 2745 22 169051
0 370098 86 125702
0 2000000 67 173167
0 10250 82 22691
0 1981573 8 134364
0 2721 82 173153
0 7848 90 141225
0 2000000 16 173168
0 1869 97 2802
0 1742357 85 173149
0 2125 17 87560
0 11497 92 173159
0 1090 27 175153
0 7755 62 173155
0 2000000 66 133322
0 1857136 77 173162
0 1477 78 117357
0 2000000 31 135718
0 2000000 16 173161
0 4875 39 119662
0 1010906 40 173140
0 12500 100 173153
0 1500 12 114288
0 7626 61 173155
0 1059 68 137299
0 1207468 17 173146
0 4750 38 173156
0 750 6 173150
0 6375 51 102773
0 7255 58 173146
0 12129 97 157720
0 1995 16 155067
0 370 3 12631
0 2000000 38 68408
0 2000000 65 63027
0 3375 27 1946
0 2000000 43 90214
0 9120 73 173159
0 622 5 187298
0 2173 25 173163
0 4877 39 26494
0 2000000 49 51185
0 2000000 65 71108
0 9103 76 9808
0 456 67 173149
0 126 1 46237
0 11755 94 96747
0 10625 85 78324
0 9625 77 180973
0 714 13 173161
0 6000 48 73125
0 8500 68 173154
0 95182 41 53541
0 12121 97 191562
0 12372 99 173145
0 12502 100 146270
0 5875 47 1235
0 1892 65 23239
0 363 8 54050
0 4771 71 173152
0 4875 39 127851
0 5625 45 89686
0 1672 40 173156
0 1041789 80 162639
0 9377 75 44585
0 2000000 58 173167
0 7000 56 28851
0 2000000 65 74291
0 3376 27 97771
0 5121 69 40963
0 4995 40 173156
0 1258 11 110967
0 2000000 16 12691
0 1497 12 149515
0 1325 26 169690
0 1750 14 173142
0 10504 84 43301
0 9375 75 113880
0 7085 87 173157
0 723224 61 21179
0 2000000 89 6764
0 7125 57 173162
0 2000000 50 173165
0 127238 2 173141
0 2000000 44 89554
0 1750 14 26368
0 2000000 50 173149
0 1027408 13 173166
0 2000000 94 7795
0 1328547 46 173161
0 8376 67 173164
0 162431 43 173168
0 9625 77 65846
0 6380 51 173150
0 2000000 61 173153
0 523344 98 173150
0 1161 54 173162
0 2000000 53 145724
0 2000000 18 6848
0 5500 44 116175
0 154 72 192356
0 2000000 100 28600
0 2000000 31 88314
0 3372 27 150377
0 8875 71 173156
0 4380 35 154904
0 1801827 14 173144
0 123156 24 173158
0 250 2 173153
0 9375 75 198785
0 2000000 97 173150
0 11000 88 173160
0 9625 77 173168
0 2000000 83 111040
0 11970 98 173153
0 3812 74 173165
0 3039 37 69365
0 1457 93 97844
0 4026 68 132482
0 10003 80 81905
0 1000 64 173148
0 3500 28 8709
0 2000000 47 173170
0 2000000 93 13176
0 127936 17 106418
0 2000000 72 191483
0 4378 58 173151
0 2375 19 38680
0 6750 54 34006
0 2000000 42 6728
0 769 13 173148
0 6225 92 143558
0 4805 59 173148
0 6502 52 13067
0 2750 22 37725
0 9250 74 173161
0 4621 37 172101
0 2303 30 173142
0 2621 21 173152
0 3375 27 173153
0 8875 71 173166
0 1879 50 44154
0 10125 81 36734
0 4832 49 31591
0 1625 13 173148
0 1370 11 173149
0 250 2 126178
0 2000000 62 150190
0 7125 57 173148
0 4253 34 113145
0 2000000 37 133187
0 11500 92 173169
0 2000000 48 163355
0 9000 72 173160
0 9629 77 173161
0 3912 94 129460
0 12500 100 173167
0 1837739 1 173149
0 5277 91 173141
0 2000000 93 173147
0 6500 52 59103
0 1355959 73 71641
0 2500 20 173166
0 1354 20 173163
0 2000000 16 50923
0 3873 31 156927
0 107618 47 181820
0 6000 48 143425
0 2000000 37 173157
0 2000000 51 116948
0 6125 49 44808
0 402 14 83766
0 2000000 100 173150
0 2000000 29 63990
0 9000 72 21053
0 1625 13 173170
0 6625 53 115459
0 1378 11 173154
0 9182 93 82776
0 3760 94 1428
0 10375 83 137591
0 11374 91 173152
0 12500 100 169838
0 1848 37 173142
0 2000000 8 143705
0 2000000 80 166618
0 995 8 173158
0 375 3 173152
0 8125 65 173150
0 2000000 95 164133
0 12505 100 44044
0 2000000 22 55398
0 9254 74 173170
0 12250 98 73336
0 116 5 59717
0 882 87 122163
0 97195 74 173169
0 2000000 18 26916
0 5879 47 173147
0 4440 98 7576
0 2000000 32 173147
0 4375 35 118937
0 375 3 58105
0 4625 37 122362
0 11120 89 184757
0 11500 92 66950
0 4139 57 173157
0 924511 22 56486
0 11125 89 27425
0 7500 60 198234
0 2125 17 173158
0 2000000 43 173170
0 3875 31 173149
0 12247 98 173167
0 4591 94 173143
0 657134 44 173144
0 3654 36 173150
0 6625 53 109111
0 2000000 100 40406
0 3113 71 173145
0 2000000 76 175340
0 2625 21 173160
0 12250 98 11117
0 3097 29 19711
0 11000 88 107525
0 250 2 173163
0 9375 75 173141
0 304 3 23399
0 2000000 91 173167
0 1657642 57 167246
0 2000000 84 103062
0 9703 86 173158
0 29692 25 190712
0 7750 62 150734
0 3622 29 173160
0 1251 10 173146
0 994 91 173433
0 6750 54 146467
0 7128 57 2798
0 7500 60 100201
0 2000000 100 123270
0 2000 16 173159
0 3976 78 94985
0 1410886 14 80492
0 3625 29 132221
0 3629 29 173170
0 2341 42 173143
0 732526 94 130808
0 2000000 18 173163
0 135 3 4954
0 2000 16 173163
0 2000000 95 12913
0 2000000 57 64937
0 1880 15 157949
0 4376 35 43892
0 10375 83 173166
0 2000000 69 165514
0 6750 54 76967
0 2000000 46 157050
0 8712 83 145578
0 552383 47 162179
0 2000000 98 147302
0 2000000 15 191439
0 9876 79 188369
0 6042 57 173152
0 2895 39 199357
0 2000000 83 104810
0 3500 28 173162
0 1454537 67 195749
0 5495 44 173152
0 2000000 78 163651
0 2000000 39 163977
0 3750 30 173161
0 10250 82 173148
0 353403 45 173157
0 539 11 173143
0 2000000 83 173162
0 1000 8 56366
0 1364187 41 173168
0 735 35 173149
0 255 2 173142
0 2000000 30 829
0 8376 67 31481
0 9625 77 102178
0 3627 29 173151
0 4625 37 139370
0 2000000 1 154690
0 2000000 71 5261
0 10254 82 135982
0 2000000 34 173164
0 240769 32 173170
0 9377 75 154457
0 633529 48 198456
0 6500 52 67308
0 3840 37 171933
0 2000000 29 126828
0 1407 23 101708
0 3946 48 183865
0 1490529 36 173162
0 77 1 173145
0 2000000 41 42853
0 373 3 173149
0 2904 37 35139
0 1418225 39 24309
0 5625 45 173142
0 1781527 39 12273
0 1550866 6 173167
0 7503 69 173161
0 1598 21 173165
0 6499 63 34719
0 2000000 53 86719
0 6375 51 104893
0 2000000 73 128244
0 4875 39 976
0 247 2 173170
0 1650682 51 183451
0 6475 70 173140
0 6625 53 89347
0 6998 56 173166
0 2000000 24 18445
0 4841 47 154063
0 859704 34 187869
0 3622 29 173159
0 2000000 31 116652
0 2000000 47 180837
0 2000000 55 194692
0 999 8 173168
0 2000000 96 81849
0 2448 79 14539
0 749 6 23799
0 6500 52 119278
0 2000000 95 145503
0 11750 94 173152
0 2000000 26 173166
0 125 1 173161
0 2000000 85 79994
0 1937777 28 173157
0 7437 62 57448
0 4500 36 170868
0 5248 42 103337
0 2000000 30 147088
0 1200710 68 173156
0 1671189 70 173164
0 11875 95 50953
0 176 33 173143
0 1446412 38 178533
0 11624 93 95495
0 9182 86 134131
0 2000000 85 69784
0 2310 20 173149
0 5627 45 173141
0 1749 14 44263
0 2000000 87 18104
0 923 65 112144
0 2000000 75 173165
0 2000000 39 145683
0 496959 3 62962
0 737061 86 173158
0 8000 64 173158
0 3625 29 158471
0 10247 86 10088
0 624 5 173148
0 2375 19 159614
0 3750 30 156893
0 4627 37 170499
0 9250 74 153696
0 3365 94 82592
0 1374518 17 173164
0 1500 12 173146
0 11999 96 52269
0 250 2 197850
0 2000000 73 78818
0 5546 48 173154
0 11498 92 18494
0 9873 79 128748
0 1311963 1 37814
0 1537336 20 173144
0 565 8 173159
0 4184 45 173163
0 2000000 63 4740
0 3246 26 47267
0 750 6 186803
0 7500 60 119817
0 2000000 55 75748
0 4784 71 173163
0 391359 25 185971
0 4516 72 173170
0 1428723 32 71982
0 8189 85 173167
0 1951 56 173148
0 127577 58 185660
0 2000000 15 173152
0 1181 21 173160
0 7376 59 186193
0 12374 99 173155
0 374 3 175581
0 2000000 42 117921
0 10749 86 173151
0 860 35 173160
0 2016 99 197767
0 8880 71 173158
0 1473294 77 199345
0 8500 68 173148
0 1081941 43 173154
0 1496 47 184211
0 7378 59 118396
0 3663 41 173144
0 2000000 99 173170
0 500 4 125093
0 965641 37 173160
0 8500 68 186777
0 2494 24 146034
0 2000000 74 65117
0 1152 100 173163
0 423 7 173153
0 5125 41 173148
0 7750 62 173145
0 7375 59 22671
0 11125 89 113374
0 8248 66 186967
0 11624 93 173145
0 2000000 15 141440
0 1238104 36 173158
0 2000000 32 92139
0 7629 61 173165
0 2000000 45 117921
0 4625 37 11915
0 5250 42 168660
0 2000000 25 150533
0 2000000 98 173168
0 3999 32 31034
0 2000000 66 135431
0 255 2 173158
0 2000000 82 85535
0 1021 9 173146
0 119 2 40794
0 6254 50 142190
0 1398 34 51398
0 2000000 17 160498
0 2000000 38 127611
0 4776 54 173144
0 2000000 36 80853
0 7625 61 3320
0 809 7 173143
0 4624 37 173164
0 2000000 28 36761
0 8892 97 173149
0 1866003 23 173150
0 1577236 34 173156
0 2017 31 111653
0 1125 9 116985
0 574514 99 173170
0 6998 56 10775
0 2000000 52 18104
0 2000000 26 173167
0 9879 79 111589
0 11500 92 106325
0 2034 97 173167
0 7875 63 173154
0 2944 36 173166
0 2000000 70 2672
0 2630 21 172872
0 2000000 100 173141
0 2000000 46 31335
0 875 7 97059
0 754 6 165428
0 1751 14 78302
0 1808326 94 143847
0 3138 54 51153
0 808 8 54487
0 9879 79 40700
0 2000000 56 140319
0 4997 40 173167
0 7246 58 43385
0 2000000 71 81999
0 2000000 15 128206
0 4874 39 92636
0 1375 11 141864
0 1077 70 173144
0 3378 27 144883
0 3011 88 173152
0 10998 88 16783
0 2000000 79 173148
0 538186 23 173143
0 251 2 54417
0 17023 3 86074
0 2000000 70 33829
0 10500 84 21034
0 278 10 169296
0 5498 44 25276
0 5371 43 173162
0 4739 49 38657
0 497 4 173145
0 1246 10 175066
0 2000000 8 96303
0 7380 59 173148
0 11845 96 173145
0 2000000 82 169071
0 5952 86 66002
0 876305 70 173160
0 1785352 21 139998
0 9250 74 162448
0 45 1 151297
0 11621 93 177623
0 295419 23 173164
0 1138101 63 62783
0 288 3 180181
0 11750 94 153106
0 8625 69 173149
0 923826 78 31024
0 2000000 88 6573
0 4376 35 30256
0 9254 74 173170
0 8500 68 173152
0 2000000 53 85250
0 7876 63 12473
0 189619 11 173149
0 5876 47 99783
0 2000000 85 173144
0 7629 61 59320
0 1918404 86 173140
0 3003 24 167590
0 8250 66 173144
0 1149157 50 173166
0 7625 61 46951
0 942 28 173141
0 11127 89 183000
0 6375 51 173158
0 2000000 8 110585
0 125 1 173170
0 2000000 66 173167
0 895 8 173150
0 349338 95 163167
0 1845574 49 167868
0 8225 85 173156
0 2000000 41 173147
0 6001 48 29150
0 2000000 51 67589
0 2000000 28 173161
0 1055 81 104080
0 7375 59 166798
0 9500 76 173163
0 2000000 64 150512
0 10254 82 8410
0 2375 19 52550
0 5245 42 125982
0 362 6 173149
0 2936 38 173152
0 634 22 173161
0 4630 37 173162
0 149 35 80877
0 637 13 43082
0 1013 45 173145
0 9125 73 173158
0 2000000 57 173140
0 870 7 193130
0 3887 56 93560
0 2875 23 173140
0 2000000 14 19032
0 125 1 163524
0 9754 78 151652
0 3279 89 183731
0 5250 42 150451
0 6125 49 173150
0 2000000 100 14116
0 2000000 28 173153
0 2000000 20 173170
0 813106 24 137807
0 1105672 32 173140
0 6138 66 189458
0 3125 25 105517
0 6502 52 43168
0 2000000 46 37370
0 2000000 14 74565
0 2000 16 13225
0 4054 65 173146
0 2000000 55 174515
0 2358 53 27933
0 2000000 99 148755
0 278 38 165437
0 1523 97 173154
0 9122 73 173167
0 2125 17 43358
0 1755 14 124359
0 2000000 82 34661
0 3584 35 24748
0 569 50 173142
0 6181 84 173148
0 8923 79 173151
0 2000000 6 162643
0 2000000 59 158975
0 5125 41 190161
0 3000 24 173144
0 250 2 92510
0 1868649 44 175223
0 1250 10 113831
0 4378 35 173144
0 5245 42 178089
0 3120 25 173140
0 2000 16 98112
0 146 32 135851
0 1878 71 173140
0 1876 29 173141
0 1229 25 120302
0 2000000 97 194494
0 1351462 92 141656
0 9627 77 186183
0 1378143 53 173153
0 2000000 61 173168
0 2000000 61 128350
0 2000000 53 173169
0 1100 25 173145
0 1910748 75 15534
0 4704 81 173143
0 1625 13 173170
0 1254688 56 173150
0 2624 21 39174
0 334492 14 173155
0 2437 29 173148
0 5500 44 72611
0 1678628 47 55125
0 5628 45 62218
0 12500 100 173168
