445
-50 14 -8 41 -42 8 -69 23 -14 35 14 28 -46 -18 71 45 -2 -55 54 -42 -49 23 -62 -90 5 28 86 -32 78 18 50 -27 -87 17 60 -18 25 -14 53 61 -35 3 96 -93 76 32 -17 -21 -67 -47 97 -62 72 -17 60 -51 -15 39 9 -82 -38 80 -68 -81 90 92 35 83 -65 20 -19 78 67 56 -5 84 28 98 -50 98 75 92 5 61 -69 -13 -83 22 18 -34 8 59 10 54 -18 -71 -35 -47 -68 85 98 -42 -42 -32 -49 -25 3 -5 15 76 -24 75 80 75 71 -89 79 23 -10 98 43 2 48 38 46 -87 -78 -55 -31 -67 65 -62 -83 -30 99 33 -60 36 0 -75 -99 -91 5 89 7 -45 63 95 -67 2 -53 39 9 66 -37 -14 75 1 -22 100 97 74 -56 13 -94 60 14 78 -100 -7 -60 83 -7 -52 4 -8 9 -93 -15 83 12 94 20 -56 79 -25 78 -21 67 63 -8 -32 -37 82 -61 -62 -68 19 13 -65 -78 9 -11 -63 25 18 -97 -59 35 -61 -8 64 29 35 -59 99 74 29 96 -75 -97 90 3 45 -85 90 -5 61 -33 58 -75 7 -36 49 46 -38 -70 14 -2 -38 34 11 24 7 82 -7 -99 51 -52 68 44 -70 64 87 52 -45 -4 -50 -52 -85 -7 -31 -83 -6 -29 -77 16 -47 85 38 94 44 2 39 -1 -75 18 -84 52 3 -20 72 -86 14 41 22 43 38 52 -73 -61 -8 -9 -29 -40 -55 -93 68 -29 -64 67 82 -26 36 -8 53 -12 -82 -95 35 -73 -78 -87 -45 -27 -65 1 71 -39 -21 -30 -39 -94 55 40 84 -74 10 -67 -25 -89 -49 -34 -58 -65 -94 100 83 72 -48 43 74 -21 -52 27 50 22 -19 -36 -88 -18 55 -90 91 -58 61 -94 -42 -32 47 82 38 -89 69 -70 51 -37 82 -36 -20 21 95 35 -9 68 -15 58 -60 -67 43 40 -31 -38 74 -71 35 51 -4 -86 71 33 30 43 46 -84 62 85 76 36 64 14 45 -71 77 -82 77 81 0 -93 -37 7 76 6 -28 -81 86 90 53 -36 89 23 -66 55 -65 -75 11 86 11 -63 80 -49 -1 -24 -45 47 17 1 4 -42 -44 -68 -4 40 86 5 -53
187986 178099 190763 186639 191426 166195 163653 185212 159104 174169 187613 187308 165495 177801 156610 179505 187043 160941 175158 198118 183910 183245 175774 193451 167383 193532 171637 173183 176252 161309 166391 184484 164807 157173 166107 158986 160097 168793 197959 189046 174639 165030 164517 162608 189792 186090 163394 174433 197911 187750 159918 186474 161014 184627 187146 193411 193140 184055 173590 156097 185417 193609 166890 183293 185374 181574 198440 193934 166038 191500 188586 157429 181843 178456 192260 196639 198193 189205 182023 157571 182564 162739 177934 192999 163271 157099 172381 179651 184012 171292 164375 197482 160145 188464 154663 155733 188889 163564 181636 190528 186435 199444 180957 184191 193455 182824 177256 182032 182368 199050 164571 195133 188287 172232 165080 167291 192714 164642 166957 165624 186253 181842 198941 199131 157766 190558 195321 154834 189301 162645 173046 190141 191887 168194 182739 185985 169068 197930 184969 162052 185207 163045 177625 197157 190301 171558 173323 194795 164515 192052 158433 184614 177972 198082 172257 191995 165543 161766 174973 157144 157011 187434 168945 160071 169114 178290 187632 158934 163368 196096 198444 165078 181229 180545 192010 168518 178408 183107 168574 185349 158864 193354 157267 167501 177520 197218 184214 184498 180725 177068 165577 173938 175531 154790 163051 196978 189163 165742 194528 160904 161032 196568 164505 195330 188265 172881 180226 165713 177556 182314 194385 192833 161566 162018 189665 193724 179153 168982 166589 187674 180262 175044 173975 159721 171207 195763 196998 168251 171855 182244 166638 177691 172769 193348 178738 171325 195847 173871 184442 169172 163783 175436 178140 176831 187130 158486 159241 165814 198973 177845 184062 183310 166526 189150 170122 181027 164892 168592 158654 186165 199192 162258 164879 176407 194911 170060 179683 166335 185975 157621 184316 188845 155958 193669 171052 192187 183111 187616 170553 165037 164025 188058 191914 168472 186683 177250 169082 159239 176695 176131 190548 157948 187590 162492 178215 155213 195766 175661 185298 180722 190618 185246 196088 178831 176842 191213 180758 197097 177391 193754 154477 158319 172136 155341 197021 192675 182462 156974 198230 172914 177435 156716 169989 186764 174232 159539 189587 173538 194122 191745 155765 199937 190967 199307 180243 177296 166532 197261 183594 192468 178400 161816 193386 154487 175572 191962 182601 199230 190152 161173 189329 191412 193585 170418 158901 169226 162971 182522 168161 164218 186128 178728 188483 188209 154900 166085 193708 179761 189574 173511 176016 158796 157296 176571 163586 155476 193931 192868 170889 177176 158309 196419 197359 192439 157146 158452 196897 189657 174061 169557 169541 182158 198629 185431 179702 169006 182733 178223 177188 156267 156670 192951 192295 197980 193770 193557 160762 195484 192926 161588 162530 194106 168062 187917 184408 157111 170165 169312 198379 156037 183192 180800 179272 193301 192617 173907 175011 175609 172609 193962 180979 194678 193057 157143 171094 185028 163985 156604 197782 177422 166601 159574 190708 157509 190426
791
0 7797 52 5322
0 2000000 89 154186
0 2000000 39 40622
0 2571 72 80783
0 14846 99 20640
0 1729530 18 93964
0 2000000 35 138600
0 8402 56 149025
0 11334 91 154211
0 591620 57 154206
0 2550 17 139484
0 7950 53 154200
0 10950 73 154196
0 4753 55 154183
0 2259 16 149918
0 2000000 17 154199
0 10649 71 154199
0 2546 17 154204
0 7802 52 185559
0 11250 75 154198
0 2000000 56 64833
0 2000000 70 189757
0 3900 26 154201
0 10558 76 74191
0 3997 67 154186
0 2000000 74 125433
0 2000000 1 117074
0 9150 61 5026
0 2000000 31 44790
0 41965 67 154197
0 7500 50 64126
0 8846 59 154202
0 1447 16 95935
0 2000000 72 22689
0 4973 100 154197
0 652 16 116214
0 5085 60 81039
0 12377 86 125535
0 10802 72 154186
0 10800 72 154188
0 12003 80 5834
0 347 3 156641
0 1193122 81 154196
0 2000000 64 143572
0 70 35 154213
0 1578740 44 154194
0 4594 36 154195
0 750 5 150606
0 1734727 55 154210
0 9600 64 24679
0 3315 78 161352
0 1131537 32 53451
0 2000000 45 154186
0 4665 83 154207
0 2000000 44 89845
0 2000000 9 50649
0 13502 90 95352
0 12450 83 154208
0 1873 19 154186
0 7050 47 43874
0 10804 72 154183
0 7505 50 44324
0 706641 88 120020
0 150 1 34378
0 7200 48 25363
0 1150390 78 154192
0 5400 36 154198
0 11250 75 5582
0 2000000 73 148016
0 1275632 75 154198
0 2000000 29 100023
0 12000 80 154208
0 897 6 42175
0 4521 42 154213
0 2000000 19 175219
0 2000000 53 154185
0 4610 47 190447
0 179200 43 65004
0 3901 26 154213
0 1050 22 132487
0 4350 29 39168
0 8996 60 152230
0 2000000 85 154204
0 12300 82 192078
0 5251 35 43247
0 760709 59 108118
0 3603 24 154201
0 14015 99 30502
0 440 10 111053
0 5958 47 133064
0 6592 66 154189
0 2123 100 109002
0 9408 75 154196
0 516919 3 105265
0 9750 65 154213
0 2000000 36 131081
0 2000000 100 154184
0 12150 81 84275
0 7050 47 54794
0 7613 96 154205
0 1435563 29 194658
0 12450 83 154187
0 8676 60 154197
0 5936 98 154200
0 2105 14 12147
0 1200 8 154206
0 322 8 154186
0 11934 85 18394
0 2762 79 79334
0 2400 16 152082
0 9217 82 154187
0 4517 37 181353
0 450 3 132951
0 12150 81 10833
0 5696 38 154200
0 13348 89 133269
0 1925289 96 154190
0 2000000 64 48713
0 14848 99 135316
0 5619 48 10431
0 2000000 9 105569
0 7479 76 40146
0 711 32 187037
0 1013 17 154202
0 954 32 195933
0 5003 82 76407
0 2706 60 154209
0 46692 62 154184
0 2833 55 102583
0 12152 81 154187
0 1241 84 144213
0 5550 37 154206
0 9597 64 154188
0 2000000 62 25203
0 2100 14 89514
0 1426734 42 97909
0 2000000 44 143890
0 145 4 154201
0 6751 45 54925
0 1271 12 154212
0 1950 13 143507
0 916731 19 154186
0 7051 47 154187
0 13243 89 177141
0 9905 66 154193
0 15000 100 13896
0 7805 52 130491
0 12600 84 50376
0 3653 68 154183
0 10650 71 154209
0 4654 31 154196
0 3498 72 154212
0 1620452 79 154197
0 2000000 74 119401
0 8997 60 37657
0 395080 28 154186
0 10500 70 104050
0 155 1 154213
0 2000000 67 43136
0 1802 12 128067
0 1955 13 70580
0 7053 47 94010
0 1646 11 154186
0 6763 89 154183
0 2000000 40 154210
0 11935 93 154190
0 2000000 21 154208
0 2000000 58 143483
0 2000000 52 154196
0 8545 57 154211
0 1321881 14 14270
0 7203 48 154183
0 2000000 17 101915
0 3273 27 37808
0 2000000 75 90304
0 8846 59 154186
0 2000000 16 189583
0 1233 9 199933
0 4803 32 154197
0 3223 96 1679
0 524914 31 97656
0 286 8 123514
0 1986642 2 93564
0 10650 71 154189
0 6150 41 6888
0 803553 9 43748
0 4950 33 154184
0 2250 15 41419
0 15000 100 133707
0 7050 47 38930
0 3900 26 112662
0 2000000 12 84555
0 7650 51 154211
0 1483 16 6131
0 748 11 177512
0 450 3 116115
0 1047 10 154186
0 6450 43 94759
0 1274 83 154213
0 2000000 100 149782
0 4461 89 123711
0 450 3 119648
0 2000000 10 65775
0 2398 16 154185
0 2000000 23 154192
0 3600 24 154183
0 11703 78 154185
0 4650 31 71109
0 6997 82 154198
0 10645 71 154204
0 2000000 100 154194
0 5250 35 125252
0 7149 76 171547
0 2000000 49 197033
0 900 6 26856
0 7350 49 97882
0 715 18 154191
0 1017949 11 154199
0 11545 77 178668
0 4945 33 154197
0 8695 58 154194
0 6300 42 154184
0 7200 48 79571
0 861 10 154210
0 2000000 48 16412
0 301 2 30147
0 904 6 154200
0 1051340 21 154200
0 5850 39 121276
0 2700 18 85182
0 515 19 154208
0 1946 13 66860
0 597 5 154213
0 1650 11 154201
0 1200 8 164214
0 2000000 89 153150
0 3402 72 154197
0 11250 75 82234
0 2000000 57 93845
0 750 5 154202
0 9004 60 154189
0 2000000 78 116034
0 44 1 154194
0 12000 80 170037
0 12003 80 79308
0 2000000 80 176868
0 2000000 94 14635
0 2227 16 154211
0 3750 25 22443
0 2000000 46 154195
0 3450 23 117860
0 4805 32 93342
0 2000000 43 154202
0 1294017 76 17537
0 3750 25 154210
0 9600 64 154192
0 4200 28 113763
0 1650 11 154188
0 2251 15 98334
0 7800 52 17226
0 10950 73 17680
0 518960 23 163095
0 2000000 61 67099
0 11547 77 160445
0 10953 73 99038
0 7800 52 42360
0 2000000 45 38770
0 1628 41 154206
0 1283847 22 142034
0 7648 51 154208
0 2398 16 171241
0 11665 82 164534
0 1314694 13 48965
0 10804 72 154183
0 541 89 115601
0 3336 28 193970
0 4200 28 122159
0 2280 18 76994
0 3879 42 18897
0 2000000 51 115919
0 8100 54 31522
0 6705 74 118965
0 1650 11 61470
0 1800 12 126324
0 6354 85 154205
0 2000000 66 20928
0 6959 69 16582
0 1673028 95 146843
0 514 7 154184
0 1728467 91 154210
0 12450 83 154189
0 1769 89 168330
0 9454 63 154200
0 2000000 22 98404
0 748 25 154183
0 4202 28 2445
0 366 16 154200
0 6897 46 191429
0 300 2 154202
0 9454 63 154202
0 2000000 4 128740
0 2000000 60 154185
0 10655 71 64713
0 1068340 48 143112
0 2000000 36 67403
0 10795 72 148416
0 3746 25 154212
0 628898 10 154195
0 641354 74 154205
0 1398 16 154193
0 4650 31 28123
0 10800 72 121489
0 2000000 10 154203
0 14100 94 33099
0 12903 86 154210
0 1677 100 32314
0 2837 27 154203
0 2400 16 100569
0 7802 52 154208
0 2000000 50 86040
0 464680 88 154210
0 4482 41 154191
0 1778531 55 154194
0 2000000 77 124396
0 2402 16 154186
0 717405 99 41095
0 695739 1 154205
0 2000000 19 154183
0 437 7 62367
0 2000000 30 154213
0 2000000 13 83255
0 59183 67 154208
0 5850 39 154201
0 738 13 173367
0 1791327 78 154191
0 702 13 2292
0 2000000 19 41272
0 9899 66 154206
0 1900495 55 154189
0 13950 93 20506
0 78261 33 154205
0 2400 16 6363
0 4650 31 154190
0 11748 95 155365
0 4650 31 24694
0 2220 69 154183
0 3150 21 154193
0 225312 6 154200
0 21 4 154199
0 10950 73 154199
0 1802 12 154193
0 4650 31 154209
0 4950 33 69678
0 13253 93 154196
0 9450 63 41444
0 11700 78 154193
0 2259 90 20551
0 2000000 87 154185
0 6750 45 135927
0 15000 100 154201
0 11250 75 154198
0 6600 44 10077
0 14997 100 17748
0 9146 61 154185
0 2000000 4 40701
0 4650 31 154190
0 1805 12 154185
0 1509721 93 184886
0 11312 86 3559
0 1586525 16 106986
0 2000000 50 154208
0 8846 59 163633
0 2550 17 109258
0 1979389 100 154213
0 10500 70 3841
0 6284 46 64911
0 5682 39 154208
0 4200 28 160870
0 2000000 98 79023
0 2000000 32 189505
0 4800 32 154196
0 12600 84 59560
0 1712 17 40771
0 8550 57 154205
0 881 82 154213
0 3002 20 125761
0 2000000 73 129439
0 13500 90 2517
0 260 41 100630
0 5250 35 154199
0 8995 60 36023
0 1335223 21 160567
0 14550 97 154192
0 1126154 66 154185
0 8700 58 115000
0 6397 58 154202
0 12151 81 94708
0 13082 91 154209
0 2819 24 154201
0 707968 85 95798
0 2000000 76 63163
0 5997 40 137875
0 14254 95 47775
0 8399 56 182360
0 1968505 31 154213
0 10951 73 154208
0 6300 42 154197
0 7197 48 154189
0 3617 93 22563
0 10800 72 137653
0 1792 70 154184
0 2000000 62 154207
0 104971 13 154198
0 4334 81 154210
0 3191 68 26240
0 2000000 1 178302
0 8186 56 105803
0 77 30 154209
0 4345 29 38590
0 2000000 29 151618
0 1049782 67 85254
0 5698 38 125216
0 453 3 150413
0 1350 9 154197
0 2000000 1 20752
0 13800 92 161878
0 4471 48 154193
0 5341 52 103153
0 3900 26 107495
0 7195 48 186105
0 379821 88 23856
0 4055 27 154207
0 860 29 156707
0 129 10 154212
0 3600 24 47737
0 2000000 49 154211
0 10500 70 62519
0 786 48 154189
0 2000000 31 135402
0 351574 94 154193
0 6602 44 50494
0 5104 34 52049
0 2848 22 154190
0 8790 76 154183
0 2000000 90 26815
0 9300 62 145465
0 11852 79 154205
0 2000000 62 132892
0 2000000 45 20825
0 2000000 61 121279
0 5645 48 154211
0 1348 9 154201
0 9155 61 154206
0 216 20 154210
0 5135 44 185934
0 576 7 154183
0 430 23 154187
0 2000000 50 155314
0 14550 97 80554
0 12600 84 6192
0 2000000 60 154186
0 630458 78 136155
0 600 4 89676
0 8700 58 154186
0 308672 85 158499
0 3900 26 77666
0 651264 2 154199
0 5695 38 154211
0 7935 68 154188
0 647161 73 154183
0 12000 80 190144
0 9915 90 154030
0 2000000 85 154196
0 12826 98 16335
0 7803 52 95252
0 2000000 97 154190
0 10046 67 154211
0 150 1 143237
0 7077 71 170868
0 2000000 37 56578
0 1179987 55 112261
0 900 6 134245
0 1863354 69 154191
0 2467 62 154210
0 2000000 29 45084
0 2000000 85 98019
0 10350 69 154196
0 27 54 106906
0 5079 36 154184
0 795917 82 83035
0 2000000 13 154200
0 2000000 14 104301
0 12601 84 154192
0 10304 72 154192
0 12595 84 148078
0 8395 56 65073
0 6750 45 73155
0 604 4 181867
0 1048410 16 154209
0 3119 95 179913
0 8850 59 57499
0 2000000 64 154212
0 300 2 154204
0 2000000 66 154190
0 5947 42 176240
0 3004 20 185915
0 7804 52 121121
0 1940225 61 95569
0 576 31 154192
0 2000000 57 154213
0 10205 68 154190
0 1429 52 154206
0 745 5 15057
0 2000000 97 131005
0 2000000 41 127572
0 5370 70 154210
0 9251 65 154204
0 2000000 95 113288
0 3000 20 154187
0 149 1 154194
0 8250 55 186992
0 550233 70 160787
0 3339 59 94049
0 176 8 154183
0 10497 70 95485
0 14100 94 154212
0 4505 30 162063
0 3605 24 171970
0 8156 63 154201
0 4200 28 154185
0 2000000 47 79809
0 7650 51 94864
0 3589 58 28550
0 2250 15 130841
0 8052 55 154210
0 351 42 154187
0 7353 49 154184
0 728099 40 154209
0 1020715 95 78500
0 834706 48 154202
0 6905 46 110353
0 2000000 29 119546
0 2000000 20 132910
0 8266 57 140643
0 7551 54 44473
0 5245 35 93610
0 2000000 81 129013
0 14405 96 154213
0 366 3 154195
0 1202 8 82539
0 836 86 23654
0 1491590 22 154185
0 2000000 88 148210
0 11397 76 129212
0 201 78 66940
0 750 5 154212
0 2000000 41 103688
0 2250 15 174456
0 14848 99 154204
0 2000000 60 141808
0 12900 86 28692
0 2250 15 113471
0 2980 22 154206
0 12000 80 147901
0 1534329 57 154189
0 2000000 96 149994
0 5850 39 3728
0 2478 18 122460
0 2000000 60 180743
0 2000000 81 190312
0 2851 19 144162
0 4161 34 36398
0 6001 40 13217
0 905758 90 137566
0 216231 71 124734
0 2000000 77 182306
0 1389 28 154211
0 600 4 84486
0 801 42 154183
0 14550 97 346
0 9152 61 154212
0 13504 90 154193
0 2000000 9 154205
0 7071 99 52646
0 2000000 8 154191
0 8793 94 154184
0 13795 92 154198
0 740 15 167020
0 750 5 148280
0 2000000 42 20743
0 6904 46 154186
0 904 6 154196
0 1652 11 154212
0 2520 60 154200
0 2000000 43 154197
0 181 10 154200
0 1089 13 154184
0 7353 49 145026
0 10200 68 134313
0 2000000 28 154199
0 571269 49 130591
0 10350 69 154194
0 2000000 33 102993
0 2000000 61 59209
0 2850 19 167714
0 3150 21 154186
0 6903 46 143889
0 4800 32 141673
0 2000000 56 9125
0 2849 19 157169
0 2000000 26 132666
0 2000000 31 19619
0 1209 24 143736
0 2872 25 154183
0 659 63 154203
0 615 78 62703
0 6735 94 154198
0 1344089 28 154209
0 2518 89 163815
0 2000000 28 154193
0 4201 28 189876
0 1211394 43 178435
0 4350 29 67781
0 6861 84 13687
0 847722 71 154211
0 7800 52 54321
0 13800 92 5932
0 575 6 154197
0 9600 64 154193
0 900 6 130906
0 8081 65 154206
0 7235 90 154197
0 3754 25 109088
0 1856170 8 142738
0 2000000 77 123162
0 6881 59 27209
0 5100 34 74226
0 2000000 36 38758
0 13650 91 116367
0 12750 85 109823
0 897 6 76443
0 2404 16 47882
0 9171 90 154184
0 14400 96 154186
0 2000000 83 154200
0 4731 67 30780
0 1648 11 147444
0 13505 90 188381
0 1211096 24 154201
0 1079413 30 13637
0 315335 2 53420
0 6748 45 154206
0 13648 91 63037
0 621482 68 92664
0 5249 35 154186
0 9450 63 154206
0 2000000 1 111208
0 2000000 15 72939
0 12603 84 154212
0 389 8 155284
0 2400 16 107664
0 3547 72 117660
0 12601 84 154195
0 11403 76 154207
0 4425 62 188103
0 5849 39 154195
0 7471 55 154190
0 3756 40 154185
0 596470 23 51610
0 609779 59 3832
0 2000000 78 40014
0 1262 87 154212
0 86 13 154191
0 2000000 68 154203
0 2000000 54 12560
0 3449 23 154190
0 10950 73 20656
0 1074001 93 67359
0 2000000 38 136004
0 353202 65 154205
0 12301 82 154202
0 13650 91 97283
0 8851 59 154199
0 12902 86 154189
0 266 31 154186
0 12300 82 154192
0 1573702 98 154190
0 1978 50 183496
0 2000000 34 154213
0 5247 35 154196
0 7800 52 114741
0 1095 52 111686
0 2000000 93 61125
0 2629 41 114573
0 1954639 16 189651
0 2000000 24 5889
0 988012 82 146316
0 11700 78 126297
0 2000000 92 175550
0 1303200 8 154202
0 7338 84 154185
0 7589 51 154196
0 13200 88 39422
0 10501 70 171656
0 2724 67 140418
0 299 2 154210
0 3521 66 10118
0 9187 84 154207
0 4200 28 42429
0 6445 43 154198
0 2000000 90 154205
0 698271 28 109173
0 3607 82 154186
0 1055 7 180618
0 2000000 31 118933
0 1800 12 179068
0 9749 65 154196
0 6150 41 9702
0 2000000 2 154183
0 10955 73 43936
0 10350 69 106921
0 2000000 98 154193
0 15000 100 154197
0 1374328 73 109367
0 1096 21 154192
0 11245 75 79722
0 2000000 9 197724
0 7352 49 154209
0 5602 50 154184
0 3572 40 154194
0 4808 46 198421
0 2000000 89 97402
0 151 1 154211
0 750 5 123748
0 3025 42 110961
0 5502 58 154212
0 7650 51 82244
0 2000000 4 32891
0 11100 74 79035
0 4505 30 33093
0 1005385 70 154183
0 13951 93 103696
0 2727 64 154209
0 1197218 67 154195
0 11850 79 60756
0 6448 43 154193
0 2512 29 46185
0 4050 27 11604
0 2000000 8 185998
0 319923 35 47666
0 2000000 92 180840
0 6750 45 43016
0 747 5 43099
0 3303 22 151138
0 4200 28 154189
0 1800 12 8325
0 2000000 49 31071
0 14705 98 154205
0 2000000 22 70262
0 11099 74 73632
0 598 4 11453
0 8396 56 154209
0 1802 12 154193
0 1380436 90 154194
0 336 5 154210
0 152 11 34819
0 2000000 96 154201
0 904 6 154207
0 6892 81 154211
0 6450 43 101678
0 2848 19 139891
0 2000000 54 28032
0 2000000 2 43957
0 2000000 57 154205
0 6450 43 54410
0 4797 32 67540
0 249085 89 154211
0 13955 93 181549
0 13950 93 123883
0 6000 40 88176
0 10950 73 189584
0 5255 35 154213
0 1950 13 3519
0 4350 29 124578
0 13048 87 154205
0 2550 17 51052
0 1505 10 181858
0 600 4 154204
0 6000 40 154209
0 10200 68 30288
0 2000000 16 45939
