405
-56 4 99 -75 44 -47 -99 40 50 -89 47 83 16 59 -58 39 82 -43 95 49 -2 -47 41 -39 89 23 33 88 -89 -45 -37 99 -74 80 74 34 7 58 -5 18 2 -71 47 75 -51 -58 -24 92 37 56 -79 -40 -15 -27 99 -91 63 11 66 61 -28 42 30 -14 88 69 80 -12 -18 -47 -7 -38 47 -34 64 -60 10 -1 -13 -66 25 -95 -98 60 7 63 20 78 4 -66 -36 -74 -23 -28 35 56 44 35 -68 37 76 -28 -95 79 -37 36 28 -52 -7 91 -99 29 40 70 -48 62 -30 -78 3 20 25 38 32 33 -25 -44 -50 47 4 46 -84 83 20 10 67 28 78 -42 60 -18 -93 85 -16 76 -65 7 50 -47 -4 99 91 79 -59 96 -8 -20 5 8 61 -26 -93 40 57 -37 82 -19 -97 -62 -41 -30 -54 88 35 -91 -11 49 -56 -62 -2 57 -82 -45 98 90 -52 -25 -54 -45 -4 79 94 -60 -96 -64 45 -79 -83 32 96 -14 -29 -49 -99 -39 94 54 22 20 72 0 -68 90 -81 -64 -75 -14 63 55 -86 3 -59 -85 42 -31 53 63 96 99 6 10 31 -73 -70 73 1 35 75 83 76 -52 -7 73 68 92 -77 -70 85 72 87 26 84 -100 9 -34 -41 -90 7 27 -12 -28 6 87 3 85 49 -18 75 55 0 49 -19 46 -62 -4 -38 -84 62 -31 -81 87 32 -84 -91 65 75 -5 73 9 -18 37 63 36 -73 -11 -76 -60 73 -85 13 -20 7 -81 -96 31 34 -9 -63 -75 9 -54 11 -79 -24 33 -47 -14 1 25 11 95 -95 56 68 19 7 13 -5 -57 -30 74 41 -55 20 -97 -63 -69 -38 3 -27 -82 38 94 72 -87 77 22 -55 3 56 65 55 93 -64 -18 24 -42 -12 -60 -78 83 -47 -85 -89 -53 -38 15 7 20 74 14 14 83 -95 2 62 78 -91 -95 -65 -6 -2 43 7 51 -11 -52 -44 58 59 12 -77 -91 4 76 -56 -29 29 -65 -51 -17 -17 30 7 94 86 84
196678 195352 187235 185441 179484 196752 191869 189485 194040 198234 191157 184500 189982 191223 192409 199613 185150 196725 195572 194359 183638 178487 197737 180412 195744 199947 185998 180692 185702 199035 188476 196307 187382 183060 189736 189130 198531 198858 180900 192637 199910 195894 194222 193345 186430 188890 183711 198102 188765 182680 198749 184220 180102 178866 190782 199285 193112 179854 198746 189186 192537 185539 198942 198746 189377 185497 197331 184339 199295 184735 182716 195266 197808 179902 186073 192939 192327 178525 182473 186876 191424 183152 192271 187734 192916 184492 196015 188580 181483 190652 193790 189882 190733 195319 182910 194341 194279 189781 182335 178239 181551 189542 198756 198798 184357 181058 199811 193551 178067 197954 186335 180697 178256 187622 184270 180288 181570 184235 186142 193459 180121 199875 189167 183655 183892 195196 191606 194932 188320 194591 185760 194574 194624 198302 187746 179315 193364 193717 188017 190913 196510 189208 198773 182292 187353 180246 184338 178086 196324 197363 181155 178885 187783 191815 194652 188931 195699 186079 195780 178545 193110 187758 180670 181717 197128 198626 178691 181752 178798 179668 182654 197415 177913 182780 180673 197719 179314 195271 185355 190727 178550 197989 191931 180709 195840 181887 195526 182777 196003 189654 195247 183358 182462 191672 193596 187138 195447 198923 181465 184152 195485 199871 197513 192387 177930 180003 197088 194012 185854 179362 182217 195704 184006 186344 193476 190639 195206 182329 184892 189858 186854 181036 195973 179358 185828 185965 190828 179078 196823 189878 179772 178378 197475 181866 182458 179494 192172 191791 188068 196822 197002 192393 193641 182214 190612 191175 194075 184943 197518 194830 181806 189780 195583 182534 194580 183378 189819 180564 184615 195475 194503 191802 179619 188519 197618 187620 190323 197300 180504 192237 189614 186376 182925 189772 196188 179895 194826 193573 199900 197889 189611 190528 196925 186574 183116 194285 180586 189983 195855 184207 199222 186184 187386 186403 186439 186073 186156 196350 191973 195541 195774 194788 183890 182404 199435 178641 178847 194785 195895 183079 199299 197879 184834 192480 193437 186054 197445 180467 182398 197279 195538 183957 198645 198193 192721 190383 188772 187546 191958 180146 190410 198636 178319 193081 199380 179125 183723 189972 193581 180092 178538 195114 183711 186323 192456 194569 194907 185483 180208 179187 188671 186374 191548 185567 186714 194362 190937 191193 182185 184074 188351 188967 195507 193531 189217 187012 179624 182989 187436 187838 178446 183420 199948 192146 182922 186653 198812 181149 184346 184683 182782 197126 189074 190141 194663 193084 196329 188155 182630 186848 192066 191086 182856 197574 194370 199671 185168 194503 179551 189171 182956 198875 189500 184350 181792
1000
1 2000000 51 51713
0 4495 29 177886
1 69160 32 177864
1 2000000 53 532
1 2000000 40 177868
0 15190 98 177871
0 2000000 20 177863
0 312 2 177862
1 148958 31 83732
0 3565 23 177860
0 7905 51 71433
0 10073 65 177865
1 2000000 42 177863
1 80722 40 13489
0 7285 47 50050
0 15345 99 65215
0 1396 9 161929
1 1093680 84 14274
1 2483 4 177858
0 14728 95 177872
0 2000000 24 82881
1 50169 66 177884
1 273423 42 177868
0 5625 78 157018
1 260384 83 177863
0 6820 44 177877
1 576751 61 31316
0 620 4 177858
1 130355 29 53525
1 1550000 100 177884
0 3088 89 177884
0 3687 29 177867
1 2000000 49 113054
0 2000000 42 99183
1 13230 55 9298
1 2000000 90 177856
1 1369580 94 177860
0 3872 25 71039
0 2000000 83 59288
1 2000000 16 177865
0 1819 91 177876
1 1381066 92 11811
1 2000000 57 177873
1 136449 32 64269
0 1291 42 177863
0 5115 33 6084
0 10695 69 246
1 342393 47 177884
0 12090 78 184370
0 2635 17 163581
0 7440 48 177857
1 62000 20 81347
0 1247 36 177878
0 15345 99 177856
0 3255 21 189496
1 2000000 93 1446
0 14725 95 177875
1 476142 82 105809
1 1042220 82 83676
1 1173200 87 177875
1 2000000 3 101200
0 12712 82 177886
1 1763461 96 30801
1 468878 55 10809
0 9455 61 159128
0 1776 80 177869
0 462 3 141470
0 2309 36 177864
1 129954 75 28284
1 11205 9 177885
1 223820 38 96980
0 14725 95 1662
0 6200 40 124257
0 7130 46 138975
1 223816 38 187123
0 14877 96 170054
1 848781 74 112472
0 2259 26 177866
0 5684 40 177860
1 370477 58 189728
1 339746 79 162609
1 680049 27 177874
0 2000000 43 168355
0 2000000 14 177866
1 423193 63 121143
1 39675 16 177883
0 2000000 41 55809
1 2000000 29 114752
0 8994 58 177884
0 5891 59 51122
0 927097 59 13046
0 2000000 24 54920
1 1324661 71 177866
0 2000000 21 39211
0 1720 29 48794
1 2000000 4 177875
1 998789 79 177880
0 11891 78 184268
1 210358 63 21585
1 121522 28 177876
0 2015 13 177880
1 18750 11 168501
0 2000000 51 3908
0 9628 71 177883
1 451980 54 38860
1 1809146 74 177858
1 2000000 32 27187
1 177590 37 177858
0 4495 29 50461
1 2000000 54 177880
1 2000000 33 177880
1 566451 88 177875
1 2000000 48 118922
1 64909 97 18845
1 2000000 1 62957
0 6771 66 73618
1 695791 67 85863
1 506703 84 137044
0 2000000 65 61669
0 4335 28 172157
1 503597 57 177870
1 825990 73 177862
0 5267 34 47653
0 13742 89 177880
1 2000000 55 81519
0 2000000 4 36032
0 775 5 177885
1 722880 79 155022
1 2000000 73 177882
1 2000000 3 177861
1 634881 64 177863
1 127049 41 177875
0 584854 94 177870
1 2000000 10 122611
1 468878 55 21736
1 1046993 61 177858
1 2000000 71 40926
1 1255497 90 50895
1 675178 66 177868
0 13020 84 135007
0 5340 70 165851
1 305094 94 30849
0 1709553 67 177874
1 967351 79 177875
1 2000000 92 166386
1 650283 47 177876
0 2000000 51 27342
1 44794 17 113983
1 695795 67 177861
1 2000000 38 170603
1 30378 14 177869
1 14026 10 177885
0 9144 59 177864
0 4565 86 177879
1 273416 42 197914
1 825998 73 20194
0 8831 57 177856
0 12555 81 64579
0 8580 56 149660
1 211941 39 80099
1 1200325 88 79546
1 501527 84 140642
0 14570 94 177865
1 663055 70 108228
0 3410 22 18562
0 1860 12 177868
0 5270 34 177866
1 1261 15 175473
1 539554 59 177860
0 1774269 85 177873
1 1093680 84 143896
1 1622353 30 23118
0 4323 50 177865
1 2000000 74 38451
1 759500 70 194050
0 15497 100 113749
1 62000 20 25594
1 260615 53 75976
1 39676 16 77099
0 3929 55 185223
1 1255503 90 33000
0 1858367 47 177872
1 313873 45 165357
1 577043 90 154504
1 1272978 52 31744
1 62000 20 56879
0 1434091 74 177880
1 998473 51 107981
0 2000000 17 40080
0 4805 31 177874
0 2635 17 34254
1 2000000 77 11282
0 2000000 9 136568
1 1398 3 134487
1 1283555 91 177884
0 5115 33 3989
0 3258 21 177886
1 9919 8 469
1 716716 68 177870
0 3255 21 83781
0 2000000 33 117562
1 2000000 94 177861
1 2000000 8 177882
1 26195 13 177860
0 1375748 47 59628
0 3481 31 177869
0 2000000 42 190117
0 12400 80 74893
1 403155 51 95643
1 299116 37 182918
1 158716 32 169506
1 2000000 51 50051
1 112997 27 151897
0 13330 86 177872
1 419124 52 2425
0 11005 71 39516
1 32 5 177882
0 609288 69 177880
0 7750 50 7189
0 2000000 91 162588
1 388960 90 160001
0 1705 11 177861
1 2000000 14 177884
0 2000000 6 46864
1 2000000 58 177860
0 6510 42 23271
0 621 4 177865
1 1283555 91 41859
0 1470 20 54223
0 4047 43 177863
1 1056954 84 71698
1 51785 28 177868
0 3414 22 177880
1 115072 38 17191
0 1776 22 177880
0 155 1 177866
1 2000000 55 130691
0 2000000 74 120714
0 3163 39 104848
1 96876 25 122133
1 781354 71 186942
0 2000000 8 58679
0 8057 52 136911
0 2000000 80 177885
0 1860 12 177864
0 7285 47 177870
1 634877 64 85754
1 71967 46 177885
1 2000000 39 177867
1 2000000 70 131196
0 1647705 28 29359
1 781354 71 69337
0 11004 71 177879
0 2000000 73 153960
1 35507 18 177880
1 803520 72 177856
1 259127 31 177876
1 112993 27 79665
0 596 35 86667
1 248000 40 177874
1 1217336 94 81474
0 2000000 80 177857
1 1520956 29 177886
1 7595 7 177880
0 10386 67 177865
1 825993 73 177871
1 2000000 99 182586
1 75024 22 66834
1 991997 80 23797
1 2000000 65 40245
0 3187 50 177861
0 1479 48 104758
0 3410 22 177879
0 167 3 11990
1 103968 90 9375
1 1255498 90 71566
1 503595 57 10772
1 2000000 69 177882
0 865654 23 177863
0 927 6 23888
0 6944 72 177864
1 104776 26 177885
0 1530178 34 177870
0 4641 99 43487
1 327976 46 47242
0 895 58 177870
0 211 4 92589
0 10836 96 177876
0 6145 78 72950
0 2000000 18 37498
0 1754230 11 179389
1 7595 7 177882
0 2000000 92 128618
1 2000000 74 130390
1 3090 8 115458
0 101 46 177865
1 2000000 13 30659
0 739272 68 44632
0 1385334 32 151755
1 26157 36 80464
1 248000 40 177867
1 1311917 92 177860
1 1059577 56 177870
0 281 2 53723
1 15503 10 63513
1 14329 44 177885
0 1526017 91 177861
0 10381 67 195432
1 374013 55 177863
0 13950 90 177860
1 1283552 91 177878
1 54664 64 177862
1 403155 51 177886
1 1093680 84 182766
0 2000000 55 127300
0 8215 53 177879
1 1311924 92 177871
1 200880 36 14506
0 2000000 56 101030
1 25757 13 139195
1 1261482 52 177863
0 3506 27 149251
0 2000000 35 138148
0 620 4 128122
1 286598 43 177868
0 6355 41 177858
1 123552 48 177863
0 692 6 177877
1 98379 91 155084
0 4185 27 177871
1 539555 59 177867
1 200880 36 177884
0 2000000 15 84612
1 486083 56 177885
1 17750 20 159548
0 7130 46 158702
0 1365097 6 177863
1 327984 46 177871
1 18755 11 142226
0 7282 47 133326
1 1488620 98 3770
0 7484 70 162068
0 4800 31 42102
1 2000000 93 177867
0 2000000 96 82554
0 10390 67 110134
0 12555 81 177877
1 18553 25 151070
1 2000000 39 148356
0 10514 90 177860
1 130754 97 165222
0 547 10 175715
0 3467 81 137556
1 1524148 52 177885
1 530911 65 42125
0 2000000 21 97874
0 899991 87 64806
0 4001 76 177865
0 8680 56 5464
1 387495 50 177881
0 2000000 2 190881
1 387502 50 177885
1 2000000 23 177879
1 357120 48 177869
0 2000000 86 21293
0 7594 49 199293
0 7440 48 163707
1 1042220 82 90813
1 286593 43 177866
1 1173199 87 177882
0 7595 49 40230
1 967355 79 177886
0 3455 54 177879
1 2000000 63 177856
1 327980 46 177872
0 14415 93 25960
1 62000 20 26445
0 5193 66 177878
0 41419 67 71510
1 89281 24 37511
1 654873 65 177858
1 1735909 13 88670
1 2000000 12 105865
1 81994 23 56375
1 1072134 64 145536
1 628523 93 159612
0 8049 95 152118
0 2635 17 66009
1 2000000 18 177856
1 273420 42 177865
1 2000000 78 52491
0 7750 50 164742
1 189875 35 97755
0 4500 29 177860
0 2000000 40 49769
0 3779 41 177884
0 1227117 67 83690
1 3872 5 140358
0 14265 92 170482
1 1458395 97 78039
1 439438 64 55271
1 311947 47 80333
0 1553 10 129229
0 7905 51 143579
1 726400 79 169751
1 503591 57 177876
0 6200 61 177859
1 883748 96 177857
0 1396 17 45602
1 2000000 97 46353
1 2000000 54 48744
0 585 34 146724
1 1255502 90 177884
1 2000000 86 147809
0 1708426 26 148971
1 924740 92 106518
1 7669 13 113485
1 675178 66 19340
1 168795 33 177866
0 15500 100 196615
0 482 14 177867
1 2000000 59 53059
0 2000000 50 168457
0 14570 94 177879
1 1136015 29 120261
0 1380191 83 88617
1 2000000 65 14610
0 6050 39 195990
0 2000000 45 108530
0 411 29 13554
0 3239 27 158672
1 2000000 75 61991
1 191680 13 176905
1 943020 78 177874
0 1603312 48 55999
1 383935 59 177873
1 1398875 95 177861
1 212195 37 196749
1 260555 41 167660
0 5265 34 177882
1 2000000 17 177875
1 2000000 2 108924
0 4497 29 177881
1 487717 69 177857
1 2000000 77 30777
0 7595 49 64670
0 11315 73 177874
0 2000000 52 117584
1 34872 15 177882
0 290202 48 135978
0 620 4 177875
1 2484 4 133022
1 260553 41 152489
0 1705 11 177865
1 2000000 55 119482
0 3255 21 43179
0 2635 17 177876
0 1240 8 177868
1 2000000 12 139293
0 2000000 61 10256
0 9611 62 177868
1 2000000 21 181559
1 930832 96 177869
1 15504 10 19825
1 1634542 69 177859
1 883665 39 170280
0 161559 32 177884
1 14502 65 177862
0 2000000 73 73962
0 2000000 20 177865
1 21861 20 64328
0 2000000 36 177880
0 5425 35 79895
1 2000000 3 22673
1 121520 28 177883
0 805830 45 126873
1 2000000 16 177881
1 2000000 96 177865
1 2000000 90 63233
0 10075 65 148514
1 15500 10 5898
1 759495 70 124568
1 423652 56 91684
1 18755 11 40721
1 14169 82 124464
1 632658 15 177877
1 1243163 43 177875
0 2000000 93 177856
0 6199 40 30387
1 2000000 55 151228
0 4030 26 128175
0 308 2 177858
1 179180 34 87429
1 521420 58 177868
1 15495 10 112820
1 2000000 68 91782
0 10692 69 42663
0 1709056 23 65854
0 449865 68 169808
1 55955 19 115100
0 2000000 11 43028
1 342395 47 177876
1 70649 56 70056
1 1549996 100 177860
0 2000000 10 177867
1 162148 44 67769
1 1426254 68 92511
1 33138 24 183613
0 9920 64 126630
1 434386 58 177876
1 2384 9 177864
1 1093680 84 51010
0 1901755 24 177856
1 503595 57 178996
1 848780 74 155733
0 2000000 93 120731
1 2000000 95 177881
0 2000000 90 177881
0 631171 82 177877
0 6816 44 142317
0 14928 98 5529
1 895280 76 177871
1 595820 62 31800
0 6355 41 177876
0 480 20 114852
1 2000000 22 191123
1 3877 5 177861
0 1860 12 153011
0 2000000 65 39968
0 689 66 191886
0 2000000 11 40203
1 180772 36 177867
1 318531 76 134046
1 372157 49 177859
0 9922 64 177872
0 356105 26 140844
1 7595 7 177871
0 13795 89 7042
1 2000000 3 33724
0 1082 16 177877
1 2000000 44 177878
0 4022 53 177869
0 2580 34 177882
0 2000000 75 177875
1 148955 31 177884
0 12865 83 163396
0 2000000 47 177877
1 2000000 66 177879
1 932658 98 177876
1 918995 77 177863
0 4263 61 158844
0 1588524 71 19047
0 13901 95 40696
0 12244 79 44193
1 4176 6 190325
0 2000000 12 177868
0 13229 88 131657
1 12550 9 177865
1 30983 33 26502
1 17676 61 177879
1 252738 84 16472
1 34875 15 189154
0 13330 86 191469
1 1255502 90 102179
0 3783 46 151175
0 2000000 1 177865
0 2114 24 73416
1 168796 33 177859
1 435395 53 177856
0 2000000 14 131452
1 576758 61 77073
0 3747 65 64710
1 443196 65 177859
0 5115 33 177881
1 2000000 34 177884
0 7940 62 48884
0 2528 59 177879
1 404758 55 161874
0 7022 68 13042
0 1865034 45 177875
1 770398 51 177856
0 7597 49 177885
1 2000000 82 148433
1 1124331 11 177865
1 68355 21 177856
1 27352 25 11533
0 1239 29 177832
1 967358 79 177868
1 3880 5 177886
1 22321 12 157816
0 7752 50 199525
0 1206375 97 25118
1 595819 62 107725
0 5580 36 85245
1 976557 72 125929
1 435397 53 136046
1 1633678 78 143155
0 8986 58 142072
1 848780 74 177878
0 13484 87 166933
1 9920 8 12229
0 1953350 73 177864
1 81995 23 91398
1 1428482 96 177866
0 2000000 96 38718
1 357128 66 110902
1 1458395 97 168440
1 18755 11 134756
0 11626 75 197643
0 5120 33 63062
1 2000000 6 103858
0 2643 78 177861
0 5425 35 177876
0 3875 25 21012
1 1744 7 151169
0 2540 80 177877
1 675180 66 60415
1 2000000 16 32892
0 8835 57 177857
0 1931 96 142389
0 67087 11 15038
0 14260 92 107296
0 6580 100 92552
1 7289 7 177867
0 10183 74 173984
1 1245894 69 153489
1 9920 8 128306
1 1521704 15 177869
0 12263 96 29485
1 967358 79 105676
0 13636 88 177871
1 34870 15 133772
0 2000000 54 103172
0 860544 7 177869
1 2000000 53 188418
0 8682 56 177856
0 2000000 60 121918
0 8060 52 11962
1 153074 37 177866
0 1716865 2 177864
1 342394 47 177877
1 2000000 74 177878
1 168800 33 177867
1 272170 7 177487
1 235848 41 108366
0 9766 63 177875
1 223049 96 177881
0 4201 33 181617
0 13172 85 3335
0 542 7 177885
1 357192 67 99695
0 2000000 27 191557
1 2000000 13 115482
0 5501 77 177886
1 30475 19 177863
1 55951 19 177864
1 156 1 21551
0 11473 74 177882
1 2000000 68 177864
0 896303 90 177873
0 11778 76 164711
0 7375 73 3387
0 11005 71 182725
0 2000000 7 94752
1 149954 68 177880
0 14565 94 174856
1 86548 60 88594
0 121 2 177884
0 1316814 37 54105
1 268342 44 177885
0 13790 89 91656
1 21303 15 177865
1 47101 35 73065
1 686731 70 177870
1 89275 24 115668
0 930 6 159768
0 12248 79 94218
0 362 69 174966
1 791005 40 177861
1 251185 72 34831
0 1899 82 187010
0 1014804 36 3048
0 14107 91 35745
1 781355 71 115643
1 1105051 60 177877
0 1157 70 143192
1 18675 66 128906
0 2000000 11 14582
1 1369580 94 198158
1 595824 62 177873
1 882418 30 177857
0 930 6 177867
1 2480 4 128164
0 7551 96 177860
0 5491 41 177864
1 11235 11 177881
0 15038 97 177884
1 1146379 86 41537
1 260555 41 73425
1 620 2 117048
0 1521398 20 141525
1 1369580 94 177871
0 9304 60 93397
1 6808 65 177865
1 2000000 37 30253
0 123 61 72830
0 3719 24 86424
0 1343536 6 177871
1 1311920 92 177885
1 334512 72 177858
1 1227755 89 16259
1 223800 48 177869
1 2000000 26 72258
1 15502 10 177879
1 1093680 84 12176
0 2000000 13 77234
1 2000000 61 167629
0 1806874 76 125961
0 150 6 177865
0 5115 33 155905
0 266909 74 47908
0 3564 23 177885
0 8215 53 16224
0 1159 42 133591
0 4960 32 177178
0 7902 51 107166
0 3525 63 177863
0 1303113 77 177862
1 486076 56 177869
0 8372 54 91492
1 1340595 93 53647
1 5878 26 177877
0 4185 27 40516
1 130355 29 63155
0 11625 75 569
1 96875 25 105102
0 8991 58 75918
0 11163 72 56551
0 11470 74 113632
0 13640 88 194447
0 1802888 14 163161
1 130355 29 177858
1 390924 68 177872
1 81995 23 172422
1 286593 43 177867
0 9211 77 177881
1 484081 81 44830
1 1819557 73 72750
1 327980 46 113488
1 1340591 93 70019
0 15190 98 173264
1 2000000 16 177875
1 2000000 11 194849
1 2000000 89 149291
1 1369580 94 70917
0 2325 15 135706
0 4622 47 170782
0 775 5 177883
0 2034 20 177878
1 1152080 80 177872
0 3257 21 21942
0 1560524 34 177876
1 2000000 25 158288
1 2000000 16 177864
0 15345 99 125823
0 3478 44 88919
0 2000000 13 177866
1 1488624 98 188000
1 695796 67 168033
0 3533 66 168000
0 7751 50 172301
1 1227757 89 123552
1 87394 91 177862
0 6510 42 177857
1 2000000 74 66790
0 8215 53 76295
1 406109 78 177871
0 5735 37 177870
1 1067795 83 166349
0 5270 34 177871
0 1327944 51 177876
1 302307 71 177878
0 3914 41 103594
1 2000000 100 63075
0 4949 56 177884
0 2000000 71 177549
0 7285 47 177862
0 4964 32 177859
1 654873 65 177856
0 14259 92 174430
0 10072 65 177882
0 831740 56 177870
1 211102 32 148548
0 13024 84 177861
0 15345 99 196936
0 1266 16 177870
0 466 3 177874
0 1686389 18 177864
1 2000000 91 24394
0 2000000 76 159045
1 82696 78 131248
1 1236033 36 22917
1 5585 6 177877
1 836668 80 177883
0 1245 8 150157
0 2000000 12 177858
1 2000000 5 135832
0 9451 61 31717
1 285572 46 177886
0 9144 59 21227
1 96875 25 126204
1 842638 53 14505
1 781355 71 145864
1 139500 30 122060
0 2000000 17 5081
1 68355 21 142090
0 8714 97 177883
1 2000000 84 177866
0 3568 23 180690
0 2000000 93 177875
0 3561 23 140390
1 2000000 56 177875
0 150 1 117658
0 2000000 94 101245
0 2000000 47 49422
1 759500 70 68858
0 149780 29 47142
0 6104 60 177863
0 14260 92 168639
1 2000000 61 36912
1 970121 15 177869
1 486080 56 136207
0 2789 18 20126
1 468875 55 43841
1 503595 57 177862
0 9300 60 30677
0 3151 47 177877
1 2000000 33 165619
1 848780 74 177877
1 1519155 99 102704
1 1369584 94 170212
1 2000000 80 177871
0 10075 65 177865
1 803520 72 152583
0 1071121 70 177881
1 38409 48 177882
0 479045 4 177873
0 2000000 35 21555
1 81169 27 177876
1 321822 89 170003
1 439052 85 59827
1 156 1 177876
1 871875 75 153009
1 39896 44 164631
0 8081 68 23011
1 254577 9 79255
0 3100 20 177862
0 3154 33 64303
0 1223 11 177863
1 2480 4 1081
1 1255500 90 82288
1 918992 77 177882
1 22320 12 58506
1 1057 72 16314
0 4116 60 177857
1 1398876 95 177875
1 1173197 87 12820
1 918995 77 177862
1 15500 10 177857
0 4805 31 14733
0 2000000 19 21619
0 9610 62 177858
1 595820 62 58816
1 431967 57 177872
1 473004 96 177863
0 7244 98 40164
0 2000000 75 177867
0 4343 28 41054
1 1042225 82 177872
1 896 4 177864
1 1093678 84 177870
0 2000000 83 177864
1 2000000 43 177856
0 2482 59 177873
0 2000000 4 177883
1 2000000 40 137260
1 1063391 89 149346
1 89280 24 60601
1 2000000 31 77898
0 2790 18 45740
1 2000000 82 177877
0 710187 94 177857
1 2000000 59 108223
1 451976 54 177858
0 11005 71 131641
1 130355 29 73439
0 7285 47 177867
0 10695 69 177860
0 2000000 87 92554
1 539555 59 177866
1 2000000 59 177861
0 2000000 99 61971
1 160 1 193193
1 419125 52 177870
0 1732560 41 177874
0 94 46 65428
1 1590220 99 48213
0 8370 54 41017
0 738 67 98931
1 539560 59 177875
0 48 1 177858
0 6975 45 177883
0 2000000 28 177880
1 46289 86 177884
0 1994973 91 177866
1 142946 63 123250
0 4339 32 40322
0 3719 48 163929
0 2000000 43 177864
1 630972 33 177872
0 6862 91 126162
1 99854 74 114708
1 139500 30 177862
1 126056 56 196041
0 4026 26 197815
1 634812 2 53712
1 2000000 60 80529
0 2000000 44 177856
1 104785 26 1698
1 44365 18 113497
0 2000000 2 20032
0 3255 21 32133
1 2000000 96 59912
1 992000 80 177882
0 118 18 177884
1 2000000 89 80070
0 2000000 31 177877
0 9846 74 177873
1 1340596 93 177877
1 424204 74 177880
1 223820 38 13667
1 2000000 59 63106
1 142145 46 20062
1 2000000 84 3363
0 931 6 177883
0 8990 58 177885
1 848784 74 24529
1 1798981 23 177871
1 17682 16 124768
1 423246 57 177874
1 2000000 69 166374
1 289 7 27611
1 1165979 90 49369
1 2000000 1 79103
1 2000000 52 177859
0 5685 75 141914
0 7130 46 33691
1 895280 76 93265
1 2000000 59 174027
1 2000000 72 72325
1 521420 58 67585
0 2000000 72 177858
1 22900 49 177867
1 403155 51 177876
0 14105 91 23668
0 580933 12 177859
0 1661 11 177873
1 1173197 87 177865
0 5917 60 163513
1 1369580 94 177861
1 300920 87 88146
1 403155 51 108738
1 884527 10 177866
0 895 7 177886
1 22320 12 95112
0 310 2 118372
1 12550 9 107980
1 2476 4 177871
0 2000000 4 43263
1 392408 12 177865
0 2000000 16 107330
1 89284 24 177866
0 2015 13 177877
0 2000000 78 112208
0 2326 49 177875
0 1312704 85 70184
1 1166193 23 177860
1 551809 67 4335
0 775 5 4948
1 2000000 10 64344
1 1173195 87 177883
1 92837 28 177883
0 442454 18 164289
0 12244 79 177861
1 160090 37 178770
1 131712 49 177861
0 1136747 65 177881
1 270623 49 177861
1 31264 55 99331
0 13177 85 177877
