361
62 53 48 16 85 59 78 13 3 9 80 63 77 46 69 17 86 54 31 88 69 3 21 81 67 53 69 16 46 45 44 80 63 72 76 10 89 99 23 14 59 95 87 73 36 75 86 12 35 81 50 64 46 76 51 25 32 76 32 54 68 35 81 58 18 7 88 94 60 53 17 88 34 63 76 28 74 48 10 20 18 70 13 54 26 30 16 31 77 100 8 38 34 66 22 97 15 38 90 5 5 75 92 43 71 26 38 13 40 89 25 64 0 78 98 83 73 61 15 1 85 14 20 1 67 5 39 47 74 5 95 60 96 45 27 99 80 6 55 84 89 12 73 88 23 21 62 83 72 50 33 87 72 56 60 21 91 61 84 4 47 37 87 1 32 71 91 53 23 62 40 3 84 4 92 25 28 42 95 69 53 58 65 41 16 28 10 51 37 47 80 92 49 9 22 15 78 1 58 81 67 78 49 97 48 17 35 98 12 96 66 57 50 10 15 53 14 6 58 100 4 79 42 83 27 31 69 83 16 81 14 6 3 7 71 5 100 87 75 40 17 50 26 95 20 85 74 57 41 10 83 8 3 26 48 59 93 72 5 86 4 28 37 56 95 59 44 7 17 44 8 24 76 16 1 22 60 17 77 87 25 63 37 35 62 68 92 6 91 3 69 38 81 5 98 35 93 25 58 39 28 95 19 10 38 40 77 98 15 0 43 51 100 99 96 69 70 93 17 98 35 76 47 76 24 68 26 11 43 42 2 93 24 18 28 75 32 92 88 55 59 5 27 56 84 69 52 79 74 80 4 25 88 64 98 67 18 99 55 47 33 70
1 6 1 1 1 5 1 1 15 15 14 20 9 9 21 25 12 14 13 19 15 16 17 21 24 28 27 22 39 27 35 23 38 27 31 31 42 48 46 42 44 36 37 50 40 55 43 42 57 44 54 43 43 55 46 54 62 59 61 51 51 59 62 73 70 71 59 68 79 73 68 77 77 79 85 80 76 81 81 85 84 74 80 93 83 95 96 81 94 99 88 96 95 84 103 100 94 97 96 94 93 107 94 99 105 105 113 101 118 110 107 109 104 113 112 116 110 110 116 117 128 126 125 130 127 126 120 126 133 122 124 142 126 131 141 135 144 132 133 148 150 137 134 144 139 136 156 157 146 142 150 160 159 164 146 155 154 162 150 156 170 165 156 159 174 171 175 178 164 168 180 181 182 173 184 169 177 182 182 189 185 177 180 178 190 187 190 180 183 185 201 202 186 185 188 190 194 204 192 210 192 200 210 200 199 206 205 206 209 202 207 217 223 222 219 224 220 224 211 224 214 218 231 234 222 232 233 231 221 235 234 239 223 227 225 235 234 231 239 242 236 242 234 247 251 251 249 242 247 241 244 261 263 254 258 263 263 250 263 250 253 266 259 268 259 274 275 269 263 262 261 278 281 283 279 283 274 268 280 278 284 279 280 276 282 291 286 285 280 286 297 295 292 292 296 298 288 297 290 305 298 310 313 302 296 310 307 301 308 317 304 315 321 319 322 311 318 311 322 322 330 325 321 324 335 318 329 338 325 337 338 330 329 324 330 338 342 345 345 333 335 348 333 342 344 342 343 343 340 347 346 362 350 354 356 366 351 355 354 358 370
1000
1 113861 57 76242
0 3076 84 161601
1 11563 31 132581
1 13189 29 14363
0 60 24 36070
0 3230 85 2865
1 37469 34 14360
1 48744 47 97716
1 62460 52 123448
0 3534 93 112
1 15383 48 14365
0 171 33 197429
0 2660 70 5209
0 88 7 121417
1 527 24 14356
1 69689 47 197575
1 5650 20 14366
1 7869 31 96727
1 254866 95 67629
1 2000000 3 674
0 1431 92 14359
0 1270 34 5326
0 185 38 14383
1 28705 31 14365
0 209 81 142627
0 127 7 95521
0 152 4 13781
0 524 49 14361
1 20539 25 144778
0 2000000 42 13944
0 3316 95 14359
1 75982 48 197907
0 16 2 14370
0 1515 67 14368
0 2196 83 27994
0 2052 54 14330
0 2000000 60 8608
0 2000000 1 7501
0 2490 67 84248
0 342 10 67213
0 749 24 10992
0 1286 48 14371
0 300 29 61331
1 103855 80 14364
0 490 46 132543
0 418 67 14377
0 2000000 41 7409
1 621 5 31401
1 31958 29 14187
1 23749 27 14373
0 347 78 27274
1 228960 91 120379
1 19804 26 14376
1 2698 15 14355
1 330944 99 111158
0 67 2 13337
0 253 16 118734
0 218 80 14372
1 127832 58 6156
0 2368 67 14361
0 647 23 115421
1 12326 60 14382
1 225758 88 186243
0 3490 95 7642
1 19803 65 89480
1 2000000 92 3314
0 589 45 182848
0 1376 96 117251
0 425 75 14357
0 526 98 24244
1 75986 63 14357
0 2027 76 155883
1 12977 59 167887
0 697 28 24045
1 180462 93 134202
0 213 10 14358
0 2061 95 195936
0 643 55 14378
1 20494 46 68654
1 307800 90 2996
0 2085 56 55394
1 23534 37 14373
1 129533 77 14371
1 26859 55 14367
1 273976 86 14383
1 17916 91 119293
1 539 26 70440
1 213828 82 51655
0 380 10 9487
1 106515 63 14374
0 522 44 78654
0 192 53 1509
0 1245 35 14374
1 7135 22 14366
1 11230 23 14358
0 730 69 14376
1 213318 93 14376
0 3383 97 167092
0 2000000 72 7317
1 251329 92 14371
0 3716 100 14367
1 37590 48 14355
1 88221 57 14369
1 33500 88 24600
0 2045 58 163394
1 8087 25 14369
0 883 42 74479
0 2496 72 14368
0 2327 63 166200
1 15234 32 52271
1 2000000 24 4775
0 2000000 99 7261
0 95 71 2336
0 242 12 14377
1 633 21 14360
0 2000000 28 1732
0 737 63 14377
1 6573 15 14355
1 31958 29 3510
0 546 61 14383
1 50458 55 14369
1 446 12 102726
1 155027 100 158895
1 71116 44 14358
1 21433 88 14384
0 2000000 4 6861
1 69472 85 14357
0 564 40 14384
1 186842 71 14367
1 2000000 63 11634
1 16758 21 5342
0 2650 71 14380
1 2000000 26 1142
0 23 1 34093
1 199980 77 14362
1 2000000 45 9535
0 116 63 14375
1 40962 33 14354
0 364 95 175714
1 32659 40 14358
1 6479 15 27155
1 231913 84 14354
0 1273 67 14356
1 62429 64 14368
1 13011 87 181116
1 10637 30 3493
0 289 16 14359
0 1051 80 14368
0 201 90 14377
0 2 5 151699
0 206 6 41625
1 54703 83 14367
0 2227 67 10479
1 809 40 14382
0 711 58 101121
1 6369 20 71389
0 231 32 14380
0 2000000 43 3427
0 450 33 14355
0 298 33 14359
1 2000000 97 4352
0 2476 89 14358
1 2000000 37 11632
1 22 7 175725
0 2000000 9 5570
1 2000000 95 9317
0 17 5 116915
1 2000000 71 6773
0 381 94 18822
1 67032 42 12267
1 87720 50 14365
1 7635 15 14380
0 2033 80 14364
0 455 84 14380
1 103 8 14361
1 5832 13 193042
1 68258 54 161916
0 307 9 81082
1 1266 6 67680
0 1145 39 45554
0 2000000 74 13674
0 669 88 14354
0 1500 58 14376
1 24391 29 14354
1 62083 45 14377
1 215348 99 14377
0 976 28 14373
0 401 13 99655
0 588 60 14374
0 236 10 143926
1 57537 42 126269
1 43928 34 5909
0 2000000 84 4065
0 445 20 68858
0 715 27 14373
1 2000000 98 8420
0 993 37 14354
0 159 6 14376
1 15770 45 10089
1 179200 97 193267
1 241745 93 14375
1 28056 30 14379
1 270861 92 14382
1 1862 7 13403
0 897 37 92573
1 8 11 14380
1 257773 97 14355
1 22164 43 85815
0 824 32 8151
0 737 69 112926
0 483 49 14368
0 1327 38 60013
1 153916 84 118137
1 42125 60 14371
1 247317 91 34187
1 331 8 99026
1 10708 27 103123
1 283785 92 128953
0 592 19 14363
0 2219 88 19561
1 6179 26 29051
1 64737 47 14355
1 35669 31 99167
1 14211 81 14379
1 2189 10 14356
1 49969 77 14371
1 144188 74 123409
1 216592 98 14384
1 34068 42 14375
0 2682 84 14355
0 2000000 11 6357
0 109 3 14362
1 89899 59 14377
1 2000000 80 3259
0 1349 70 133060
0 182 69 14383
1 7933 26 14358
1 202407 87 198968
0 1017 53 131692
0 1808 100 14375
1 55190 48 127959
1 61365 41 14357
0 3154 83 6365
0 2189 91 178888
1 36518 31 1497
0 2432 64 3806
0 676 40 195427
1 62693 41 122517
1 71610 44 14368
0 141 5 152004
1 16758 21 10755
1 7448 14 6860
0 107 39 14379
0 107 3 14355
0 100 8 178357
0 187 15 19709
0 27 2 72358
1 2000000 54 4770
0 900 41 14371
1 164236 90 14356
1 155 6 14384
0 2000000 29 2747
1 131838 80 14360
0 1790 71 7782
1 49248 36 2890
1 6583 25 14355
1 93952 52 14380
0 248 16 14355
1 81573 49 14366
0 267 10 154901
0 1914 69 14362
1 23750 25 3687
0 3420 90 13950
1 56751 86 160836
1 1161 43 14371
1 51585 46 14374
1 169366 95 14364
1 31994 54 14370
1 2000000 43 13396
0 935 33 84192
1 3754 28 111659
1 46292 62 14384
1 93423 60 14370
1 3078 9 12371
1 44131 60 14360
0 2 4 76874
0 3334 95 179158
0 3572 94 7304
1 21205 25 37531
0 273 15 179850
0 739 43 59355
1 25976 51 47226
0 646 39 42378
1 1826 12 180695
1 58382 61 23294
1 14749 25 14375
1 2429 15 152756
1 29789 34 14358
0 815 35 99530
1 68291 44 91314
0 1083 71 84676
0 1471 40 115435
1 2000000 11 3939
0 923 61 14357
1 2000000 80 14017
1 25128 84 14383
0 1302 62 99473
1 125041 59 81921
1 67874 65 117046
1 2966 24 618
0 596 20 156949
1 72284 75 14378
1 130077 73 153989
1 2000000 18 8371
1 166412 70 14376
1 61595 69 14359
0 425 83 14369
1 8257 24 118040
1 7374 23 155144
1 26546 31 31613
1 4003 29 14376
1 391 4 14364
0 985 40 14375
1 1283 43 40875
1 208 12 71429
0 924 40 144719
1 272734 90 14357
0 107 87 3188
1 19938 43 14365
0 2776 86 14356
0 2000000 30 7823
0 1605 51 14376
1 252795 92 14356
0 560 69 78500
0 2000000 90 14076
1 2000000 100 13434
0 2000000 19 7087
0 2000000 82 5785
1 91386 57 8248
1 73868 51 14363
1 88582 50 82089
0 758 26 22348
0 2000000 23 5158
0 22 2 102594
0 1008 74 177954
1 2 2 28050
0 26 1 14363
1 47274 78 14360
1 52 4 14376
0 2000000 60 5216
0 340 49 22140
0 1695 99 14359
1 20667 78 14375
1 3789 24 14373
1 117850 99 27509
1 47953 43 14361
1 130751 75 194623
1 50927 48 114029
1 162139 70 148258
0 579 35 14359
1 1239 6 31833
1 1741 26 14381
1 2000000 75 3025
1 2000000 43 5592
1 196030 88 152344
0 1225 49 97119
0 665 27 14380
1 185189 82 36032
1 164416 79 14359
1 57298 72 2531
0 235 25 14357
1 146245 90 134265
1 2000000 30 5371
0 468 13 51668
1 12883 30 8514
1 28290 42 14364
1 136439 60 14372
1 7 1 14373
0 1520 91 14357
1 8745 25 14366
1 237656 81 14364
1 187711 73 14372
1 94828 79 62442
0 2333 75 138472
1 96122 90 14382
1 88834 93 167130
0 2000000 46 2908
1 1909 15 14376
1 2000000 28 13485
1 241574 81 14362
0 418 11 2440
0 34 3 14354
1 87552 48 13820
0 780 25 14371
1 8334 52 119646
0 34 11 75446
1 36717 79 14360
1 74753 56 14363
1 62370 42 14360
1 522 5 137803
0 359 20 14358
0 10 57 91806
1 13296 20 14365
0 435 18 14375
1 2000000 59 9622
0 25 7 14354
0 381 21 6832
0 3167 97 137295
0 456 12 14287
1 8925 57 62753
0 176 36 147405
1 20724 58 168328
0 2799 74 156761
1 163640 94 95108
0 231 44 14362
1 171011 98 14363
0 277 22 31635
1 294272 88 13763
0 863 88 14358
0 1303 61 14369
0 2208 61 14365
1 261914 100 148037
1 63878 41 13535
0 464 43 97368
1 2000000 79 11492
0 1283 40 14378
0 1213 50 14379
1 71789 55 107039
1 9952 56 121700
1 61628 80 14355
0 2698 71 2388
0 461 13 56592
1 169595 68 43958
1 170712 74 14358
1 304543 98 83800
0 130 17 14373
1 69720 46 99633
0 275 20 14370
0 1111 41 59724
0 2000000 33 1831
1 6 1 14863
0 885 26 27496
0 311 60 120153
0 232 30 14355
0 1976 54 101632
1 199564 89 14372
1 2000000 33 1042
1 2000000 83 4735
0 148 4 86276
1 399 4 53332
0 179 76 160039
1 5230 27 13140
1 193 5 103541
0 436 36 83339
1 32235 99 14374
1 3122 35 14384
1 10764 20 16432
0 93 9 14365
1 75003 47 35203
1 7613 18 45536
1 8476 56 14364
0 1590 70 193873
0 2764 88 2337
0 635 18 21148
1 379884 100 14355
1 1577 17 14354
0 919 68 14373
1 12312 18 4345
1 106 41 14358
0 76 2 8941
1 12312 18 1134
1 76549 76 88250
1 43463 35 80793
1 145313 73 14364
1 53681 40 151276
0 434 65 14367
0 2165 60 166776
0 222 53 168392
0 2000000 74 12733
0 389 32 14370
0 23 3 96515
0 294 81 14358
1 2434 12 14360
0 515 23 14361
0 564 59 14372
0 481 23 14367
0 3078 81 8273
1 18465 23 10622
0 3105 87 14369
1 86321 60 14370
0 641 41 58655
0 2356 62 2436
1 36850 38 16865
1 27759 33 14381
0 47 8 14360
1 20513 24 14360
1 98590 57 84343
0 252 77 14361
1 2000000 52 3059
1 5913 23 14358
1 8747 63 14383
1 7319 16 14357
1 4747 12 196225
1 2000000 56 4582
0 1760 66 84436
1 18210 47 44371
0 1357 46 89281
0 916 85 14377
0 627 67 14358
0 2000000 90 11965
1 57823 76 14365
0 75 12 32669
1 1204 22 53408
1 231192 78 5803
1 109510 60 14384
1 5553 20 14380
1 53994 42 14363
1 190800 77 14361
1 3387 41 134130
0 6 41 14366
0 745 52 63756
1 2000000 67 13754
1 135876 87 14375
1 52219 99 114853
0 365 33 14382
0 587 37 82767
0 7 6 14364
1 2000000 83 13685
1 11999 40 60016
1 20749 81 14366
0 3458 91 10697
0 1984 63 14354
1 9460 16 95527
1 36666 93 151852
0 2134 59 143268
0 103 14 190162
0 398 91 22936
1 2000000 27 9733
1 15890 39 16656
0 902 50 161705
1 17928 26 104895
0 7 19 14354
0 478 50 14383
0 2138 59 167190
1 84590 48 124856
1 387 9 95437
0 185 92 14368
1 7550 76 41699
0 507 64 34719
1 8236 17 25563
0 2000000 11 447
0 1365 45 14379
0 49 6 14372
1 541 19 87134
0 109 16 104444
0 234 52 14371
0 2000000 20 10149
0 1145 47 16777
1 438 11 163198
1 266874 84 14357
0 2394 67 14372
1 1249 29 14369
0 129 69 13039
0 2872 79 14375
1 25340 59 35996
0 656 45 14381
0 406 37 129042
0 2193 82 14365
1 20778 30 14377
1 59423 85 14378
1 52762 46 14362
1 126359 62 139218
0 2398 64 14368
1 167428 96 14367
1 2000000 27 10540
0 1970 67 67479
1 14085 67 14359
0 613 61 14361
0 1876 56 126916
0 2000000 27 12267
0 2620 91 32098
0 389 12 14379
0 803 78 14354
1 24180 50 14362
0 504 14 48535
1 11053 19 110725
1 52022 37 1288
0 96 3 14381
1 79118 46 79722
1 2552 17 36846
0 2472 90 14360
0 467 33 40826
1 295044 91 182469
0 2000000 25 6314
1 6608 14 190040
0 2181 60 14371
1 44415 36 178376
1 106839 67 14355
1 28082 67 41988
1 109835 59 14354
1 107819 67 14354
1 2000000 87 5404
0 353 13 14370
0 16 1 125786
1 6342 17 41398
1 51400 40 14358
1 2000000 35 1678
1 14538 21 14355
0 678 35 81078
0 2543 68 90382
1 20102 23 7229
1 37250 39 11978
0 674 76 117958
1 67032 42 10934
1 5564 66 14360
0 1975 66 14357
0 1113 86 14367
0 198 10 14354
0 1215 86 2371
1 21406 34 181988
0 1627 63 175133
1 16686 40 14366
0 1112 80 14359
1 84929 83 194036
0 1068 38 173940
0 16 4 14378
0 1292 34 1366
0 1324 80 99491
0 1526 53 14384
0 2346 88 8938
0 2698 71 5616
0 427 82 14356
1 148457 67 39595
0 947 31 100907
1 1120 6 14373
1 82147 62 14372
0 659 21 14355
0 299 53 86879
0 2344 64 14359
0 36 4 14370
1 2000000 56 9402
0 755 26 14354
0 2271 99 175032
1 22186 34 48299
0 742 41 14375
0 2964 78 9200
0 698 21 195330
0 1450 54 14365
0 2319 96 161582
1 175712 68 11377
1 71518 57 14384
1 2000000 24 6072
0 2710 87 115934
1 17868 68 69699
1 61945 47 14359
1 102752 52 9788
0 570 97 14365
0 1394 94 14357
0 815 35 14374
1 242247 91 192617
0 658 18 14360
0 538 16 14370
1 299 4 54579
1 294272 88 13760
1 55318 74 151798
0 861 30 14358
0 197 32 89060
0 1420 45 46765
0 407 19 143513
1 16844 56 87044
0 342 9 1742
1 165395 84 151295
1 214322 93 167132
1 4711 76 136480
0 53 20 166038
0 1581 53 182625
1 88763 62 14355
0 95 10 116640
0 502 92 135976
1 12742 39 23360
1 1977 10 14368
1 73899 55 14356
0 179 5 14379
1 2000000 78 9445
1 141088 70 96634
0 879 47 440
0 115 53 14367
1 35365 48 14354
0 4 79 14380
1 8035 59 140886
1 10974 18 14383
0 635 41 74541
0 2132 59 5389
1 12037 27 14358
0 66 4 142299
1 68106 43 14379
1 73567 54 189296
0 117 6 14378
1 171765 85 14374
0 801 86 143231
1 24540 26 14377
0 1431 72 14369
1 19102 34 14358
0 2000000 12 14175
0 1457 50 14374
0 80 6 14377
0 759 64 83562
1 80637 47 101343
0 141 78 139078
1 10455 34 14383
0 1900 50 8417
0 171 99 14377
1 14706 26 14355
1 10286 18 127866
0 234 19 14377
0 87 22 41727
0 2731 98 115196
1 80139 76 121326
1 115266 85 59542
1 742 5 75412
0 1531 77 14368
0 881 94 149121
0 108 45 98175
1 3711 30 14358
1 1122 64 14382
1 257708 92 98950
1 323 13 193832
0 1316 36 134930
1 180624 69 737
0 344 77 154447
1 212262 81 17141
1 870 6 14377
1 61203 67 97817
1 2000000 24 8546
1 29552 30 198861
1 3688 35 52206
0 1332 74 199339
1 342950 95 6639
0 638 20 4442
0 443 86 14374
1 2000000 16 3749
0 319 38 14356
1 9115 22 108957
0 1814 97 125732
0 748 22 14355
0 1450 69 14383
0 22 15 9761
1 66969 68 192730
1 168861 77 17157
1 155450 67 14362
0 727 46 14357
1 120575 66 14365
1 17734 35 136406
0 2000000 56 2853
0 2519 91 14355
1 134576 70 82297
0 63 12 14372
0 121 6 52710
1 6163 20 14360
0 205 99 5417
1 9728 16 3481
0 1519 75 14355
1 6961 70 14367
0 2000000 81 4762
1 180129 94 113435
0 489 57 117700
1 135432 62 14356
1 2000000 6 101
1 106742 53 3163
0 2000000 16 5802
1 1568 21 89230
1 121651 65 15979
0 415 35 137418
0 2000000 15 1249
0 3070 96 29727
1 3870 17 15099
0 1164 61 10448
1 105794 70 199337
1 2000000 44 12648
0 2000000 73 7270
0 1698 54 61628
0 1485 49 14357
0 1532 82 53640
1 114950 55 12262
1 1666 16 66112
0 1023 43 14357
0 295 81 14359
0 516 21 14358
0 2000000 36 5636
0 2000000 39 7723
1 108782 60 14382
0 403 32 14362
1 208789 87 161927
1 18581 79 199262
1 226706 85 14379
0 113 3 14383
1 6707 38 24021
1 183812 88 14371
0 2883 95 14360
1 21619 30 14368
0 1395 63 13831
1 42795 90 14369
0 2318 61 8467
0 797 25 146597
1 45928 56 74510
1 1155 10 14376
0 1064 39 50606
0 1471 64 38994
0 1637 61 14367
1 2000000 28 5715
1 20 2 199814
1 132756 85 14383
0 1091 82 14357
1 95930 96 14380
1 2828 20 14367
0 318 9 14380
1 17780 22 14363
0 1178 31 10473
1 2000000 40 10336
0 2050 65 116408
1 7951 21 54822
0 975 36 14361
0 901 44 14372
0 2000000 94 13649
0 2000000 87 2078
1 63110 56 114562
1 70856 50 26032
1 278050 97 14362
1 74371 63 14370
1 57374 68 14359
1 48389 48 116961
1 180889 70 14363
0 1002 58 148104
1 33558 44 181583
0 91 14 181130
1 2000000 52 1873
0 1748 54 14358
0 2284 75 14368
0 1985 71 59630
1 15515 33 14369
0 298 99 14361
1 236129 98 127404
1 17711 35 99215
0 632 58 65789
1 191558 71 1271
0 1097 58 38629
1 2000000 14 11359
0 3316 93 150371
1 2792 13 14364
1 94 3 199868
0 2000000 16 11748
1 754 9 117943
0 2000000 45 7200
0 521 30 92695
1 112961 67 14381
1 123 7 109383
1 141861 72 78256
0 284 12 70816
0 1586 64 97147
0 517 47 195898
1 2726 10 103350
1 112704 57 14356
1 2000000 42 4489
0 883 24 14379
0 2000000 63 2652
1 58071 42 14377
1 134651 76 14370
0 181 19 14359
0 24 1 46477
0 104 4 79309
1 11571 53 6850
0 2000000 80 3521
0 2000000 84 4736
1 203899 76 106264
1 41281 60 14361
1 2000000 56 9794
0 1361 57 14372
0 1537 99 36986
0 12 3 14358
1 1002 10 14372
0 275 53 109578
1 60938 66 14373
1 15916 78 67589
0 3 56 126882
0 847 66 143806
0 322 31 12114
0 217 8 14367
1 145788 86 14370
0 789 23 14358
1 101187 84 14366
0 1332 52 130542
1 2000000 58 9653
1 24896 64 122183
1 148786 66 152750
0 920 36 14358
0 608 16 7239
1 41434 66 14355
0 1397 89 14358
0 653 31 125270
0 2281 64 122029
0 2000000 7 3178
1 9544 33 132764
0 456 12 4963
1 6833 45 14373
1 3713 12 14369
0 552 92 166800
0 31 6 14358
0 419 39 33134
0 2000000 22 10163
0 216 15 37699
0 2000000 74 5519
0 2000000 89 11769
1 1403 16 14355
0 1548 41 14379
0 1406 37 10217
0 585 16 189151
1 107604 77 88122
1 51094 61 14377
0 2000000 45 2047
1 1862 7 10545
0 955 95 14374
0 1063 64 14383
1 19338 46 14374
1 68967 72 14377
1 257337 87 47542
0 1843 95 187041
0 26 4 166305
1 20102 23 1075
1 2000000 87 8006
1 46174 55 14362
0 2000000 59 3955
0 1165 77 42357
1 2000000 9 4520
1 111 2 14367
0 138 8 133142
0 2000000 47 4584
1 899 39 14361
1 190216 85 14366
0 1336 46 135472
1 82306 82 20649
1 2000000 87 11728
1 498 15 14383
0 772 35 152348
1 7875 26 14373
0 2000000 97 9596
1 34909 47 14357
1 232 4 14376
1 188365 93 14359
0 719 31 14355
1 17524 45 14356
1 110808 54 9415
1 180918 69 3254
0 514 47 14363
0 805 22 14356
0 1862 49 9603
0 3344 88 12773
0 1103 62 59792
1 17394 25 14371
1 1368 6 10388
0 487 37 14372
1 39651 79 106459
1 2000000 45 12919
1 48821 44 145702
0 2531 73 14372
1 104870 70 10733
1 15298 25 14367
1 318194 96 14356
1 11689 28 179646
0 2627 76 14381
0 234 13 14378
0 2399 75 14366
0 2000000 60 14360
1 2079 25 101283
0 252 38 99664
0 2719 92 171466
1 26959 33 54302
1 53275 49 14354
1 63369 46 14365
1 45838 61 14362
0 1115 53 14375
1 1628 15 14361
1 131596 67 14375
0 1014 66 14369
1 83762 68 14383
0 612 32 132630
1 24746 49 14364
1 7428 23 91076
0 1034 29 14364
0 677 93 14369
1 2000000 62 14144
1 244221 82 133543
1 48528 36 14361
1 67974 74 14359
1 2840 15 14379
1 255512 82 3301
1 38 1 11898
1 80408 46 9643
1 15 1 188656
0 602 17 14374
0 480 83 14376
