1
-28 -57
182839
1000
0 13 15 122844
0 18 40 78270
0 1601111 44 128997
0 2000000 17 117048
0 90 85 122865
0 5 7 130364
0 2000000 89 2749
0 2000000 85 88606
0 2000000 58 122865
0 748164 46 122868
0 42 80 129186
0 68 68 122845
0 43 40 129980
0 2000000 32 122870
0 57 56 122866
0 2 30 122843
0 79 79 53465
0 37 35 122853
0 2000000 52 120455
0 95 95 72543
0 795581 6 122850
0 38 48 50771
0 2000000 2 63004
0 23 28 92649
0 1250961 100 122851
0 33 33 127660
0 49 49 35285
0 28 94 39179
0 2000000 57 122871
0 33 38 122852
0 1964119 26 122847
0 1369254 63 122854
0 2000000 87 65581
0 82 82 118211
0 23 46 137559
0 5 11 122843
0 2000000 43 195
0 4 39 56100
0 611387 27 61470
0 2000000 74 122849
0 28 28 10734
0 35 36 122870
0 16 20 145967
0 2000000 65 183431
0 60 90 165098
0 1641731 52 122864
0 1 5 83527
0 6 6 151436
0 85 85 1139
0 42 42 122868
0 13 24 122849
0 92 92 122845
0 17 82 122870
0 96 92 122852
0 44 39 141581
0 70 70 105411
0 2000000 97 199935
0 66 66 122855
0 65 61 122872
0 49 46 122843
0 100 98 129387
0 62 60 122869
0 1254678 88 122871
0 36 36 122863
0 91 88 122848
0 56 58 146903
0 2 7 158454
0 48 49 122850
0 1379136 69 160417
0 57 57 122846
0 1238243 49 122848
0 51 53 77341
0 68 70 122854
0 13 14 124038
0 2000000 14 122869
0 72 72 157521
0 47 52 122859
0 20 23 122857
0 1165498 43 122842
0 2000000 78 122856
0 12 12 60872
0 68 63 68488
0 1569949 10 122861
0 41 58 193840
0 81 82 162565
0 2000000 83 122861
0 50 47 60179
0 930486 46 67371
0 2000000 48 122859
0 90 91 122852
0 18 13 162858
0 58 85 122864
0 1 1 145098
0 2000000 52 126013
0 2000000 8 122866
0 39 36 122842
0 14 48 122848
0 20 36 122852
0 22 48 122850
0 71 71 122864
0 2000000 58 75297
0 2000000 26 17071
0 2 10 122856
0 4 40 186931
0 20 33 118357
0 46 49 122845
0 36 32 60912
0 47 77 14119
0 28 28 43049
0 48 48 122844
0 47 47 79682
0 2000000 72 20539
0 77 96 12558
0 2 2 122858
0 13 59 71106
0 1600365 47 55338
0 25 73 122868
0 509368 11 122860
0 2000000 73 114088
0 2000000 94 11469
0 2000000 100 122861
0 16 34 122860
0 87 87 187708
0 25 27 20489
0 61 61 5678
0 409687 7 64575
0 2000000 74 122867
0 20 30 122849
0 1793313 92 122851
0 954444 67 161514
0 44 44 122872
0 12 8 122850
0 1035368 72 62141
0 1 7 77547
0 36 39 122845
0 84 84 122844
0 60 64 140278
0 10 75 156240
0 23 32 35580
0 95 95 195770
0 6 6 77369
0 2000000 18 103202
0 21 54 37223
0 2000000 56 65542
0 2000000 98 121986
0 253270 79 133135
0 54 85 122856
0 2000000 60 105513
0 11 38 122863
0 100 100 122139
0 2000000 17 9793
0 410429 4 108533
0 21 24 122854
0 674333 63 122866
0 731630 13 122871
0 39 39 23500
0 6 13 122864
0 255098 15 122846
0 102 97 79254
0 214241 66 26384
0 3 13 124955
0 48 48 95463
0 2 18 170897
0 69 66 122868
0 1 1 122845
0 90 90 149808
0 40 40 122862
0 23 36 122860
0 62 61 122871
0 58 58 16485
0 30 34 122872
0 28 28 122857
0 62 67 122855
0 24 47 122844
0 66 66 96301
0 821879 80 142715
0 35 98 122844
0 24 42 122857
0 3 87 136455
0 66 66 122850
0 34 73 122856
0 82 87 122847
0 31 47 122861
0 24 28 122853
0 23 19 24056
0 2000000 20 106446
0 38 38 122866
0 77 77 57974
0 29 29 122850
0 1677172 62 122859
0 659481 62 118779
0 60 62 107080
0 57 58 122859
0 2000000 43 10803
0 2000000 57 34522
0 54 52 122866
0 37 37 122861
0 37 37 79654
0 34 29 122861
0 9 74 122870
0 42 51 122861
0 2000000 47 15572
0 901754 87 122855
0 1604504 17 122871
0 13 22 185081
0 34 43 182428
0 77 74 122868
0 33 33 485
0 15 15 122867
0 24 34 72724
0 3 3 83195
0 79 79 111301
0 40 45 122849
0 5 8 122848
0 2000000 45 10991
0 2000000 6 106797
0 75 95 34425
0 31 30 177698
0 1 55 16282
0 66 66 32114
0 2000000 84 44389
0 109942 36 70611
0 2000000 54 84470
0 10 14 122869
0 34 38 122857
0 2000000 91 60308
0 42 59 190266
0 19 20 162709
0 1479407 99 122863
0 23 23 121406
0 25 25 122842
0 37 37 72747
0 2000000 3 112420
0 2000000 58 122845
0 26 28 9993
0 50 50 74661
0 64 83 122845
0 91 89 62549
0 1011038 93 122847
0 44 44 175433
0 2000000 21 54255
0 48 47 1668
0 3 7 122859
0 41 40 122863
0 9 65 86250
0 7 12 122857
0 12 48 85733
0 54 68 150733
0 19 17 182033
0 149435 96 119574
0 2000000 92 120021
0 73 73 133057
0 2000000 30 65735
0 22 25 122853
0 14 28 62567
0 2000000 87 20957
0 2000000 48 159053
0 2000000 65 122855
0 77 77 122861
0 13 17 52695
0 86 86 178435
0 38 40 45580
0 24 25 52957
0 17 71 167248
0 30 38 122842
0 61 61 122857
0 2000000 38 122845
0 2000000 16 122858
0 2000000 23 122866
0 2000000 2 67700
0 13 13 50646
0 31 43 122864
0 13 21 87328
0 2000000 63 119801
0 64 97 5528
0 91 91 122852
0 2000000 96 64805
0 16 32 189769
0 36 38 82978
0 15 15 122847
0 84 80 122862
0 54 69 56281
0 55 55 68814
0 2000000 52 14458
0 77 77 70116
0 1718013 12 35931
0 85 85 37210
0 85 86 184243
0 2000000 87 30728
0 1205607 51 122872
0 947036 62 148852
0 2000000 61 116517
0 2000000 11 98886
0 2000000 100 63514
0 1760630 44 122855
0 2 7 122858
0 2000000 86 121351
0 43 43 122861
0 1334461 93 91206
0 18 21 122858
0 75 71 122801
0 21071 41 122852
0 254356 66 58937
0 2000000 92 101286
0 13 13 153785
0 61 63 12478
0 2000000 2 162658
0 2000000 84 122855
0 191251 43 122856
0 2000000 63 549
0 2000000 1 47617
0 2000000 16 24223
0 405078 58 122860
0 2000000 56 143311
0 2000000 39 122854
0 3 5 122845
0 2000000 37 12038
0 493996 20 122859
0 85 86 122872
0 70 70 91854
0 26 26 15273
0 934286 55 122859
0 81 95 86404
0 15 20 122868
0 87 89 189330
0 42 42 12303
0 19 19 59992
0 2000000 16 152554
0 17 22 25440
0 52 48 122855
0 75 78 174810
0 64 64 77540
0 2000000 14 122849
0 2000000 85 176572
0 2000000 7 14644
0 281084 22 122863
0 2000000 90 124100
0 86 83 157597
0 2000000 6 8866
0 1000230 86 122842
0 2000000 35 122861
0 545516 11 138355
0 50 71 122852
0 1407923 11 4459
0 1813443 32 181280
0 2000000 51 122452
0 8 5 122847
0 17 75 115540
0 49 50 199108
0 82 88 122871
0 6 9 111503
0 2000000 97 132679
0 30 31 122858
0 2000000 28 98946
0 797291 44 122868
0 9 12 14943
0 51 51 54057
0 1655427 48 32907
0 67 96 122860
0 89 85 122855
0 829472 36 122842
0 76 76 64432
0 73 96 29733
0 16 12 76571
0 1335797 23 122862
0 22 26 122850
0 68 71 122872
0 37 42 122862
0 83 84 122862
0 74 74 122843
0 56 56 49138
0 1964320 51 122871
0 18 15 122868
0 69 70 122867
0 1311528 5 68455
0 1654189 14 122855
0 2000000 81 49788
0 62 60 38179
0 2000000 3 58734
0 11 15 122864
0 2000000 93 122846
0 95 97 122868
0 2000000 17 111877
0 1140487 96 122858
0 64 59 12101
0 66 72 122863
0 60 65 187505
0 14 40 122852
0 668147 46 173182
0 7 90 122859
0 85 85 84872
0 1851323 54 129343
0 2000000 70 119423
0 41 41 46782
0 79 84 85047
0 34 37 122849
0 71 72 122869
0 2000000 40 92991
0 2000000 55 122853
0 824037 22 114644
0 68 75 108910
0 2000000 47 122864
0 883130 74 54836
0 86 98 122872
0 78 75 122865
0 2000000 36 122850
0 6 38 126602
0 2000000 23 104167
0 2000000 20 97017
0 2000000 46 4180
0 87 87 122847
0 22 25 122854
0 2 74 21097
0 44 44 102674
0 2000000 23 30146
0 218935 92 122867
0 2000000 100 122866
0 588835 62 81657
0 50 46 26832
0 2000000 49 122866
0 50 49 122858
0 66 69 122851
0 67 66 3818
0 7 9 55139
0 12 29 139720
0 23 25 122847
0 24 76 46785
0 67 72 122864
0 17 95 115749
0 19 32 38262
0 17 72 122864
0 5 11 20596
0 45 43 59978
0 2000000 14 36512
0 2000000 40 2982
0 56 56 134006
0 2000000 58 187528
0 63 79 122859
0 65 73 164696
0 91 95 148134
0 75 75 42566
0 8 11 197919
0 2000000 84 122848
0 96 96 122860
0 14 29 174856
0 7 46 122851
0 43 43 68424
0 72 71 22202
0 2000000 86 122868
0 34 40 126670
0 58 57 122845
0 87 83 129398
0 1317742 25 122847
0 25 50 36932
0 2000000 99 97748
0 61 91 122847
0 2000000 50 58176
0 1749591 48 122872
0 31 26 95729
0 27 46 122850
0 2000000 93 56200
0 18 18 142574
0 31 31 122871
0 40 35 142610
0 2000000 51 103052
0 407722 76 122864
0 1432320 10 63303
0 94 99 122853
0 24 23 122865
0 1158982 66 122868
0 30 25 138746
0 92 96 122852
0 2000000 80 19279
0 2000000 77 122850
0 21 26 32775
0 60 60 160240
0 2000000 58 39723
0 39 39 47756
0 2000000 37 40112
0 39 36 122845
0 35 36 46363
0 1277036 97 122868
0 2000000 65 122843
0 4 6 122858
0 28 100 116106
0 2000000 15 122866
0 2000000 25 65978
0 23 23 114266
0 1 4 122869
0 76 71 122853
0 2000000 68 46361
0 2000000 27 81403
0 9 14 122848
0 87 84 53248
0 240319 82 34764
0 42 52 122848
0 34 34 190633
0 59 64 186749
0 281191 62 122864
0 2000000 56 91429
0 368682 48 51720
0 62 88 39687
0 92 92 50779
0 1976290 9 99247
0 79 79 122862
0 86 85 122864
0 1739017 5 113279
0 1790837 62 38497
0 61 65 144263
0 91 89 165158
0 10 15 122855
0 70 70 11371
0 2000000 84 122854
0 92 92 96840
0 2000000 49 10861
0 34 80 7169
0 2000000 97 122859
0 6 6 120361
0 41 45 122865
0 2000000 17 122870
0 11 92 118774
0 1496760 40 116614
0 716495 22 98310
0 20 17 8221
0 1209840 94 98694
0 11 80 26245
0 99 99 91186
0 4 80 122868
0 48 43 122847
0 6 4 181848
0 36 97 172537
0 51 69 122864
0 746349 33 122852
0 2000000 24 65117
0 24 36 122856
0 2000000 22 34291
0 8 54 122866
0 2000000 26 1048
0 2000000 97 36424
0 7 14 82979
0 9 20 152022
0 43 53 46136
0 90 99 122867
0 24 33 122846
0 2000000 41 191081
0 18 13 122863
0 1886844 14 122855
0 90 90 51960
0 2000000 30 187921
0 971736 35 45519
0 82 82 122855
0 32 33 23664
0 2000000 96 122853
0 6 6 117753
0 161582 12 122846
0 9 9 82670
0 77 77 37311
0 1948410 40 85232
0 100 98 555
0 9 42 92090
0 11 15 122851
0 5 5 122859
0 95 95 15682
0 60 60 122862
0 1712539 68 88546
0 2000000 45 7387
0 2000000 95 89370
0 93 97 122853
0 99 99 155742
0 2000000 10 74125
0 60 62 110638
0 10 10 142783
0 1 1 103920
0 77 72 122872
0 403529 82 122856
0 2000000 5 19303
0 64 62 73243
0 46 43 161480
0 2000000 77 28600
0 99 95 50105
0 3 93 122851
0 39 34 122860
0 7 53 122849
0 31 36 122871
0 27 27 110825
0 783831 74 177167
0 2000000 43 122848
0 53 75 154443
0 70 70 143609
0 25 26 6194
0 22 18 165539
0 68 70 142999
0 27 29 122862
0 73 82 157839
0 4 30 120067
0 61 70 95972
0 32 35 122863
0 365612 95 30668
0 47 42 11288
0 8 90 122850
0 75 75 159145
0 7 34 191597
0 79 74 122852
0 12 8 99940
0 18 23 122843
0 1420724 92 122855
0 26 22 122863
0 269899 16 1899
0 2000000 100 42952
0 41 38 10869
0 2000000 78 122861
0 82 82 83656
0 2000000 62 98530
0 34 34 95751
0 67 87 165361
0 100 99 122870
0 26 61 122851
0 24 30 39557
0 7 11 122868
0 25 68 25927
0 78 76 7083
0 58 85 148495
0 77 77 90982
0 88 92 91533
0 27 30 122872
0 4 2 191724
0 2000000 78 122843
0 2 2 70474
0 31 36 122867
0 501600 65 122843
0 44 39 122860
0 58 61 122861
0 2000000 8 78284
0 55 55 33173
0 23 31 143855
0 76 74 122844
0 1695047 78 122845
0 1277677 98 32190
0 1 2 122852
0 2000000 30 34878
0 46204 30 71672
0 14 77 79284
0 50 50 122864
0 2 2 79746
0 1 21 1907
0 11 22 122856
0 63 64 26567
0 29 82 146485
0 2000000 81 116063
0 97 97 122850
0 6 93 112273
0 88 87 97945
0 1845389 100 153244
0 34 34 46037
0 35 87 122861
0 2000000 50 122865
0 8 92 149365
0 2000000 11 80418
0 2000000 8 76211
0 13 20 175123
0 6 8 122844
0 2000000 98 57902
0 18 18 134958
0 78 76 122865
0 2000000 91 66421
0 29 26 40204
0 66 66 122850
0 4 10 122848
0 7 9 122858
0 39 39 9326
0 17 39 120437
0 2000000 52 83036
0 791937 97 122851
0 1193171 19 122849
0 74 77 122853
0 2000000 10 23521
0 1324918 58 122846
0 1649920 5 122844
0 2000000 6 112728
0 40 45 188235
0 52 52 98575
0 4 4 20231
0 61 61 122861
0 86 86 119434
0 2000000 43 122851
0 78 78 122868
0 1795592 63 122855
0 321269 14 72530
0 1985564 90 122865
0 2000000 94 49480
0 6 51 122847
0 2000000 79 34337
0 14 38 43721
0 2000000 3 57634
0 47 42 119499
0 66 66 58024
0 35 35 39733
0 2000000 47 122871
0 67 99 122863
0 59 59 78269
0 2000000 72 83544
0 71 74 133532
0 5 5 16017
0 6 66 58148
0 2000000 86 26457
0 88 88 195174
0 2000000 6 122871
0 31 54 122867
0 2000000 52 122850
0 8 48 122842
0 50 50 168716
0 2000000 24 122867
0 2000000 46 21221
0 64 91 122855
0 1120488 56 122853
0 80 82 125946
0 103 99 188113
0 23 57 122866
0 4 23 169787
0 2000000 10 65215
0 27 76 122848
0 71 71 178857
0 2000000 99 117439
0 57 77 122851
0 2000000 59 122848
0 2000000 27 110477
0 47 47 101350
0 46 46 163679
0 12 30 122847
0 9 21 161007
0 57 90 118359
0 2000000 62 122853
0 2000000 68 52248
0 2000000 90 122855
0 33 32 122505
0 1329936 2 122868
0 2000000 20 85415
0 45 50 122843
0 1485060 78 122857
0 3 71 122846
0 1062035 7 122867
0 86 88 99009
0 43 82 122852
0 2000000 98 93559
0 65 65 17264
0 38 77 122853
0 40 40 122851
0 60 60 83466
0 15 17 122866
0 53 51 122871
0 64 64 122844
0 91 93 122867
0 22 22 16898
0 3 16 122846
0 96 100 105447
0 66 66 38950
0 1438575 54 122847
0 93 92 122867
0 2000000 87 23253
0 2000000 53 123831
0 87 87 38850
0 1586347 58 122850
0 2000000 77 137254
0 80 80 16149
0 11 43 122862
0 30 30 122850
0 7 18 122842
0 87 87 172731
0 3 3 122870
0 16 16 3562
0 79 79 59462
0 2000000 73 119381
0 7 93 122846
0 2 6 122859
0 649590 98 2349
0 39 42 137957
0 49 81 28072
0 37 76 159503
0 59 60 115503
0 2 52 157992
0 51 67 36802
0 6 11 122872
0 65 63 122852
0 1815356 58 122865
0 1166144 49 122846
0 18 25 101345
0 53 56 122854
0 33 90 190243
0 81 81 174493
0 7 7 71130
0 7 7 32050
0 26 26 56493
0 43 63 122867
0 18 14 122864
0 5 12 16403
0 87 87 122845
0 4 4 143809
0 206920 68 53295
0 22 22 122868
0 6 6 149686
0 89 93 118802
0 11 14 136233
0 25 25 25715
0 42 42 122849
0 2000000 32 76377
0 70 91 122846
0 13 19 54837
0 9 13 122850
0 58 86 122843
0 496765 26 130714
0 1430101 3 122858
0 3 3 122848
0 25 30 122866
0 18 18 122850
0 63 66 122854
0 92 96 122861
0 2000000 13 37992
0 1599628 91 122846
0 2 58 122845
0 25 81 59884
0 1 5 122855
0 45 50 122853
0 1805066 94 68102
0 14 14 93957
0 1956923 63 122842
0 19 19 104918
0 95749 95 103301
0 5 6 122849
0 93 91 122870
0 54 53 28792
0 93 89 141312
0 35 37 122866
0 39 39 185649
0 2000000 34 104930
0 2000000 89 122848
0 2000000 82 122870
0 2000000 34 122843
0 11 39 104340
0 5 76 28464
0 2000000 6 139147
0 1693966 70 128306
0 2000000 72 104580
0 13 12 146391
0 60 60 151913
0 10 17 42795
0 2000000 26 101477
0 2 5 122843
0 12 78 122846
0 79 78 150740
0 18 83 122871
0 2 5 122866
0 6 11 122863
0 38 53 122865
0 25 27 122864
0 1600072 77 164799
0 1180463 92 11497
0 1734789 35 122870
0 606934 13 126629
0 21 16 127131
0 61 61 32066
0 2000000 25 73502
0 24 74 168427
0 58 58 122859
0 82 78 122858
0 94 94 103044
0 12 12 122865
0 65 65 126016
0 817381 70 122868
0 2000000 15 122850
0 2000000 43 102859
0 2000000 37 47270
0 8 39 122860
0 1005366 25 122860
0 6 15 185004
0 21 20 122871
0 2000000 8 34085
0 11 25 122857
0 10 20 129628
0 2000000 7 122851
0 12 69 122869
0 2000000 26 88106
0 68 70 112353
0 66 66 163124
0 66 65 148733
0 20 20 31561
0 11 13 187609
0 2000000 82 74219
0 26180 86 122857
0 12 19 122846
0 7 47 91240
0 5 3 122847
0 1088808 4 128910
0 80 80 2715
0 92 87 122863
0 2000000 37 48513
0 54 54 89122
0 61 61 122843
0 13 84 122857
0 1920261 98 122859
0 1 39 184516
0 112386 92 67081
0 2000000 89 4271
0 2000000 29 137048
0 2000000 21 131827
0 2000000 15 165307
0 18 90 161732
0 1302069 71 122846
0 2000000 5 122872
0 37 75 165474
0 8 14 75425
0 12 50 182174
0 19 15 35355
0 2000000 36 69667
0 82 82 122863
0 2 3 160396
0 5 9 47025
0 28 28 131555
0 51 51 63684
0 662390 86 87587
0 42 87 122842
0 2000000 34 122870
0 2000000 43 93581
0 2000000 100 107784
0 14 39 122848
0 71 71 122870
0 26 40 122843
0 79 78 122842
0 23 85 4179
0 25 90 122860
0 39 84 122857
0 2000000 91 75094
0 1240562 54 60934
0 12 12 122844
0 2000000 63 122842
0 36 40 198249
0 43 43 98947
0 2000000 47 122843
0 1587246 31 140245
0 31 44 122849
0 17 22 122842
0 1480094 3 122853
0 2000000 69 139048
0 2000000 42 99145
0 8 14 80768
0 1733846 3 122871
0 93 93 5892
0 2000000 94 122861
0 261748 88 80165
0 40 57 122864
0 83 87 122867
0 57 57 122870
0 1 14 117279
0 63 63 122863
0 2000000 23 88398
0 401371 30 122869
0 66 76 122844
0 2000000 39 3930
0 37 37 122870
0 4 4 122863
0 27 38 122869
0 118732 5 7814
0 11 11 122845
0 42 54 122866
0 1 1 122847
0 33 28 122845
0 2000000 98 122868
0 2000000 66 100385
0 53 51 107128
0 463151 21 130372
0 70 69 90091
0 2000000 95 110906
0 13 31 122869
0 2000000 81 15942
0 2000000 27 194548
0 2000000 33 42176
0 15 18 66460
0 14 27 122859
0 5 43 26365
0 82 81 45800
0 37 38 122865
0 25 29 122853
0 1312741 16 122871
0 55 52 127638
0 94 90 122848
0 2000000 56 166990
0 347784 40 122872
0 74 76 174240
0 18 18 122870
0 6 9 193386
0 82 81 17017
0 77 72 122858
0 6 6 37930
0 28 34 52755
0 2000000 1 122852
0 2000000 45 125117
0 49 62 122847
0 6 1 191077
0 6 4 85471
0 66 82 102042
0 38 45 122856
