338
24 -32 -68 -48 -95 -20 -90 6 -16 -57 73 6 42 43 11 -52 22 -80 -15 25 44 14 -26 3 93 89 -9 5 -91 -76 -11 -91 -46 -48 91 -77 95 -34 8 24 54 -64 72 14 -82 45 93 100 64 79 77 -13 -1 -41 90 29 17 14 68 54 34 59 -1 -20 -89 63 54 -16 31 84 -73 58 -100 -87 -90 16 54 -88 -33 -21 40 65 -53 62 38 -54 -98 79 -16 -75 -89 11 -50 13 93 -88 21 56 32 26 -64 40 56 56 45 -1 -11 -61 -21 35 55 -7 -94 9 98 1 -15 -29 -25 -54 88 37 51 15 -50 -63 11 -30 -35 -50 -19 88 -93 51 87 -26 3 -50 -100 86 81 34 37 -74 36 -91 49 12 66 -84 90 6 -45 -70 -68 6 82 62 -80 39 -46 -12 80 78 37 -94 44 -42 -49 -40 58 -47 3 -55 0 -83 86 -96 -23 -85 93 48 -66 51 48 51 -78 51 60 85 -80 -99 -65 -83 -65 -80 23 58 36 -84 78 95 -58 -94 90 -62 74 27 -78 -89 82 96 -79 15 -8 7 76 -32 28 -20 47 -69 28 57 94 40 -25 -31 93 93 -9 -12 43 10 24 55 27 -63 -22 38 -68 -33 26 100 -22 90 39 -74 4 -41 -14 -57 -25 78 32 -45 6 80 5 -96 -73 -80 -94 78 42 -24 -60 87 50 -26 -99 54 10 -82 21 -24 100 50 -11 -62 48 35 23 11 -57 20 32 -93 1 74 77 94 4 -4 92 38 -72 -1 -14 92 18 75 -32 -92 72 33 83 -71 18 -74 66 63 30 87 4 94 42 -14 -94 -19 44 -6 -25 20 -100 -96 75 35 -9 -55 28 51 59 -78 -81 12 -41 49 51
121768 116392 181117 147137 77776 170063 89211 113874 153533 110144 167205 182909 105800 140050 179310 133170 98209 153429 158023 163086 176803 80980 173077 190765 105268 81736 165757 126925 78311 180268 191183 88801 189214 80569 104391 106152 84396 108966 198586 164517 101715 181321 158954 112377 108766 108217 162332 188030 160996 173543 123325 182106 194597 121285 174509 109674 170915 148723 92409 177227 184754 150689 87175 121665 102209 185675 101463 85380 140303 172673 170931 86478 195603 188181 97401 131545 113364 143150 102485 143751 140259 120971 155338 89119 135999 147649 103385 164845 163410 188743 137615 86499 94439 102551 158412 140273 83105 78823 135310 196833 143784 184040 194514 160016 173049 134287 118940 143246 82605 141313 89637 167217 154535 105533 197520 171809 111615 123462 104650 172631 103115 112823 175678 191728 95863 192156 168563 103366 136632 80253 98865 142971 126475 128214 88524 166706 172945 163909 158798 165677 86987 172459 130292 152050 95483 142529 109012 89028 176625 165930 91945 75643 197353 177161 185028 119039 123253 100368 164511 95581 117213 110047 144092 90625 167170 111372 187854 145778 140714 120994 109417 145444 137048 110261 192538 107705 199217 158637 182290 100309 155937 130838 142046 189117 125477 177310 181371 157338 113083 102624 109594 162696 195681 127986 113135 170429 182702 100162 194642 182480 119821 171648 105179 189733 91309 187437 125337 90079 117820 107374 97149 110781 83748 163128 134667 178322 150371 97031 173154 100856 171943 118348 172492 185840 95142 83569 178671 147512 168404 141899 81819 127380 196202 187877 197070 191183 81629 89344 88838 172386 130861 182827 115180 196896 92403 164093 86143 94926 139921 149852 114532 116493 187230 155815 160714 175388 123836 119478 157187 97499 118738 172293 150615 86329 95676 181646 83382 83329 75669 188118 107415 110522 101232 170170 168603 125333 152757 86138 93515 84611 139578 84599 192545 130949 99407 139732 142075 142080 87549 149161 81041 144956 189735 90870 182026 175498 88913 93362 97053 179289 101949 81715 127549 176434 128609 173274 83456 105720 130184 174653 146005 149310 84136 183163 194059 172313 95520 177077 178941 79888 99845 164687 80323 116381 139943 162809 173383 110060 164399 140665 136626 143103 148361 166285 78796 186747 181868 104356
1000
0 2000000 52 50939
1 51373 26 63228
1 15558 16 46422
1 685900 95 64250
0 1642520 49 54049
0 2584 34 40561
1 549105 85 8697
0 6612 87 20908
0 2736 36 45030
0 4256 56 18686
1 1332153 38 39217
1 462384 78 70053
1 383116 71 44457
0 1562551 18 55032
1 311296 64 16209
0 2000000 74 29466
1 1928115 34 30007
0 6079 80 3735
0 867 67 26593
0 1007225 69 50211
1 2000000 29 106
0 2000000 21 15491
0 2337 90 18514
0 2000000 56 38161
0 1220 16 13021
0 2432 32 67428
0 2964 39 69948
0 1216 16 50430
1 2000000 22 16180
1 2000000 88 13563
1 2000000 80 36005
0 592 72 7296
1 10940 12 24825
1 3724 7 668
1 175105 48 36742
0 2000000 40 62522
1 6260 14 16857
0 2000000 70 30303
0 2000000 1 50656
0 3192 42 40487
1 77828 32 66218
0 1579814 11 69488
0 5626 74 15195
0 4180 55 54739
1 36779 22 14158
1 760000 100 55633
0 2000000 61 35518
0 2964 39 61133
1 104041 37 53902
1 160816 46 25504
1 2000000 7 57056
1 1708542 4 38888
0 7068 93 71164
1 2000000 19 75271
0 4560 60 31725
1 2000000 23 23348
0 684 9 4483
0 2128 28 39551
1 10944 12 25706
0 1454938 6 7348
1 74387 52 64654
0 2000000 50 4432
1 2000000 17 71918
0 3871 51 53194
1 530 3 12204
0 639 34 64175
0 76 1 63206
1 134064 42 24630
0 4332 57 6807
0 6916 91 23071
1 76 1 6096
1 299549 36 71692
0 606 8 58223
0 2740 36 28284
0 2000000 32 69530
1 2000000 92 61421
1 2000000 2 44199
1 3074 11 45095
1 55401 27 70620
0 2683 48 28805
1 160820 46 59390
1 19456 16 36085
1 372404 70 64948
1 282798 61 54103
0 471 31 53653
0 3727 49 54944
0 771798 77 30620
1 2000000 7 39466
1 601996 89 74523
1 405004 73 50129
1 46288 25 39396
1 406954 74 17406
1 2000000 16 41204
0 1909459 91 31137
0 1670 75 47420
1 10939 12 44637
0 6080 80 34214
0 4788 63 18138
0 5472 72 29423
0 2000000 36 41054
0 889 12 41169
0 3420 45 57702
0 1520 20 30653
1 2000000 24 41495
1 366105 88 27365
1 987482 79 69662
0 2000000 71 51621
1 2000000 53 25613
0 456 6 58917
1 657324 93 10407
0 228 15 48877
1 134066 42 43317
1 2000000 97 53252
0 2000000 82 50958
0 870 50 54700
1 77824 32 15952
0 2812 37 50708
1 486396 80 21988
0 2000000 89 57618
0 4115 75 6564
1 562096 86 23483
1 2000000 10 63279
1 16599 17 39849
0 4411 58 30678
1 700417 96 29004
1 492349 89 43210
1 75718 88 37662
1 2000000 39 62602
0 6002 97 49991
0 2000000 93 14925
0 990 13 4270
1 2000000 96 31091
0 1748 23 69532
0 152 2 47286
0 2000000 67 12207
1 462384 78 47678
0 5624 74 38053
0 1701930 15 44847
1 321100 65 48042
0 6612 87 48811
0 4332 57 47703
1 498640 81 32018
1 82764 33 67632
0 1160472 81 71625
1 264556 59 1293
0 838 11 24469
1 2000000 11 9225
0 2356 31 51975
0 2366 41 6505
0 14 45 29814
0 1547164 78 59774
0 6495 95 7711
0 1983430 30 49
0 2000000 73 20522
1 1618 7 54726
1 1001545 54 64221
0 6617 87 39684
0 2437 32 56875
1 649652 98 69631
1 770 31 54896
1 109744 38 18312
1 2000000 76 27248
1 35814 25 59504
0 7387 42 24003
0 2000000 10 67906
0 1991341 81 8199
0 341 48 59330
0 4030 53 67538
1 2000000 66 44055
1 24620 18 54208
1 498636 81 33157
1 246704 94 8952
0 1568492 45 31925
0 2736 36 28684
1 124045 97 29495
0 1584 55 38427
1 657324 93 61137
1 10043 28 59173
0 2200 29 61108
0 2000000 47 53166
1 16101 16 6921
0 4031 53 28852
1 134613 63 52816
1 140528 43 39181
1 427500 75 55488
0 3496 46 52907
0 379 10 48882
0 5320 70 2599
1 398631 19 55334
1 2000000 20 67484
1 130400 62 60100
0 5857 77 10420
0 1914661 81 59271
0 360227 90 74210
1 167879 47 27529
1 467009 95 25753
0 2000000 61 17315
0 1116262 97 74937
1 1312 11 1127
0 2000000 12 40298
1 121502 49 38894
1 2000000 53 63792
1 685898 95 49251
0 6235 82 4261
0 761 10 75018
1 115591 39 64579
0 228 3 70112
0 4453 77 3892
0 2000000 64 42093
1 87361 35 60513
0 651 9 40672
0 7376 97 29066
1 629360 91 65021
1 160813 46 62703
0 3790 96 43229
1 245585 92 66752
0 604 8 25394
0 6767 89 43253
1 238341 56 5881
0 1993041 72 54366
1 10988 29 63598
0 3268 43 13237
0 6764 89 26813
0 6460 85 53619
1 4868 8 35787
1 313049 26 54777
1 68399 30 23210
0 6461 85 69070
1 2000000 26 4300
0 2127 28 55565
0 2000000 70 46388
0 2000000 28 20183
1 273650 87 14748
1 282796 61 8822
0 3667 71 25936
0 5926 78 21442
0 381969 33 44776
0 7520 99 53416
1 615600 90 2742
0 2000000 88 28345
0 1064 14 60846
0 3954 52 46527
1 2000000 25 18202
0 1663344 67 52438
0 2000000 78 37234
0 3235 56 21410
0 2000000 2 46433
1 2000000 88 16588
1 2000000 94 2705
0 2000000 87 37994
0 2000000 75 54939
1 2000000 87 59168
0 480675 89 44300
1 1900 5 6191
1 60114 40 69030
1 206564 54 22781
0 2000000 47 67724
1 97908 48 1761
1 2000000 9 49764
0 2904 49 66140
1 2000000 75 44921
1 1175508 87 73130
1 76 1 67690
0 1604 53 45781
1 427500 75 11085
1 1966568 86 67324
0 3040 40 23570
1 1549731 49 41508
1 108804 72 68486
0 2000000 68 68819
0 3424 62 13422
1 104046 37 59421
1 393984 72 36758
0 135 7 27946
1 7600 10 52488
0 2000000 33 12845
1 238336 56 21962
1 165106 78 44092
0 2000000 43 38545
0 789 51 16032
0 1322 21 74181
1 2000000 10 12431
1 1923601 5 68094
1 43774 24 10344
0 1491 85 63003
0 5016 66 36594
0 380 5 23436
0 6080 80 39449
0 7220 95 18589
0 6004 79 31278
0 3192 42 31183
0 3420 45 34831
1 4860 8 5389
1 2000000 14 28137
0 4631 61 74769
0 683 9 24646
0 98 4 66550
0 2000000 22 65957
0 3344 44 73923
1 997525 45 46227
1 443621 18 64296
1 140524 43 37792
0 5319 70 26615
0 1511 91 39796
0 11 11 17519
0 2570 34 61944
1 341159 67 12427
1 27431 19 10177
1 2000000 12 31503
0 2235 81 66847
0 7526 99 60015
0 2000000 34 58005
1 109744 38 44876
0 138 7 36287
0 5401 71 58594
0 1313878 71 58018
1 2000000 15 46953
0 920248 85 47665
0 214 7 21847
1 11994 36 46464
0 674 19 66359
1 221619 54 49054
0 4556 60 31216
1 1130 7 36775
1 147136 44 42756
1 255667 58 49560
1 77819 32 13239
1 427504 75 30772
1 855202 28 44351
0 5928 78 51906
1 383116 71 1560
1 2000000 32 50428
1 511022 82 64922
1 817552 2 69712
0 4028 53 50976
0 1350162 26 64871
0 1562 47 50938
0 684 9 14413
1 246924 57 62525
1 40209 23 6751
1 2000000 1 42926
0 4184 55 57949
0 760 10 30691
1 25792 34 71897
1 2000000 92 21477
0 606 8 57562
1 551911 99 61943
1 301639 63 31589
0 5548 73 10306
1 2000000 65 59173
0 1651865 49 57820
0 1067 14 53895
1 77824 32 69276
1 2000000 9 64276
0 2731 36 33251
1 2000000 3 73306
0 3647 48 52978
1 361834 69 75014
0 2354 31 66840
0 1638 96 58820
0 2000000 38 46961
1 2000000 44 70318
0 1608488 26 25072
1 1272901 70 46526
0 2000000 1 42062
0 2104 30 8969
1 170244 62 63729
1 2000000 83 11830
1 490842 81 11203
1 588545 88 27748
0 1650022 55 39664
1 278374 79 53169
0 1136350 60 52515
0 2000000 11 27249
0 4633 61 53561
0 1917754 91 51763
1 416175 74 33402
0 76 1 55068
1 1106 4 10704
1 1531270 78 41806
1 237763 90 56548
0 754369 22 72545
1 104044 37 26263
0 7605 100 27464
1 1024365 85 39228
0 3344 44 21386
1 332582 80 57828
0 4256 56 36076
1 1216 4 4354
0 2052 27 6567
1 744876 99 40227
1 2641 7 10879
1 70256 44 11734
0 132596 45 4784
0 2000000 56 1045
1 34496 39 44356
0 1745 23 22394
1 1905 5 32125
1 13272 16 74713
1 1681673 67 29152
0 1876 53 48186
0 420 10 34379
1 76 1 11534
1 63921 29 43645
1 264561 59 60420
0 1331 18 6610
0 304 4 70686
0 2107 41 68996
1 2000000 35 71006
0 6916 91 25098
0 2000000 68 66660
0 304 4 33519
1 48114 36 2030
1 6153 9 68241
1 264556 59 40268
0 430 76 59869
1 810 11 16219
0 2000000 34 52604
0 2000000 70 69182
1 393984 72 59798
1 1362924 73 54657
1 341159 67 2453
0 532 7 35997
1 147140 44 33198
1 2000000 74 62363
1 10825 72 38898
0 3121 41 2578
1 49368 33 2793
0 2000000 30 1525
1 2000000 36 69906
0 3577 47 1164
0 1976 26 45771
1 2000000 24 64053
1 6156 9 3647
1 536251 84 47585
1 181549 56 61681
0 6836 90 63895
0 1129762 52 1888
0 1331789 15 32211
1 290973 62 24933
0 4534 66 34462
0 2000000 66 770
0 1672 22 11564
0 260 4 58111
0 4182 55 4041
1 2000000 90 4631
1 260970 70 26289
1 286 2 62670
1 224791 63 13362
1 175104 48 40863
0 1592 21 45147
1 8099 12 44045
0 2612 48 47874
1 261296 76 21982
1 79152 46 3220
0 2000000 89 48799
1 19458 16 27081
1 303334 65 55781
0 6002 79 46384
1 427496 75 23236
0 2000000 11 41599
1 282799 61 27354
0 2000000 17 17367
1 462381 78 37017
0 38 23 49777
0 1173 36 72043
0 2000000 48 32849
1 2000000 33 27481
1 80458 38 55129
0 1976 26 9097
1 50005 52 14330
1 2000000 51 65451
1 2000000 84 8394
1 12840 13 50947
1 615600 90 1055
0 1444 19 61304
0 2224 65 51041
0 2000000 87 7369
1 153904 45 22598
1 805 6 57054
0 6403 96 57431
0 1891598 56 8497
0 456 6 53931
1 1439144 73 61064
0 301 4 59498
0 1249678 45 59171
1 1184 4 10278
0 1277997 96 19372
0 5315 70 39617
1 4240 15 35569
0 990 13 74641
0 5092 67 69070
1 78128 60 13830
0 2736 36 11621
1 372401 70 20309
0 2000000 98 44138
0 2000000 97 30100
1 24621 18 69125
0 681 9 12566
0 2736 36 28261
1 14896 14 2069
0 2464 67 32797
0 2000000 1 23726
0 2000000 77 58911
0 4636 61 326
0 1894 63 30510
0 4788 63 36146
1 462388 78 40078
1 253247 98 35415
1 14900 14 22191
1 2000000 95 22977
0 2883 38 49788
1 69239 31 75020
1 1626690 33 33322
0 226 69 55516
0 3268 43 64472
1 14893 14 24525
1 939340 13 47474
1 73036 31 72908
1 2000000 58 23868
1 615600 90 15859
0 2429 32 25978
0 4483 59 8656
1 1349926 1 14900
1 73031 31 30287
1 361836 69 58052
1 729901 98 55517
1 263723 80 63069
0 1913370 73 44152
0 2000000 88 45474
0 2000000 54 3690
0 2000000 50 9095
1 1895 5 4678
1 715084 97 60960
1 7600 10 14944
0 1150469 74 56993
1 2000000 36 7916
1 2000000 38 55379
1 1453109 23 11998
0 2000000 27 15179
1 205504 52 60753
1 2000000 24 50579
1 238337 56 72113
1 6156 9 42967
1 40074 73 54529
0 2000000 24 10561
0 6384 84 46618
0 3648 48 42943
0 1506 53 48231
1 77824 32 1017
1 1365860 69 26056
1 2745 11 1216
1 2000000 72 14607
1 75669 32 41778
0 1444 19 37502
0 2125 28 46950
1 575244 87 24524
1 1428532 92 48628
0 2000000 76 23913
0 3548 57 62034
0 483 19 55813
0 1857 94 42205
1 21964 17 32094
1 2000000 47 10335
0 2000000 63 47574
0 880 71 22249
0 2000000 62 49492
1 341165 67 36284
1 93099 35 528
0 2000000 68 59895
1 227805 70 57581
0 23 24 18566
1 509239 13 46858
1 264559 59 31527
1 11745 59 43387
1 550092 18 9342
0 5477 72 48469
1 120490 41 24434
1 40519 33 65972
1 404999 73 8269
0 3272 58 45689
1 47500 25 24331
0 4336 57 17602
1 510290 88 38423
0 1114330 34 6000
0 758 10 57114
1 301640 63 69797
1 190000 50 46316
0 2000000 36 30113
0 2000000 20 43265
0 1442 19 19404
0 6384 84 51127
0 2000000 48 60895
1 238332 56 71041
0 6766 89 50467
1 185714 64 35476
1 321104 65 5113
0 1521 20 21919
1 2000000 57 31586
1 1035988 67 18282
0 2000000 8 59972
0 25 2 70183
0 1585019 13 1002
1 2000000 23 64301
0 2000000 84 61494
1 236913 85 21956
0 2000000 74 48497
0 1046 46 45085
0 4104 54 33814
0 401917 37 17885
1 580 4 68191
0 1964 51 41255
1 944424 26 19316
0 2000000 41 22391
1 685900 95 66704
0 2000000 87 6819
0 3009 49 42406
1 105657 50 10947
0 2000000 10 30491
1 132142 92 8587
0 32 32 3927
1 2000000 64 41604
0 47578 37 27160
1 60862 60 58370
1 416176 74 13395
0 258 55 2381
1 2000000 99 4641
0 6080 80 74590
0 4484 59 54416
0 2000000 13 6910
0 1895 25 46166
0 5548 73 59628
0 5620 74 28973
1 913898 96 54004
0 2000000 2 31172
1 1226 11 55327
0 2000000 4 22088
1 1229981 68 16371
1 58204 69 24608
1 6491 18 8043
1 2000000 11 640
0 6 80 67492
0 4864 64 48133
1 63911 29 37257
0 382 5 72665
0 2000000 75 43343
0 3004 48 14806
0 2000000 11 35061
0 5686 99 53400
0 4104 54 42333
0 2000000 60 24167
0 394 29 36072
1 2000000 30 49170
1 1446762 92 65086
0 2000000 19 30686
0 215 20 6424
0 1201 63 9799
1 372400 70 44828
1 2000000 80 51478
1 680534 64 17179
0 1677 22 57313
1 7622 34 29784
0 1995943 88 27412
1 2000000 11 18834
1 311299 64 25633
1 18808 19 1690
0 5872 93 35075
1 1971183 67 51039
0 62 2 62199
1 55404 27 56249
0 145 3 17975
1 304 2 63294
0 6080 80 33472
1 2000000 11 51859
0 2000000 1 25657
1 153897 45 12786
1 3317 31 20824
1 33861 99 1624
0 1560897 54 8772
1 63302 30 46519
0 2735 36 33941
1 2000000 42 40036
1 2000000 66 25811
0 1382387 93 25388
1 643259 92 61364
1 684 3 62176
0 1162469 24 71780
0 2464 73 9970
0 2507 33 35602
1 2000000 82 20877
0 2000000 38 28309
0 2508 33 50317
1 2000000 34 13484
1 10947 12 19078
0 1819 24 58605
0 3191 42 44311
0 5775 76 67878
1 744701 95 1736
0 255669 44 30393
1 36784 22 38883
0 2000000 55 28441
1 48079 29 68822
1 2000000 24 36450
0 1704328 72 30718
1 2000000 45 33583
0 2000000 60 54702
1 11427 66 68777
1 2000000 61 40453
0 779481 21 27259
0 2000000 56 66417
1 301643 63 43480
1 14896 14 56889
0 2000000 90 18728
0 2815 37 15157
0 776422 61 36235
0 2000000 32 20479
0 2000000 15 20968
0 721 19 28668
0 6685 88 75482
0 2000000 41 32989
1 2000000 97 27768
0 7146 94 26210
0 710828 92 6359
1 2000000 35 19983
0 3037 40 70746
1 961 4 15212
1 153107 46 37204
1 224743 89 24714
1 68403 30 68335
0 3182 81 75211
1 21966 17 39131
1 361836 69 26569
1 405004 73 12275
0 6992 92 64330
0 2000000 35 54940
0 2000000 50 43552
0 1944 40 71501
1 98494 36 42853
0 5258 93 50831
1 671536 94 59480
0 2000000 44 3265
0 6305 83 62112
1 2735 6 47143
1 14891 14 64819
1 2000000 14 23065
0 4484 59 51188
1 2000000 40 4012
1 180648 42 22781
1 2000000 11 66523
1 282796 61 34599
1 1150696 63 67816
1 2000000 39 71884
0 2000000 18 16119
0 1673 22 12486
0 911 48 26343
0 1062 14 60377
0 2000000 15 23497
1 98501 36 48528
1 1059749 32 13473
1 416173 74 27776
0 2888 38 13935
0 532 7 31231
1 17088 15 11212
0 2000000 56 69812
1 451533 99 25670
1 695 15 20688
0 994 65 13402
0 943 42 21464
1 299 2 46077
1 109744 38 2936
0 1824 24 59815
0 2052 27 21296
0 2000000 91 30664
1 175104 48 11005
1 2000000 10 20974
1 98491 36 47578
1 1900 5 73131
0 1902 25 68191
0 2000000 19 30519
1 334035 90 62878
0 6002 79 70467
0 6159 81 17139
1 4866 8 32018
0 684 9 57
1 2658 44 58808
0 803496 33 67553
1 232846 44 50246
0 6381 84 41805
1 588544 88 24081
0 5472 72 34768
1 229900 55 38516
1 2000000 66 12700
0 2000000 58 29319
0 2128 28 6405
0 2000000 78 59317
0 1714 43 42843
1 70646 65 12066
0 2000000 19 71494
1 2000000 76 49879
0 4260 56 41158
1 27439 19 58942
1 657322 93 67844
0 6612 87 67700
0 3812 81 47614
0 3724 49 24719
1 2000000 47 43790
0 6688 88 18843
1 2000000 96 39743
1 11451 15 45005
1 2000000 81 40031
0 3138 67 14110
1 21963 17 30961
0 834 25 18018
1 2000000 97 59799
0 3929 87 48380
0 941 41 13334
0 4862 64 73217
1 2000000 95 14258
1 22142 24 19688
1 2000000 79 13986
1 477447 97 48457
0 3195 44 22146
0 603 8 4774
1 988606 49 65914
0 2000000 36 19939
0 4700 62 1488
0 2660 35 22263
1 427495 75 54158
0 2000000 70 17226
0 753 93 9357
1 1604702 22 2351
1 292144 62 65987
1 118794 53 41286
0 6616 87 72057
0 3635 55 9413
0 540714 78 41030
0 3572 47 56174
1 760000 100 44757
0 2000000 36 51639
1 643264 92 6776
0 2660 35 34066
1 167392 92 8568
0 1523 20 29917
0 5240 69 45253
0 2584 34 55201
1 2000000 43 9383
1 167884 47 32320
0 2000000 51 17590
0 1360118 17 4307
0 4823 77 73331
1 2000000 89 48462
0 5019 66 62147
0 2000000 32 46677
1 2000000 100 41296
0 2000000 81 51890
1 700421 96 42744
0 2000000 36 17815
1 601995 89 64697
1 601995 89 5851
0 2000000 60 29246
1 98498 36 20884
1 1623 8 13043
1 2000000 77 66451
1 273605 60 72392
1 129 17 24345
0 3496 46 29060
1 1216 4 34345
1 438976 76 17681
0 839 11 46871
0 4712 62 51260
1 65861 58 34823
1 2000000 81 7761
1 550015 93 34272
0 2964 39 46445
0 6696 98 54686
0 3992 54 32440
0 2000000 34 15184
0 1295513 18 55198
1 383112 71 39695
0 8 2 29506
0 2000000 43 13249
1 109744 38 41061
0 532 7 41895
0 1061596 73 7572
1 2000000 56 40534
1 2000000 55 70502
1 153899 45 74448
1 82763 33 10221
1 1099015 31 22385
1 22237 41 58960
0 2434 32 57074
0 2048 74 14075
1 615600 90 19691
0 6156 81 27950
0 4864 64 51033
1 729904 98 44862
1 17140 40 63106
0 1729 28 44901
1 2000000 40 64900
0 912 12 22316
0 7604 100 69782
0 2000000 83 25333
1 450607 77 23487
1 2000000 36 12345
0 2733 36 24392
1 196203 77 58687
0 2208 29 71168
1 1214 4 64252
1 36784 22 34150
0 2000000 28 24594
0 152 2 64190
0 7144 94 75499
0 149 2 22894
1 190089 60 46451
1 2000000 93 72852
1 2000000 75 398
0 2466 66 23618
0 2000000 58 56834
1 14896 14 24323
0 146 20 20275
0 235384 90 67784
1 304 2 42538
0 689 9 75434
0 2000000 75 11908
1 127756 41 18547
1 8574 22 28019
1 4864 8 27314
1 2000000 100 57349
0 1281 26 68991
1 2000000 34 16995
0 5396 71 27284
0 2000000 51 64597
0 2000000 22 46453
0 2000000 49 56395
1 121602 40 36973
1 685905 95 19669
1 796323 55 46640
1 474316 79 15499
0 7600 100 44272
1 12846 13 15641
0 2000000 79 27475
1 361832 69 70474
1 2000000 66 52323
1 3720 7 40584
1 55100 70 38200
0 228 3 35991
1 238336 56 7755
1 182476 49 30148
0 6612 87 59861
1 541666 97 67406
0 2663 35 72685
0 109 81 52161
1 493133 29 69830
0 2000000 51 37741
0 1822 76 45534
1 59584 28 11672
1 1026151 27 59737
0 4940 65 6004
0 6081 80 39986
0 1445 19 33202
1 17103 15 40382
1 2000000 14 38856
0 6158 81 55573
1 9508 20 70810
1 450604 77 57298
0 2660 35 72884
0 2000000 7 14345
0 3895 85 43106
1 55404 27 55734
1 3528 9 4603
1 14896 14 60911
1 304 2 63988
1 1331723 40 2206
1 113358 70 46090
1 27197 22 49867
0 6460 85 45797
0 4343 66 6107
1 686 3 33334
0 1444 19 72159
1 606505 67 50165
1 55404 27 29980
1 151864 63 67525
0 1963955 3 56623
1 7600 10 6076
1 2000000 68 59503
0 4565 60 42288
0 62426 28 40425
0 219243 12 17741
1 700414 96 58513
0 6082 80 2355
0 1297 17 58659
1 31951 33 20093
1 301643 63 47566
1 2000000 10 6528
1 2000000 85 49777
0 6228 82 73164
0 788544 47 34357
0 1292 17 61569
0 2587 34 22572
1 68397 30 17374
