700
49 55 54 99 16 19 65 71 14 31 49 16 72 12 26 98 89 82 26 44 86 11 62 43 26 41 56 95 1 82 28 62 81 73 13 12 25 25 33 91 6 6 13 81 28 79 87 86 73 46 27 93 26 70 55 36 67 66 90 41 35 53 8 48 24 71 8 51 35 77 85 49 83 39 96 21 19 74 60 40 95 91 20 75 48 31 13 12 54 77 52 6 70 12 23 16 26 76 45 48 47 75 41 81 44 69 90 1 26 97 22 8 43 4 4 23 23 92 38 53 34 82 62 47 24 7 29 84 94 26 75 58 42 95 30 44 61 8 51 29 24 100 96 53 74 6 8 7 1 73 18 11 24 36 94 52 21 33 43 59 4 64 7 67 31 91 95 97 41 56 63 94 95 99 69 58 35 52 17 29 86 97 45 19 89 43 82 33 85 88 78 43 2 37 78 0 99 14 87 14 92 95 78 5 62 21 23 13 53 12 18 5 74 67 97 59 12 51 72 56 97 78 74 71 38 81 10 33 4 96 39 17 89 20 39 47 72 63 39 64 91 87 62 25 43 9 91 68 54 70 84 58 74 29 84 9 25 26 50 5 21 74 29 40 76 20 76 85 71 91 38 20 31 25 82 36 29 63 63 65 51 43 83 35 79 9 22 50 96 40 64 1 20 18 3 38 75 48 3 77 41 65 7 28 82 35 89 28 56 38 0 21 71 50 75 74 44 23 60 47 34 3 25 69 76 25 66 92 72 70 76 30 37 44 77 73 27 20 54 75 17 9 22 24 9 74 2 91 12 99 40 67 51 88 57 21 44 77 49 43 59 40 79 22 24 60 8 83 53 23 84 76 4 23 90 88 62 58 17 94 35 58 33 93 98 95 46 79 19 84 4 93 88 6 21 19 91 60 86 26 40 47 63 93 73 98 94 79 86 0 74 1 48 64 2 15 62 89 58 2 13 73 7 34 90 47 93 12 63 67 82 26 29 42 18 57 67 43 27 45 0 72 78 82 13 32 75 54 21 58 62 92 35 3 96 39 72 12 90 13 34 33 80 19 100 59 100 22 16 62 92 47 18 80 12 26 25 91 82 23 91 41 15 62 41 63 33 47 96 19 86 58 29 38 23 49 17 79 55 26 59 85 53 30 55 77 34 9 84 54 86 40 69 100 69 22 87 21 45 67 73 27 12 44 89 60 9 93 96 86 88 26 8 81 73 22 32 29 48 9 91 20 44 51 37 68 53 8 87 47 41 71 72 46 68 35 36 38 17 49 50 86 79 49 30 87 75 82 63 37 8 4 59 83 100 25 40 17 14 11 52 70 5 40 33 30 59 91 21 39 15 23 72 70 68 84 50 67 6 33 62 1 86 95 81 74 4 43 3 74 91 2 41 84 12 1 72 99 75 33 94 18 11 82 30 48 39 9 96 5 31 83 95 84 74 53 15 11 22 70 34 30 92 77 77 54 76 75 66 54 85 16 87 38 4 22 41 100 12 24 72 93 57 6 81 86 17 74 47 60 9 31 14 13 98 63 80 25 89 79 25 46 35 81 20 63 52 2 84 99 42 47 4 58 63 56 43 14 79 16 1
1 1 1 12 15 6 1 13 13 17 12 8 17 14 13 22 14 20 25 30 27 18 13 20 33 25 24 37 38 28 28 39 32 38 35 31 45 33 40 49 51 37 34 51 52 39 37 51 46 54 41 61 55 46 47 53 60 66 60 65 60 71 65 61 62 63 57 71 62 62 67 75 68 70 74 67 74 88 85 82 84 81 90 94 94 87 81 80 99 96 83 86 87 96 98 103 96 92 109 91 98 106 96 109 96 98 112 114 109 117 118 119 117 106 115 125 111 128 113 116 128 129 116 129 116 121 117 131 133 120 123 135 127 131 135 126 147 131 132 146 134 134 152 151 140 145 138 145 155 148 151 142 151 149 151 155 154 166 155 169 169 153 157 161 170 176 173 167 165 174 173 182 179 172 175 172 178 178 176 176 191 187 176 180 181 195 182 196 192 186 195 197 197 185 191 206 198 197 191 190 196 195 213 214 214 204 211 210 206 220 209 217 210 210 219 222 225 210 211 215 213 230 216 232 215 224 236 231 224 228 238 222 229 233 241 243 235 242 243 239 239 232 253 246 235 244 244 238 242 254 261 246 254 250 248 258 250 256 263 266 268 262 261 268 255 257 257 268 266 276 272 279 266 268 268 279 281 277 284 272 281 285 275 289 284 290 284 289 285 285 293 285 285 297 305 299 299 302 297 291 294 312 305 295 297 306 308 306 313 305 306 305 314 322 311 313 324 321 312 324 327 320 314 315 327 322 326 334 324 324 336 337 325 324 332 343 329 332 335 349 332 332 346 340 335 355 338 348 353 350 359 355 354 361 352 349 367 353 359 364 359 371 364 367 373 359 366 375 362 373 378 365 376 380 370 379 374 371 369 376 374 390 389 383 385 396 384 394 391 390 384 400 387 399 392 402 398 403 404 395 395 394 412 410 406 407 397 417 408 419 414 406 403 409 413 418 412 416 415 417 412 424 413 430 422 421 437 426 428 434 426 432 428 429 442 435 431 442 439 435 441 435 437 437 454 456 453 452 459 449 453 453 460 445 465 457 451 453 463 454 452 466 461 464 464 465 476 467 465 479 462 468 478 470 478 468 485 477 480 476 491 479 476 485 477 492 480 485 491 494 487 502 490 493 502 498 492 505 501 507 498 502 500 505 510 506 503 501 519 519 505 508 514 506 520 519 517 508 525 529 522 512 514 529 533 534 522 526 522 538 526 542 531 537 541 542 546 547 536 550 542 551 552 547 536 551 557 542 555 553 550 542 557 553 548 557 557 551 565 560 564 564 555 572 572 570 566 574 575 575 571 581 571 581 576 571 577 572 585 585 590 580 583 592 593 596 588 581 579 600 586 587 601 603 598 600 596 594 606 598 605 601 611 606 605 600 606 610 601 619 609 621 617 614 617 613 615 609 625 615 621 627 625 615 623 631 630 623 639 632 640 642 629 639 630 638 647 634 630 640 631 637 642 636 646 643 647 640 653 647 660 648 652 662 654 653 650 667 669 654 668 655 668 672 673 663 671 665 659 675 667 677 669 672 684 666 687 676 685 676 681 684 688 678 682 676 692 694 694 691 699 702 688 686 692 700 696 706 703 710
115
1 2000000 58 142412
0 2000000 44 137261
1 34476 26 65104
1 2000000 91 125620
0 2000000 25 142301
0 2000000 25 41279
1 2000000 27 39402
1 215475 65 128917
1 2000000 6 123192
0 4131 81 2459
1 2000000 46 125602
1 2000000 61 125600
1 148716 54 58845
1 499851 99 83292
0 2397 47 175105
0 2000000 9 125622
0 4182 82 54444
1 2000000 69 9675
0 2000000 72 8040
0 2000000 48 103265
0 2000000 42 3995
0 969 19 125596
1 196044 62 125617
0 2000000 36 125611
0 3570 70 125596
1 2000000 79 125218
1 2499 7 125607
0 4590 90 181266
1 42891 29 125613
1 45900 30 188151
0 2000000 50 15967
1 107916 46 118842
1 81600 40 125616
0 1224 24 125611
0 2000000 46 164809
1 2000000 45 125617
1 2000000 75 137071
1 2000000 51 125608
1 2000000 11 125613
0 2499 49 164537
0 2000000 15 125618
0 2000000 91 125598
1 2000000 32 10207
0 2000000 36 77452
1 112659 47 125606
0 2000000 87 125622
0 2000000 69 125615
1 2000000 18 132135
1 2000000 99 125620
1 2000000 5 143627
0 2000000 8 133277
0 2000000 24 192560
1 2000000 29 146094
0 1122 22 125610
0 2000000 15 6686
0 2244 44 7383
0 2000000 70 76805
0 2000000 92 92971
1 2000000 15 125605
0 2000000 70 90099
0 2000000 46 125604
1 2000000 91 125601
0 3723 73 138764
0 459 9 125600
1 127500 50 184447
1 2000000 12 125623
0 2000000 37 125626
1 2000000 62 74338
0 1836 36 125611
1 2000000 59 35175
1 2000000 56 125597
0 2000000 89 90785
1 2000000 87 125603
1 2000000 4 86695
1 9996 14 125597
0 4233 83 125599
0 2000000 60 125598
0 2000000 27 97053
0 2000000 4 125598
0 102 2 125623
0 4539 89 142518
0 4947 97 125609
0 2000000 73 107099
0 1020 20 84024
1 2000000 16 108300
1 2000000 95 125617
0 3570 70 42801
1 2000000 66 125622
1 2000000 88 125600
0 2000000 59 57995
0 2000000 23 6411
0 204 4 6268
1 85731 41 118483
0 2000000 58 125601
0 255 5 125606
0 408 8 125626
0 1938 38 125622
0 2000000 18 114364
1 2000000 39 64633
0 2000000 38 152755
1 183600 60 56686
1 11475 15 125604
1 2000000 24 125621
1 2000000 74 176641
0 663 13 176244
1 342924 82 125605
0 2244 44 33242
0 2000000 95 184968
1 2000000 75 50151
1 2000000 18 125619
1 2000000 9 83728
0 612 12 125611
1 37179 27 28026
1 2000000 86 125615
0 2000000 63 105368
