1
-83 16
151936
1000
0 2000000 29 8062
1 2000000 75 32107
1 2000000 12 72147
1 95142 31 96805
1 444411 67 50855
0 1677868 96 15666
0 1852558 97 78225
1 2000000 83 99936
0 3068 31 88693
0 7821 79 1758
1 405504 64 60155
0 9603 97 38117
0 8115 82 92873
0 2000000 76 34079
0 2000000 68 52615
0 2000000 10 38092
0 2000000 52 59538
0 8517 86 7375
0 6038 61 61345
1 16731 13 6110
0 3960 40 6955
0 8311 84 14460
1 128300 36 32487
1 292248 63 42472
1 2000000 91 87153
1 2000000 96 76920
0 8019 81 9845
1 31142 51 3823
1 317158 59 96126
1 34089 60 98483
1 2000000 90 11632
1 396106 65 23240
1 586967 77 85224
1 278092 53 88249
1 115152 77 67114
0 2000000 51 28527
1 698544 84 37015
1 1798860 4 46619
0 2000000 4 34964
1 223591 52 91819
0 1710620 30 56222
0 2000000 80 63723
0 1024691 30 84499
0 2574 26 50850
1 891 3 95237
1 586972 77 13277
1 19399 14 69757
1 2000000 81 26515
0 9212 93 75647
0 1089 11 20391
1 837937 92 23204
0 7126 72 23233
0 3168 32 30881
1 444416 67 57115
0 7125 72 69331
0 730423 66 12606
1 899017 68 41133
0 1398 72 81601
1 2000000 37 29075
0 1271 53 33863
1 749334 87 62869
1 215225 79 12933
0 582483 61 4628
0 2085 49 6558
0 2571 26 95357
0 6044 61 36488
1 6333 8 88207
0 4967 65 49695
0 1092 11 87074
0 66127 78 90080
0 200 2 74606
0 701 33 7117
1 32291 24 1321
0 5646 57 65608
1 1839860 57 54378
1 2680 12 58911
0 1132364 69 27182
0 8613 87 27608
1 535638 75 59129
0 2000000 93 50368
0 2000000 20 21737
0 2277 23 42036
0 1173767 49 71632
0 3762 38 23821
1 2000000 36 100250
1 950796 98 21158
1 2000000 43 93618
1 310464 56 52487
1 16731 13 34318
1 698544 84 97584
0 1343408 64 45920
1 395 3 18489
1 2000000 17 51590
1 294109 68 40735
1 95032 48 77518
0 9501 96 52169
0 3821 75 7207
0 2000000 86 3833
1 380552 62 5438
0 8118 82 24887
0 1630 30 17572
0 2000000 73 95636
1 61875 25 78518
0 312 38 4809
0 12 7 37874
1 209484 46 3079
1 2000000 70 70316
1 2000000 59 80723
1 19404 14 15671
1 39595 20 7207
1 2000000 56 92613
1 2000000 57 24086
0 2000000 30 53472
1 1792177 28 54159
0 2277 23 1128
0 3268 33 60331
0 2776 28 81494
1 2000000 34 29570
1 2000000 46 95900
0 2000000 77 38069
0 2079 21 3937
0 3857 55 13131
1 715275 85 47074
0 8019 81 38753
1 1915243 73 11805
1 502812 16 59591
0 4847 49 70171
0 4158 42 55518
0 185907 12 90366
0 6138 62 97884
0 2000000 6 68083
1 215112 70 25866
0 8711 88 52699
0 867085 31 7423
0 2000000 62 99317
0 790 8 60594
1 288681 54 66173
0 6240 63 41753
1 200475 45 95712
0 3469 35 66760
1 107811 33 44787
0 2000000 49 92033
0 2000000 83 66930
1 1703633 100 27151
0 155506 98 8250
1 368378 61 17130
0 3008 71 43163
0 6737 68 94442
0 4358 44 92189
0 2000000 70 69577
0 2000000 31 60011
0 1064 68 69358
0 2867 29 7073
1 12350 12 23330
0 63 90 18376
0 335154 86 53079
0 2075 21 73786
1 1055099 65 21744
1 9904 10 12907
0 2000000 51 64660
0 5846 59 41601
1 2000000 95 61923
0 465246 37 113
0 1876311 54 61987
0 1221879 86 55451
0 8910 90 9724
0 3465 35 11569
1 396 2 53365
1 68898 35 64619
0 6731 68 73496
1 699062 91 14962
1 2000000 65 33443
1 310463 56 93302
1 4848 7 40714
0 4184 97 92814
0 2903 58 93228
0 9303 94 19076
0 2000000 40 11797
0 4847 49 79809
1 196081 55 67994
0 5890 84 24855
1 458072 75 70472
0 6732 68 53891
0 2000000 18 96799
1 406885 17 57954
1 77699 39 64264
0 6431 65 85857
1 30728 23 23937
1 562011 92 19444
1 114444 34 45799
0 2000000 88 56622
1 2000000 22 39484
0 6039 61 45834
0 2000000 96 66817
1 128309 36 27598
1 952236 33 87131
0 2000000 33 37253
1 837936 92 39222
0 5049 51 34522
0 1192 12 11234
1 107810 33 54202
1 418278 65 81799
1 148391 7 93986
1 471151 24 37659
1 2000000 34 79020
0 2000000 43 35406
0 8610 87 98114
1 819819 91 33419
1 139868 49 703
1 25344 16 75977
0 6339 64 40596
0 2000000 21 41564
1 333036 58 80448
0 5839 59 31444
1 2000000 67 26006
0 2000000 78 7466
0 6534 66 93579
1 32081 18 96947
0 3827 72 9003
1 2000000 38 7464
1 749328 87 51356
1 2000000 79 79388
0 4158 42 3613
1 370564 76 14949
1 2000000 6 34275
0 451 24 52521
0 4289 71 86935
1 2000000 60 265
1 3409 7 74810
0 1639 21 1236
0 8707 88 23209
0 5677 79 75186
1 617858 79 79446
1 2000000 1 9613
0 1735217 92 63165
0 2000000 86 34009
1 223583 70 33478
1 2000000 64 40966
1 424841 66 10495
1 2000000 31 98628
1 2000000 36 565
1 665676 82 99442
1 513216 72 83592
1 108193 38 31429
1 2000000 70 25526
1 874764 94 35072
1 52367 23 76978
1 42936 34 12610
1 312866 75 89951
1 542125 74 53465
1 571819 76 86085
0 2000000 58 62000
0 4059 41 63098
0 211 19 77647
1 819815 91 2642
0 148 45 48843
1 2000000 27 46842
1 1940735 61 37195
0 5447 55 92557
1 2000000 25 52935
1 53183 49 68471
0 2478 25 60024
0 6133 62 50617
1 457774 68 37835
0 4027 43 17907
1 22513 20 99063
0 2476 25 78934
0 926 54 75257
1 2000000 5 29447
0 2000000 93 40965
1 5233 13 45641
0 4750 48 48835
1 4337 12 30659
1 2000000 18 10200
1 457778 68 98360
1 1464953 61 40593
1 15124 35 27008
1 89098 30 14102
0 339879 61 53535
0 6732 68 11718
1 912384 96 42081
0 656554 95 35645
1 83260 29 52664
0 1850 45 73189
1 114444 34 95969
0 9702 98 15130
1 473339 90 65499
1 199167 96 9099
0 2000000 99 82734
0 3053 31 41620
1 812621 8 73575
0 2000000 11 49770
0 8419 85 37288
0 9357 99 25305
0 2282 23 100038
1 542124 74 86160
1 101373 32 25238
1 11978 11 42893
1 186585 57 43501
1 47916 22 75811
1 2000000 57 33182
1 191665 44 97999
1 22276 15 39565
0 2000000 63 22236
0 1098 67 89096
1 12142 17 15676
1 912384 96 53890
0 8122 82 65016
0 1202135 35 33293
1 2000000 48 19063
1 211171 72 74031
0 2000000 90 82666
1 19993 18 56575
0 646 30 58726
1 2000000 63 96380
1 6339 8 52678
0 169652 15 13078
0 178 3 45625
0 198 2 33818
0 2000000 88 97405
1 128299 36 93244
1 430272 73 97281
1 2000000 44 79322
1 542124 74 77267
1 485103 70 64234
0 2000000 39 53054
1 2000000 24 10384
1 2000000 91 90831
0 9895 100 2341
0 9410 95 61549
1 24030 21 15176
0 484018 39 97528
1 2000000 53 8065
1 2000000 59 79390
0 2000000 26 83347
0 329 19 8313
1 31156 67 58595
0 2000000 49 46028
1 218694 47 81853
1 2475 5 41881
1 18587 24 24676
0 886 9 10646
1 1652 15 19477
0 1683 17 72170
1 11979 11 84275
0 1678 17 57285
0 2000000 28 60636
1 170636 21 88601
1 2000000 98 63285
1 278091 53 49693
0 432537 23 7948
0 6930 70 4384
1 377 2 19044
1 2000000 35 65954
1 200475 45 34839
0 2574 26 86213
1 200475 45 98976
1 219959 50 100026
1 2000000 82 47930
1 142956 38 67363
0 9504 96 80203
1 571824 76 49439
1 269896 17 22202
0 2574 26 77921
1 285412 65 86826
1 1480999 18 41005
1 2000000 51 5730
0 2767 31 68659
1 771916 42 25580
1 2000000 13 65538
0 4536 69 39256
1 819794 73 72655
0 2000000 69 52669
1 835 4 33221
0 2000000 89 76000
1 2000000 26 46347
0 13349 45 25012
0 1506 34 9416
0 1886 34 91867
0 3465 35 76691
0 2000000 4 73467
1 8023 9 73113
1 2000000 71 2956
1 1564 37 52764
1 457776 68 21048
1 823871 46 20748
0 2000000 21 69835
0 2000000 70 12644
1 4362 8 94091
0 5627 91 77107
1 52370 23 76795
0 3566 36 43231
0 222 21 58769
0 2000000 31 7099
1 2000000 66 65936
0 2000000 37 1244
1 989 29 37170
0 684 7 45947
0 788 8 13222
1 1915983 73 78819
0 426 5 69716
1 299472 55 66478
1 37754 67 7210
1 518453 95 81991
0 2000000 57 80658
0 2000000 96 15583
1 257499 97 62710
0 773155 68 21685
0 3 39 45599
0 2000000 24 74630
0 2277 23 95255
1 1301557 89 78704
1 119408 59 78578
0 3560 92 10400
0 2000000 87 67928
1 893475 95 39825
1 92214 50 88332
0 3071 31 35502
1 990000 100 98044
0 697 7 69746
0 9301 94 99932
1 443297 85 12750
1 274334 68 18434
0 8910 90 28320
0 2000000 5 74049
0 5872 65 66761
1 257494 51 25650
0 5243 53 22750
1 13170 12 23079
0 2000000 34 19218
1 228096 48 19089
1 238797 95 82590
0 1839 41 86922
0 1584 16 51053
0 2000000 47 52333
0 1235 23 98785
0 2000000 72 99735
1 288688 54 77300
1 252081 93 50037
0 4554 46 76009
1 499061 71 20128
1 129631 61 68536
0 6767 78 95264
1 2000000 95 48074
1 302166 56 69238
0 8710 88 34264
0 1386 14 54553
0 7825 79 67662
1 174641 42 35236
1 333036 58 61952
1 2000000 62 26901
0 446 19 20777
1 218694 47 24002
0 2000000 77 67876
0 856148 35 54153
0 127326 53 54626
0 4450 45 66932
1 2000000 98 5846
1 1749329 90 60126
0 323119 52 628
1 682010 83 65772
1 1729500 48 98931
1 53200 32 21517
0 3814 41 14041
1 1312956 13 22422
1 32967 34 97195
0 7425 75 57998
0 94 1 90626
1 39597 20 58655
0 2000000 91 27374
1 418275 65 7727
1 2000000 6 80845
1 2000000 3 44290
0 32 4 95471
1 457776 68 78300
1 2000000 35 5628
0 2000000 33 2605
1 264997 46 67800
0 2000000 73 89988
1 1576583 96 77811
0 6826 69 14647
1 950796 98 24460
0 4258 43 51707
1 114448 34 75294
0 80 6 81553
0 9707 98 69993
0 8816 89 2270
0 598 6 35142
0 313268 47 65133
0 2000000 70 43944
1 8960 43 66470
1 732204 86 20904
1 1513568 61 53443
1 2000000 59 51704
1 35739 19 98875
1 264766 81 15151
1 2000000 88 24644
1 74792 32 85958
1 405504 64 86699
1 233775 78 63568
1 1587938 47 69786
0 6732 68 42875
1 2000000 20 77
1 2000000 95 92843
1 2000000 76 54192
0 6831 69 36337
1 2000000 51 66756
1 113014 44 51179
0 2649 28 87102
1 122173 53 63723
1 2000000 96 84908
1 128303 36 36447
1 732204 86 65215
0 301724 100 36485
0 5452 93 71807
1 344621 59 98164
0 396 25 28884
0 1199 25 42492
1 43659 21 90093
1 2377 6 70592
1 471335 69 20572
1 811264 40 92111
1 121275 35 63756
0 3864 39 68345
1 2000000 90 41976
0 5817 87 91761
0 8321 84 94531
0 5151 52 2194
1 72171 27 58806
1 2000000 78 4336
0 1591 18 63985
1 444411 67 29089
0 974 55 30702
1 860824 3 88502
1 2000000 16 12547
0 9014 91 76319
1 11192 11 22612
0 1941288 45 62060
0 3747 86 41765
1 862000 98 79114
0 2000000 80 32643
1 2000000 60 23708
0 4088 54 19330
1 368379 61 81169
0 6240 63 16577
0 5148 52 48484
1 1500197 50 65736
0 1782 18 98670
1 499057 71 43151
0 1980 20 19962
1 2000000 64 58210
1 732205 86 35209
1 183051 43 31515
0 693 7 57439
0 6934 70 38807
0 1414017 6 73818
1 278088 53 70898
1 2000000 80 51920
0 77 34 30789
1 784181 89 41186
1 856251 93 60081
1 989630 1 29643
1 25344 16 5710
1 2000000 60 56741
0 1033 26 50306
1 1561265 63 43994
1 2000000 70 52616
0 430 52 12299
0 8311 84 2043
0 2000000 42 38542
0 2000000 67 97809
0 967 15 7851
1 1227409 8 90684
1 2000000 98 13018
0 340 27 64846
0 2000000 5 65763
0 4851 49 61215
1 77616 28 85375
0 269 29 85950
1 392926 63 53386
0 3762 38 65387
1 571824 76 49997
1 912384 96 65069
0 2000000 94 60802
0 8715 88 46546
1 95737 84 74755
1 17752 18 31805
1 114280 54 81582
0 2000000 6 33754
0 2000000 37 68437
1 2000000 79 41698
1 43663 21 66761
1 411680 8 34337
0 6338 64 2445
0 1126894 74 15821
1 238362 91 62487
1 25347 16 19971
0 1173063 58 10847
0 3179 99 28234
0 2000000 98 40848
0 2000000 5 61971
1 1194585 49 94438
0 3327 78 38659
1 2000000 5 45039
0 6951 92 54845
0 4752 48 91329
0 1277 47 31096
1 191665 44 13963
0 7029 71 79811
1 114444 34 80936
1 2000000 67 7852
0 1782324 35 87258
0 6974 71 68110
0 945 17 90128
1 784179 89 44596
1 556875 75 7141
0 972700 5 3076
0 396 4 1138
0 2000000 53 92140
1 2000000 64 34519
1 2000000 37 89209
0 3814 98 31084
0 1454 92 39265
1 33195 98 68255
1 732204 86 55379
0 4451 45 17268
0 2000000 40 5180
0 9308 94 84147
1 1899052 26 3899
1 2000000 23 9544
1 21834 19 92744
0 5351 54 87561
0 2452 33 95720
0 4453 45 89436
0 262 82 29373
1 1025988 82 76599
1 1489394 59 70847
1 368379 61 48196
0 434 10 27059
1 142951 38 10821
0 198 2 75235
1 715275 85 65978
1 1686 5 60024
0 2000000 71 71566
1 244395 35 9560
1 158402 40 98291
1 896 3 26520
1 1921340 11 61279
1 931487 97 85847
0 2000000 93 6990
0 8514 86 17396
0 9006 91 37688
1 392931 63 82098
0 2000000 90 10598
1 828007 30 81597
0 2000000 18 89199
1 105374 34 58140
0 5841 59 35330
0 4163 64 37833
1 990000 100 5600
1 114447 34 79585
0 5657 66 34617
0 1792619 33 2010
0 8118 82 61328
1 2000000 50 10376
0 2000000 55 74335
0 7823 79 82064
1 82042 44 1220
0 2000000 75 76950
1 95139 31 29393
1 251 2 80000
1 121402 50 56888
1 6336 8 98154
0 2000000 90 91206
1 649537 81 60211
0 9900 100 50039
1 2000000 58 38051
1 499055 71 45849
0 2000000 46 65576
0 2574 26 78178
0 812 53 51989
1 931490 97 22929
0 2000000 13 2143
1 2000000 5 56168
1 2000000 24 51849
1 1793 18 40572
0 9603 97 84154
0 2000000 13 97381
0 301 16 62503
0 4747 48 73557
1 745254 48 54272
1 52371 23 20660
0 804131 72 43818
0 1735835 66 77248
0 2000000 87 36054
0 6336 64 95592
1 1217 29 40525
1 893444 21 5259
0 1610 29 43025
1 801901 90 86601
0 2090 64 13694
1 183048 43 58018
1 2000000 53 56169
0 5742 58 70556
1 979 4 37639
0 2000000 82 99011
0 1606950 83 32532
0 2460 39 66620
0 7726 78 39089
0 5252 53 63267
1 237699 49 99159
0 4 4 27943
1 22402 16 69482
1 138147 98 83699
1 1435009 35 97070
0 4953 50 95257
0 8913 90 75553
1 333034 58 13677
0 3267 33 73844
0 3964 40 70510
1 2000000 62 95688
1 196143 49 51491
0 1147 41 65648
0 1777 18 61709
1 28154 36 41348
1 698544 84 24005
0 5541 56 29054
0 5940 60 87942
0 8810 89 66090
1 1340043 29 90264
0 4257 43 98442
1 2000000 70 75224
0 201 2 30570
0 5628 70 92850
0 1881 19 77364
1 2000000 89 405
0 2000000 13 5578
1 2000000 16 73346
1 819820 91 53492
0 6628 67 53431
1 105 6 28663
0 1878 19 42893
0 1717 91 1867
1 247500 50 3132
0 2000000 45 87719
0 2000000 34 20133
0 2000000 23 81379
1 43660 21 14268
1 38599 67 51321
0 237634 42 55049
0 9606 97 76679
1 837936 92 78888
1 633598 80 20694
1 321786 65 79996
1 1142176 2 34732
0 5445 55 85258
1 451064 73 52144
1 344619 59 41492
1 2000000 58 65780
1 200475 45 18769
0 2475 25 36899
1 83257 29 69827
1 3193 40 93554
1 109199 36 99213
0 2629 99 84941
0 8019 81 42432
1 626749 86 89507
1 2000000 37 69272
1 142956 38 88357
1 168399 47 58721
0 590 82 45595
1 2000000 26 70666
1 18599 17 58241
1 195876 49 45194
1 183048 43 6555
1 583007 46 6989
0 2000000 5 19906
0 2000000 98 79872
0 1372 30 31955
0 2000000 20 69882
1 2000000 7 18868
1 874764 94 52639
0 2000000 26 47041
0 1982 20 43382
0 3367 34 49499
1 912389 96 59546
1 89102 30 10622
1 174636 42 71153
1 280003 69 4651
1 1881782 29 16437
1 2000000 19 7032
1 2812 14 72723
1 893471 95 63981
1 948769 99 79396
1 97479 78 83889
0 2000000 21 58113
1 140682 86 70819
1 89103 30 38725
1 931491 97 44864
0 1406904 38 24612
0 5643 57 80977
1 240984 100 64684
0 928 12 94787
0 1579 16 66619
0 2000000 37 2942
0 2000000 65 13482
0 6935 70 36106
1 209484 46 5488
0 2000000 76 75082
1 558093 21 80120
0 2277 23 88441
0 4950 50 19127
0 2000000 66 2752
1 617864 79 26971
0 137 65 83183
1 32076 18 79980
0 5243 53 53211
0 8815 89 6846
1 2000000 65 67378
0 6633 67 88589
0 1724 29 8370
1 512222 32 45117
0 9405 95 60634
1 368379 61 81949
1 2000000 29 90353
1 2000000 44 66945
0 8217 83 54325
1 2000000 64 42321
1 4854 7 77038
1 271669 71 57062
0 467 83 57804
1 9905 10 2393
0 9403 95 27603
0 2000000 49 43511
0 2000000 56 76144
1 429269 68 63823
0 3565 36 12772
1 413533 87 95396
1 931490 97 82660
1 222835 53 69255
0 495 5 90636
1 942664 81 36675
1 784179 89 73874
1 57029 24 70331
0 2000000 84 91110
0 2547 42 75431
1 874764 94 7117
0 278 41 43370
1 19408 14 9881
1 78595 31 32011
1 77617 28 60585
1 136928 42 54280
0 1768671 91 87470
0 1428 32 28790
0 746113 77 41481
0 2000000 18 65387
1 356405 60 83839
0 3252 45 59154
0 5184 100 5138
1 20695 23 82371
0 777583 7 21803
0 490 5 16322
0 7433 84 16306
1 1579 4 12100
1 1272377 9 87828
1 2000000 81 53571
0 1059 14 78615
0 9306 94 39439
1 1182227 29 9300
0 2000000 66 63041
0 3564 36 19171
0 4850 72 15793
1 2000000 19 19658
0 5247 53 68445
1 649544 81 87066
1 2000000 94 92519
1 874940 80 69578
1 2000000 78 98808
0 2000000 77 15347
0 2000000 78 57501
1 22280 15 66447
0 812456 1 81263
1 654621 7 27317
1 2000000 45 29328
0 5143 68 78396
0 963023 12 96427
1 28611 17 50960
1 471339 69 80005
1 356397 60 80244
0 5487 89 22673
0 7916 80 55773
1 30 1 23894
0 1940761 46 88227
1 912380 96 73667
1 2000000 26 32016
1 698546 84 63261
1 183056 43 58582
1 1917630 28 78676
0 2000000 53 32923
0 495 5 31563
1 2000000 84 20843
1 2000000 93 81550
0 2000000 55 90528
0 2000000 31 10766
1 819820 91 27338
0 7228 73 50060
0 1028024 8 23733
1 166419 41 38936
1 2000000 18 25239
0 5512 85 60214
0 4154 42 41058
1 571824 76 46015
0 94 28 62487
0 2000000 33 9877
1 556873 75 19047
0 9108 92 39932
1 2000000 45 47555
0 2000000 71 75720
0 2376 24 61522
0 2975 82 58933
1 970299 99 55714
0 7851 100 19023
0 2000000 37 34017
1 2000000 45 66292
1 2000000 69 77507
0 9112 92 61214
0 9009 91 3158
1 562340 78 22786
1 9900 10 25486
0 2000000 98 66062
1 444406 67 10096
1 715275 85 50842
1 2000000 28 65837
0 2000000 76 24592
0 2000000 17 100108
0 2000000 93 75595
1 138514 61 21945
1 2000000 100 45186
0 3778 85 47183
0 2000000 86 79229
1 368379 61 85490
1 644461 27 56190
0 2478 25 90850
1 2000000 82 72263
1 43656 21 33150
1 542122 74 89790
1 2000000 61 41223
1 278089 53 47670
0 2000000 17 88109
1 2000000 12 55212
0 392 47 35477
0 1485 15 5632
1 1933615 99 61080
1 2000000 9 84018
0 2000000 8 24962
1 2000000 97 2805
0 6242 63 57308
1 190638 56 66156
1 1045263 67 5848
0 2000000 94 12111
1 1656335 83 43804
0 8910 90 14311
0 8415 85 8307
0 2000000 20 79816
1 682007 83 24876
1 237699 49 97123
0 2000000 70 13800
0 2000000 9 75176
0 9702 98 64726
1 485104 70 82329
0 5062 64 70311
0 100 1 38679
1 6654 17 32620
1 1198425 63 76240
0 4248 46 75621
1 44682 87 42609
1 2884 6 22224
1 183051 43 87428
1 17251 14 19432
1 72166 27 9417
1 468949 80 20881
0 4258 43 54695
1 43659 21 25094
1 72175 27 87019
0 1284 13 14364
1 2000000 98 13602
1 43654 21 76995
0 6831 69 91689
0 2143 34 9684
1 142956 38 73763
0 435751 13 52726
1 2000000 21 64021
1 2000000 35 11341
0 395 21 53799
0 9900 100 51550
0 2000000 21 13045
1 340717 80 58113
0 1570 47 98375
0 2278 60 4056
1 391171 98 91628
