262
94 -24 -4 38 83 12 -79 8 -28 -17 -19 0 -11 31 17 78 -6 49 -63 77 -1 -25 -60 -31 15 -12 -58 -5 -91 69 23 0 39 -17 12 -5 -28 -98 68 -44 -7 -13 30 -83 78 -58 41 22 -89 13 62 100 -89 -69 66 9 -96 81 -89 -15 87 -77 -57 9 51 91 94 -9 50 -88 -82 49 98 -39 64 -82 -54 62 20 55 59 -30 -72 69 32 63 28 49 19 -16 -79 -68 0 84 -78 77 74 100 24 23 -16 58 33 16 -39 -34 -80 -5 77 54 51 100 -99 -24 84 -56 -23 -12 1 57 2 48 13 -60 -80 65 27 -14 -76 -93 48 -48 88 21 65 -85 -54 -92 -62 48 55 9 -15 85 31 70 -96 50 -65 39 -43 29 -27 31 37 37 -86 37 -70 17 -76 72 -46 37 90 -94 21 -7 -24 -90 -74 -24 99 -12 -39 -12 -62 33 -54 -6 55 96 -70 68 46 -16 4 34 -89 41 -72 -39 -34 -57 96 49 50 -81 -78 -41 -74 -63 62 60 24 33 -34 50 -18 77 12 91 -11 -23 43 -45 66 57 -26 -71 -29 -28 61 -68 24 14 -51 15 -46 -41 9 -69 61 53 52 -66 -73 75 82 -75 -7 -66 -41 -6 -22 58 83 74 96 -64 93 4 12 59 -63 40 11 -56 35 73 36 -40 -23
6 1 11 11 10 16 3 5 5 14 20 2 10 18 21 22 18 28 9 23 18 20 29 15 30 24 29 23 35 36 28 29 27 40 26 27 30 30 45 36 40 41 46 41 53 54 48 43 56 54 45 61 53 55 57 51 56 62 61 59 51 61 64 73 63 74 65 63 61 72 63 75 74 72 85 68 68 88 82 77 88 79 85 84 91 79 90 85 80 85 101 96 96 94 89 90 92 102 98 95 94 97 101 101 98 106 101 117 119 116 111 116 109 117 114 119 125 109 124 114 121 129 131 120 127 128 121 129 130 127 140 140 130 137 132 131 127 142 142 143 143 145 142 143 145 139 145 150 156 148 141 148 162 154 160 153 162 160 166 153 158 165 154 157 160 156 171 161 170 178 179 177 172 172 184 177 178 185 186 182 183 182 178 193 177 184 195 186 194 199 182 190 199 200 193 201 191 193 202 205 204 200 200 197 198 212 210 215 206 201 216 218 205 219 220 222 218 213 229 230 219 232 231 232 222 216 221 220 227 221 241 229 240 239 230 240 243 248 247 247 237 247 238 252 238 254 246 246 252 258 248 246 256 245 256 261 248 263 264 268 260 264
1000
1 2000000 31 170056
0 114 19 170060
0 2000000 6 112835
0 2000000 71 41427
0 564 94 170075
1 216 6 170067
0 2000000 57 157749
0 300 50 170057
0 294 49 61711
0 2000000 87 1811
0 2000000 79 126143
0 2000000 95 60399
1 55296 96 104022
1 2000000 58 43497
1 2000000 12 170080
1 2000000 28 193879
1 2000000 16 170083
0 2000000 32 170071
0 2000000 34 170060
1 58806 99 170079
0 2000000 54 47232
1 2000000 36 138149
1 2000000 54 160953
1 384 8 170056
0 108 18 170057
1 2000000 33 89469
0 2000000 64 170080
0 2000000 56 170086
0 2000000 100 151151
1 34656 76 153382
0 2000000 99 42446
1 12150 45 132295
0 2000000 51 145564
1 10584 42 170080
0 2000000 62 170073
0 2000000 51 170071
0 2000000 96 150429
1 3456 24 27051
1 216 6 108036
0 2000000 74 170062
0 2000000 89 20142
0 2000000 66 34661
1 6 1 136210
1 2000000 13 170058
0 2000000 55 170815
1 40344 82 170068
0 402 67 181543
0 2000000 17 170064
0 2000000 90 170059
1 2000000 10 170077
0 2000000 57 134750
1 2000000 5 178979
1 57624 98 170057
0 198 33 158112
1 2000000 4 120730
1 2000000 79 170062
1 31104 72 138037
0 126 21 60708
0 570 95 170064
1 53016 94 183286
1 2000000 10 145065
1 10086 41 50949
1 2000000 32 105202
1 2000000 45 170071
1 2000000 7 170078
1 2000000 81 155254
1 23814 63 128159
0 2000000 37 170064
0 6 1 137373
1 60000 100 170073
0 444 74 181127
1 2000000 37 35188
0 2000000 89 186844
1 9126 39 92302
1 16224 52 3839
0 2000000 69 31630
1 2000000 5 153401
0 96 16 170057
0 2000000 18 170060
1 29400 70 170074
1 2000000 52 142264
1 2000000 51 199998
0 204 34 170063
1 2000000 58 189508
1 2000000 32 170063
1 1536 16 170056
0 2000000 35 34873
0 18 3 170079
0 234 39 10217
1 38400 80 170075
1 2000000 12 32934
0 2000000 31 153670
1 1176 14 87191
0 498 83 170071
1 294 7 170063
1 5766 31 170060
0 2000000 22 68740
1 43350 85 16347
0 2000000 44 42500
0 2000000 16 60663
0 2000000 90 170086
0 126 21 170076
1 726 11 96532
0 600 100 170086
0 2000000 12 170074
1 2000000 100 173944
1 5400 30 170072
1 2000000 99 14125
0 2000000 78 64672
1 13254 47 170065
0 132 22 170086
1 2000000 96 182546
1 2000000 31 170065
0 2000000 27 27229
0 132 22 168322
0 402 67 170078
0 300 50 142362
0 2000000 30 33681
0 2000000 74 170065
1 2000000 74 157776
0 558 93 170076
1 3174 23 170082
1 23814 63 170085
0 420 70 104342
0 2000000 87 170086
1 2000000 82 134829
0 2000000 14 181853
1 2000000 70 68112
0 2000000 5 86293
0 2000000 76 17825
0 2000000 6 91345
0 420 70 82523
1 2000000 2 170074
1 2000000 26 119216
0 2000000 10 138861
0 516 86 100155
1 12696 46 139013
1 28566 69 182020
1 2000000 77 41346
0 2000000 88 196781
0 2000000 65 141663
1 2000000 43 160066
1 864 12 170056
0 2000000 64 179089
1 2000000 85 170065
0 2000000 39 53472
1 2000000 55 93497
0 324 54 160141
0 2000000 63 170083
1 2000000 67 92680
1 2000000 51 31434
1 2000000 37 188017
1 6936 34 29602
0 2000000 61 154820
1 2000000 85 170070
1 2000000 22 170078
0 2000000 80 69650
1 2000000 93 138835
0 2000000 9 85097
0 2000000 25 95685
1 2000000 76 170080
1 11094 43 170058
0 486 81 50247
0 570 95 170076
0 2000000 21 170056
0 2000000 19 170060
1 2000000 57 37609
1 53016 94 134307
0 2000000 97 43216
1 15606 51 170076
0 90 15 104751
1 2000000 57 125076
0 2000000 42 47550
1 2000000 92 143245
0 2000000 6 63169
0 2000000 26 170082
0 2000000 44 11699
0 108 18 167490
0 348 58 170083
0 312 52 51590
0 2000000 51 146105
1 2000000 65 170064
0 2000000 57 94599
1 2000000 86 60993
0 2000000 13 170076
1 2000000 53 149297
1 1536 16 170077
0 2000000 35 170061
0 2000000 68 170072
0 2000000 69 81
0 576 96 170084
0 480 80 193682
0 198 33 170067
1 2000000 92 19259
0 2000000 65 66096
0 2000000 20 170062
1 4704 28 74380
0 450 75 170071
1 2000000 43 77178
0 2000000 95 170073
0 2000000 47 23298
1 2000000 50 118211
1 2000000 92 164370
1 1350 15 170066
1 2000000 21 170086
1 2000000 44 170070
1 10584 42 26773
1 2000000 65 98402
1 2000000 71 164650
0 312 52 170066
0 2000000 39 15493
1 2000000 91 170073
0 2000000 20 170075
0 2000000 52 75177
0 378 63 170066
0 2000000 49 188512
1 2000000 45 173543
0 2000000 7 89110
0 2000000 79 170080
0 486 81 150813
0 390 65 170086
0 366 61 144084
1 2000000 26 170076
0 2000000 40 101695
0 2000000 40 160191
0 2000000 86 170058
1 2000000 14 170067
0 462 77 116768
1 2000000 73 170083
1 2000000 21 61838
0 2000000 70 41619
1 2000000 99 4345
1 2000000 99 32345
1 2000000 36 83556
1 2000000 31 170070
0 2000000 40 170083
0 2000000 59 170069
0 60 10 26917
1 2000000 48 170056
0 156 26 175040
0 2000000 70 104015
1 49686 91 79300
0 2000000 67 79299
0 2000000 71 170073
0 2000000 49 139690
0 60 10 170065
0 252 42 3930
0 2000000 59 124972
0 2000000 68 93084
1 2000000 72 170081
0 2000000 96 186288
1 25350 65 30857
0 2000000 92 161821
1 2000000 80 170066
1 2000000 70 170057
1 37446 79 73017
1 2000000 91 170064
1 2000000 42 170079
1 58806 99 170076
1 12150 45 198695
0 2000000 70 170065
0 2000000 22 170066
0 2000000 96 93068
0 2000000 97 170071
0 180 30 82024
0 240 40 151173
0 588 98 41155
0 24 4 166390
1 150 5 23984
0 2000000 10 11728
1 2000000 58 170076
0 2000000 36 170066
0 2000000 38 170070
1 3456 24 176614
1 9126 39 170067
1 2000000 76 88612
1 1734 17 170075
0 276 46 26291
0 2000000 82 113635
1 2000000 24 65413
0 486 81 170075
0 2000000 40 125894
0 2000000 72 116748
0 2000000 55 170069
1 44376 86 170066
1 5766 31 170072
1 2000000 74 135014
0 564 94 170086
0 2000000 59 170064
0 2000000 39 19158
1 2000000 27 170074
0 2000000 15 118694
0 2000000 52 77572
0 126 21 122526
1 2000000 84 170078
0 324 54 28589
1 2000000 51 166012
0 2000000 77 28415
0 2000000 71 67281
1 2000000 20 170085
0 2000000 92 170073
0 2000000 82 170069
1 150 5 39647
0 246 41 170079
0 2000000 37 106383
1 2000000 33 40593
1 2000000 69 170072
1 5766 31 83056
1 2000000 42 155893
1 49686 91 12129
0 2000000 37 104059
0 2000000 11 52583
0 2000000 94 45384
1 2000000 60 170059
1 2000000 57 170081
0 2000000 26 170086
1 2000000 41 121222
0 2000000 97 84362
0 2000000 43 170085
1 2000000 80 192043
0 2000000 18 51577
1 2000000 54 170075
0 2000000 92 111262
1 2000000 21 170082
0 2000000 81 615
1 2000000 11 170065
1 2000000 81 170082
0 2000000 38 190859
0 2000000 92 76705
1 2000000 34 7311
1 6936 34 170057
1 2000000 17 164009
1 2000000 64 114229
1 216 6 20103
0 2000000 53 106760
1 60000 100 128613
0 2000000 49 170078
0 2000000 15 170071
1 2000000 27 155373
1 30246 71 34645
1 20886 59 151369
1 2000000 10 131167
0 2000000 25 170058
1 2000000 27 95439
1 2000000 59 170076
1 23064 62 31737
1 43350 85 170080
1 21600 60 76073
1 55296 96 135084
1 17496 54 116774
1 2000000 55 19687
1 9600 40 21097
0 2000000 93 155567
0 2000000 76 170077
0 2000000 90 20949
1 18816 56 170065
1 48600 90 50673
0 2000000 84 66184
1 42336 84 42651
0 192 32 30687
0 60 10 133516
1 2000000 39 115956
1 20886 59 70005
1 2000000 16 170083
0 2000000 16 170060
0 90 15 170086
0 348 58 170076
0 2000000 76 153072
0 426 71 170077
1 2000000 58 99820
1 28566 69 172048
0 2000000 5 170074
1 34656 76 175776
0 2000000 38 57456
0 222 37 170076
1 2000000 67 117091
0 2000000 56 160430
0 2000000 55 170082
0 2000000 91 109973
0 324 54 50243
0 2000000 58 170074
1 54150 95 170085
1 2000000 30 158169
1 2000000 29 170071
0 2000000 77 143090
1 1536 16 154296
1 2000000 31 30069
1 2000000 5 170056
1 2000000 79 78023
0 564 94 170071
1 216 6 125774
0 498 83 154451
0 2000000 37 44609
1 2000000 2 170068
0 534 89 170064
0 2000000 26 170068
0 2000000 26 121615
0 390 65 408
0 498 83 5830
0 564 94 170067
0 150 25 64864
0 36 6 153521
1 8664 38 170066
1 2000000 62 64293
1 4056 26 72736
0 18 3 162576
0 2000000 17 170084
1 33750 75 147510
0 60 10 170080
0 540 90 170079
1 2000000 45 6986
1 54 3 170076
1 2000000 77 170062
0 2000000 81 170082
0 2000000 6 20445
1 2000000 41 170074
1 2000000 29 145612
0 2000000 95 91333
0 2000000 40 70498
1 2000000 60 170063
1 2000000 83 170078
0 378 63 196533
1 15606 51 170064
1 2000000 19 28150
0 2000000 78 170057
0 2000000 22 170082
1 29400 70 170073
1 1350 15 170059
0 270 45 170076
0 2000000 74 170068
0 2000000 54 170086
0 2000000 49 170063
1 96 4 12574
0 2000000 67 170083
1 2166 19 170062
0 2000000 24 117901
1 18816 56 170072
1 2000000 13 33219
1 2000000 81 170071
0 2000000 51 170070
0 534 89 170062
1 2000000 35 170077
0 2000000 39 178262
1 2000000 49 89667
1 2000000 39 167106
1 294 7 170073
0 288 48 170079
1 10086 41 170084
1 2000000 56 170070
1 8664 38 170066
0 486 81 170057
0 120 20 170067
0 2000000 95 161413
0 2000000 62 170064
0 2000000 82 191213
0 396 66 170085
1 42336 84 170071
0 2000000 58 51792
0 2000000 47 100602
1 5400 30 84122
1 2000000 52 170074
0 2000000 62 189384
0 348 58 138307
1 2000000 100 5333
1 2000000 28 170072
1 49686 91 120638
1 2000000 31 170083
0 54 9 149632
0 396 66 170068
1 48600 90 83119
0 2000000 69 14854
0 144 24 170078
0 2000000 2 170080
0 132 22 76029
1 2000000 32 170058
0 2000000 30 127527
1 2000000 48 170085
1 4374 27 170079
1 2000000 54 44984
1 2000000 94 170086
1 2000000 9 191823
0 2000000 84 111462
1 2000000 20 138119
0 264 44 134401
1 31974 73 170086
0 504 84 26142
0 2000000 40 170078
1 5400 30 196741
1 2000000 51 42807
1 2000000 81 133649
0 492 82 170083
0 2000000 85 95602
0 2000000 72 53653
1 2646 21 91066
1 294 7 170074
1 2000000 38 170058
0 198 33 170086
0 450 75 170075
0 84 14 84739
1 2000000 24 170070
0 2000000 81 170059
0 2000000 60 113649
0 2000000 71 166160
1 2000000 86 183404
1 2000000 43 56531
0 2000000 95 170059
1 2000000 19 170077
0 2000000 13 44085
0 2000000 45 132383
1 2000000 100 170063
1 9126 39 184207
0 414 69 170086
1 12150 45 170070
0 2000000 81 170085
0 2000000 63 102157
0 2000000 9 29067
1 20184 58 119740
0 138 23 29825
0 2000000 50 170086
1 2000000 76 49480
1 2000000 77 170084
0 2000000 51 101201
0 2000000 24 62396
1 12150 45 170084
1 2000000 76 54563
1 2400 20 170063
0 2000000 32 1526
0 2000000 33 170067
1 2000000 99 118475
1 2000000 22 68538
1 5046 29 89589
0 2000000 45 81175
1 2000000 12 170083
0 2000000 43 170079
0 2000000 68 170060
1 2000000 13 170082
0 2000000 68 170084
1 60000 100 191764
0 2000000 100 170070
0 2000000 96 170075
0 300 50 170059
0 372 62 44845
0 2000000 48 62561
0 294 49 71351
1 48600 90 132894
0 2000000 21 138009
1 2000000 58 51243
1 49686 91 6881
1 2904 22 92049
0 2000000 70 26961
1 8664 38 170064
1 2000000 22 48397
0 2000000 20 129947
1 16224 52 170056
0 114 19 127688
1 2000000 94 118943
1 13254 47 170073
1 2000000 32 61904
1 40344 82 159355
1 19494 57 19545
0 162 27 170061
1 37446 79 112774
1 50784 92 96947
1 9126 39 157806
0 174 29 170063
1 40344 82 170049
0 600 100 189806
0 66 11 186032
0 2000000 21 170056
0 2000000 17 170068
1 22326 61 154562
0 516 86 170059
0 426 71 170069
0 180 30 54483
1 2000000 35 170072
1 384 8 65545
1 10086 41 170075
0 2000000 14 170076
0 2000000 65 16355
0 150 25 170080
1 2000000 51 170065
1 2000000 93 67540
1 2000000 52 150256
1 33750 75 190467
1 2000000 56 127222
0 504 84 61856
1 2000000 33 170084
0 2000000 72 170061
0 2000000 21 170078
1 384 8 155807
0 2000000 74 164340
1 2000000 54 170077
1 2000000 77 170083
1 2000000 44 78728
1 57624 98 170077
1 2000000 41 170076
1 23814 63 170061
0 2000000 57 170064
0 486 81 170065
1 2000000 2 193862
0 2000000 58 170078
1 2000000 56 170083
0 2000000 32 80540
0 2000000 26 149207
0 2000000 97 36762
0 2000000 7 21263
1 2000000 30 155227
1 2000000 70 32209
0 390 65 508
1 2000000 28 147736
0 294 49 81639
0 186 31 27981
0 264 44 170086
0 2000000 100 159026
1 2000000 65 101125
1 18816 56 189782
1 2000000 61 43833
1 2000000 85 44190
1 2000000 66 42869
1 486 9 170068
1 486 9 197921
0 78 13 170062
0 2000000 12 170062
0 486 81 147109
0 2000000 31 93003
1 2000000 79 82385
0 2000000 22 3970
1 13824 48 170497
1 2000000 14 170063
1 2000000 73 84017
1 23064 62 170083
0 2000000 59 170070
0 474 79 132851
1 2000000 4 4423
1 7350 35 73191
0 2000000 72 298
1 2000000 83 170064
0 2000000 51 170065
0 330 55 170078
0 2000000 20 170065
1 2000000 100 170085
0 2000000 70 170063
1 31104 72 170065
1 4704 28 71943
0 546 91 68657
0 2000000 69 170084
1 2000000 50 170058
0 2000000 42 170082
1 2000000 98 170057
0 48 8 122034
1 2000000 52 170086
0 2000000 21 170077
1 23064 62 42718
1 42336 84 170062
1 2000000 47 115237
0 90 15 106131
0 2000000 3 170060
0 2000000 10 170059
1 7350 35 170071
1 2000000 56 55778
0 2000000 66 170063
0 594 99 8008
1 2000000 15 22367
1 2000000 15 170064
0 2000000 49 150886
1 3174 23 170060
1 2000000 31 170085
0 156 26 48856
1 2000000 43 170064
0 2000000 68 45346
1 2000000 22 170057
1 2000000 75 170057
0 594 99 186685
0 2000000 38 196961
0 2000000 44 2439
1 23064 62 95146
0 18 3 45454
1 2000000 2 19652
1 2000000 59 118595
0 2000000 2 170060
1 2000000 77 170080
0 2000000 5 76828
0 2000000 100 170082
0 2000000 13 53808
0 2000000 71 170063
0 444 74 170060
0 2000000 69 105654
1 47526 89 170068
1 6534 33 126608
0 2000000 80 170085
0 96 16 25020
1 2000000 74 142124
1 3456 24 96885
0 426 71 3011
0 2000000 89 124755
0 162 27 38338
1 2000000 10 187500
1 2000000 8 108486
1 54 3 125376
1 2000000 48 170075
0 504 84 8173
1 2000000 11 69260
0 126 21 170073
1 2000000 20 154410
1 2000000 38 117421
1 1536 16 170065
0 582 97 148614
0 2000000 97 44712
1 24576 64 90249
0 90 15 13379
1 20184 58 170071
1 2000000 28 132345
1 2000000 10 170058
0 2000000 13 170084
1 2000000 23 197438
1 46464 88 124942
1 2000000 62 189641
1 2000000 83 124579
1 2000000 20 58567
0 42 7 34015
0 2000000 31 178182
1 2000000 77 170086
0 2000000 21 161002
0 546 91 4324
1 42336 84 150235
1 2000000 59 139457
0 2000000 6 170066
0 2000000 93 25627
0 2000000 33 94381
0 546 91 128152
1 7776 36 13414
1 2000000 1 170081
0 2000000 1 170057
1 2000000 98 9738
0 2000000 73 170064
1 55296 96 170057
1 5766 31 170059
1 2646 21 188
0 372 62 54556
1 33750 75 170077
1 2000000 42 198951
1 2000000 1 169235
0 282 47 8409
0 2000000 42 170084
0 2000000 93 187743
0 2000000 95 102639
1 41334 83 194743
0 354 59 3806
0 2000000 60 187305
1 2000000 34 43253
1 2000000 29 170072
0 2000000 79 120822
1 2000000 94 170059
1 46464 88 26024
1 3750 25 186311
0 174 29 123328
1 2000000 95 170085
0 2000000 30 27709
0 42 7 170080
1 2000000 3 170084
1 28566 69 25558
1 2000000 61 164969
0 2000000 30 63068
1 2000000 89 168975
1 2000000 4 29617
0 2000000 67 62892
1 2000000 65 170066
0 2000000 49 27334
1 2000000 93 124379
0 468 78 13426
1 2000000 8 170077
1 96 4 71222
0 2000000 40 170065
0 2000000 27 41489
0 2000000 10 115066
1 21600 60 196679
1 216 6 170058
0 2000000 80 170086
1 2000000 17 16504
0 2000000 50 170078
1 13824 48 170062
1 2000000 16 133499
0 2000000 100 170059
0 270 45 181429
0 498 83 11386
0 126 21 170056
1 2646 21 170080
1 2000000 59 29956
1 2000000 99 69187
0 2000000 50 180784
1 10584 42 94663
0 78 13 66259
1 37446 79 30654
0 2000000 43 88876
1 35574 77 170063
1 2000000 14 170056
1 9126 39 88608
1 2000000 97 170078
0 156 26 156970
0 390 65 110928
0 222 37 170084
1 2000000 14 51905
0 2000000 11 100761
0 2000000 17 152618
1 25350 65 86359
0 2000000 88 170086
1 4374 27 170074
0 300 50 169463
1 2000000 8 170081
0 558 93 71391
0 456 76 170060
1 3456 24 104211
0 2000000 27 89026
1 16854 53 170086
0 2000000 39 170079
0 510 85 170058
0 510 85 170076
0 366 61 60419
0 408 68 170075
0 318 53 155588
0 486 81 10232
1 51894 93 29927
1 2000000 93 290
1 2000000 81 170064
0 2000000 17 170067
1 2000000 13 122144
1 2000000 78 83760
0 2000000 71 24315
0 546 91 5957
1 16224 52 159491
0 474 79 170078
1 2000000 84 170081
0 2000000 86 54004
0 2000000 99 116749
0 2000000 87 191541
0 2000000 11 157621
1 2000000 33 193811
0 2000000 14 170077
1 2000000 17 93606
0 138 23 7381
0 510 85 170086
1 2000000 6 170070
0 90 15 54028
0 294 49 10267
1 2000000 10 20692
1 2000000 71 92783
0 414 69 170066
1 54150 95 170068
0 2000000 39 149695
0 2000000 4 55488
0 2000000 4 65742
1 2000000 72 49650
1 2000000 21 170060
1 2000000 39 170061
1 2000000 1 102785
1 384 8 101999
0 2000000 74 122911
0 2000000 52 170084
1 2000000 45 170068
1 2000000 96 170069
0 2000000 69 35090
0 2000000 65 101518
0 2000000 3 154335
1 9126 39 170070
1 2000000 62 98851
1 2000000 71 83029
1 2000000 87 170078
0 2000000 89 198244
0 2000000 22 197005
0 2000000 73 170076
0 234 39 99411
1 2000000 38 169854
1 2000000 23 170077
1 33750 75 170078
1 2000000 59 13677
0 2000000 95 170074
1 6936 34 28286
0 594 99 167024
1 2000000 78 170072
0 2000000 87 170081
1 32856 74 24972
0 342 57 189320
0 2000000 43 170057
1 18816 56 170063
0 2000000 54 170069
1 23064 62 42793
1 29400 70 170070
0 210 35 17124
1 2904 22 23727
0 2000000 40 107654
0 2000000 89 170080
0 2000000 85 173076
1 2000000 45 147112
1 2000000 67 57053
1 10584 42 187015
1 2000000 75 7308
1 2000000 91 150855
0 360 60 170061
1 2000000 11 170067
1 24 2 170057
0 2000000 34 159422
0 2000000 90 5820
1 2904 22 170060
1 2000000 84 170065
1 2000000 72 27759
0 2000000 94 170065
0 366 61 170078
0 2000000 64 170061
1 28566 69 32915
0 2000000 24 170072
1 22326 61 54777
0 2000000 87 96179
1 53016 94 51984
1 30246 71 165055
1 12696 46 105071
1 38400 80 170058
0 270 45 31007
0 2000000 60 37497
1 2000000 44 170080
0 2000000 82 12268
1 20184 58 42783
1 26136 66 95605
0 216 36 137784
0 2000000 38 34587
0 2000000 40 127843
0 492 82 170083
0 2000000 29 86114
0 2000000 92 170057
1 2000000 49 170077
1 2000000 7 171325
0 2000000 77 167167
0 2000000 30 78505
0 2000000 63 170084
0 198 33 54255
0 2000000 4 183492
1 10086 41 62868
0 2000000 2 170073
0 2000000 48 170083
0 480 80 101445
1 1734 17 170074
0 2000000 72 170078
0 2000000 23 170058
1 2000000 89 265
0 594 99 16806
0 2000000 55 86843
0 2000000 17 170084
1 600 10 170069
0 528 88 170086
0 2000000 70 170068
0 2000000 4 170067
1 2000000 21 170081
0 2000000 75 170079
1 2000000 83 170084
1 2000000 30 46971
1 1536 16 170063
1 2000000 14 146310
1 2000000 20 30375
0 2000000 75 170076
0 2000000 68 170057
0 468 78 170066
1 2000000 77 197505
0 2000000 39 178938
0 534 89 61802
0 2000000 32 170071
1 2000000 25 117514
1 2000000 7 57451
0 180 30 14563
1 18816 56 66300
1 2000000 29 97950
0 2000000 28 49646
1 2000000 46 40484
1 2000000 32 170082
1 2000000 97 170060
1 14406 49 170076
0 2000000 64 170059
0 2000000 50 40399
0 2000000 96 170064
1 14406 49 1813
1 36504 78 170061
0 2000000 93 126372
0 324 54 170067
0 174 29 65319
0 264 44 125040
0 102 17 170075
0 2000000 29 71359
1 2000000 38 44793
0 372 62 170065
0 2000000 70 56706
0 570 95 170058
0 2000000 100 13908
0 2000000 3 11050
0 426 71 12139
1 13254 47 185994
1 2000000 31 177890
0 2000000 91 170064
0 2000000 70 170076
1 2000000 6 170076
1 5046 29 170061
0 2000000 18 112936
1 16854 53 146188
