255
-83 51 11 -52 -50 74 77 -82 51 -42 -7 -70 91 44 -72 -13 39 62 35 13 -47 -70 29 -39 19 -48 60 -98 34 -35 -80 -66 62 70 -29 17 -93 1 -79 -52 -19 -34 58 91 -39 17 -25 -63 -86 -76 -11 -15 -75 -83 11 -73 -73 -19 72 67 18 -57 -23 -85 15 98 -61 76 -23 -58 34 28 85 6 -30 91 -69 -2 81 -43 -92 -32 -73 71 8 -38 62 81 46 76 -75 -79 5 41 -54 -20 -85 -43 -67 41 92 26 75 22 -47 66 -22 -25 -93 -27 -56 7 35 -95 -6 87 -3 63 13 -61 44 -21 -25 -43 -16 49 100 -77 44 91 53 -11 14 -24 15 -21 -56 86 35 41 50 -89 57 13 79 -85 -42 -68 19 71 97 17 97 11 -87 -4 71 40 31 -99 -5 60 31 15 -94 43 56 -81 -61 -26 37 86 -82 -46 -47 -14 26 57 82 -97 -75 -7 82 -15 26 100 39 -84 -16 81 16 -35 -44 -95 29 -4 83 19 -76 36 -71 47 -47 2 -1 96 -3 -16 -74 -18 32 68 -89 30 100 -13 -74 -46 -30 89 -15 -90 -15 0 17 86 -77 14 20 53 85 35 18 -61 -82 14 -37 -43 -83 -81 37 91 75 47 -92 -34 -83 7 -11 -92 -93 69 88 -12 -6 25
1 12 3 12 1 1 1 1 17 10 1 15 7 11 11 21 14 25 18 28 25 26 28 25 30 33 31 35 32 31 36 39 30 27 34 43 33 39 38 47 40 40 39 39 48 50 57 58 59 55 48 55 56 57 56 56 60 64 58 63 67 72 58 73 60 57 68 60 67 60 72 75 83 80 77 86 75 77 69 79 84 83 89 89 77 94 97 86 94 85 99 86 92 91 103 99 103 100 92 90 93 93 108 99 108 99 111 103 100 117 109 111 118 111 120 119 112 119 126 120 123 113 114 116 117 128 126 138 119 125 135 140 138 129 136 135 137 134 146 139 137 141 153 142 147 142 155 149 145 146 145 154 150 162 153 156 156 157 155 153 161 154 162 168 169 159 159 175 169 160 181 174 179 181 175 178 179 178 176 176 176 186 180 192 194 195 194 194 193 184 193 196 192 195 199 189 192 195 202 206 193 208 212 202 199 211 212 211 218 219 214 212 216 210 221 211 215 217 212 229 220 216 219 229 223 234 217 223 231 223 223 232 229 237 225 230 238 236 236 249 243 246 239 237 246 255 255 249 240 243 243 247 247 263 262
1000
1 1085007 77 58853
0 2000000 13 156328
0 2000000 87 92759
1 1057008 76 156323
1 2000000 13 156314
1 2000000 73 156315
1 2000000 37 65613
1 2000000 19 198703
1 2000000 3 156334
0 2000000 34 156305
0 2000000 30 50479
0 13542 74 156326
1 2000000 45 154930
0 2000000 49 156317
0 2000000 12 156321
0 8601 47 67748
0 2000000 83 156312
0 2000000 64 131832
0 15372 84 156330
0 2000000 38 156334
1 52887 17 129505
0 2000000 7 156330
0 2000000 60 156331
0 15921 87 156326
1 2000000 60 26920
1 2000000 58 156317
1 80703 21 156312
1 2000000 23 91065
0 2000000 96 156308
1 2000000 81 156314
1 2000000 100 151011
1 22143 11 156328
0 2000000 53 104756
1 2000000 79 65209
0 2000000 52 156313
0 1098 6 140766
1 1793583 99 108015
0 2000000 14 156325
0 2013 11 156330
1 2000000 69 35987
0 2000000 79 156312
0 2000000 81 112543
0 18117 99 156323
1 2000000 75 88885
0 4026 22 156331
0 9699 53 156311
1 2000000 60 68176
1 2000000 49 4409
0 2000000 60 44237
0 4941 27 189898
0 2000000 35 152655
1 2000000 100 156308
1 1582767 93 156319
0 8784 48 156322
0 8601 47 156331
0 2000000 11 123670
0 15189 83 156327
0 2000000 59 156314
0 2000000 9 156331
0 16653 91 163641
1 2000000 23 156335
0 12078 66 156315
1 2000000 8 194460
1 2000000 11 156319
0 15006 82 8104
1 421632 48 177964
1 114375 25 138957
1 948672 72 156322
0 2000000 30 68943
1 732 2 161794
1 153903 29 27772
1 278343 39 156314
1 2000000 11 129584
0 2000000 44 156334
1 2000000 12 156312
1 896700 70 156324
1 2000000 86 29350
1 2000000 5 156326
1 2000000 41 156312
0 17934 98 124723
0 1830 10 168533
1 2000000 52 156324
0 18117 99 186348
0 2000000 87 59252
0 2000000 84 93708
0 11163 61 76856
1 2000000 13 149814
0 14823 81 156313
1 11712 8 156325
1 2000000 66 153312
1 2000000 57 156330
1 2000000 60 194082
0 5307 29 15605
0 2562 14 2582
0 5307 29 53847
0 7503 41 196195
0 2000000 59 55924
0 2000000 9 156329
0 2000000 88 56447
0 2000000 36 131747
0 18117 99 196542
1 2000000 38 156326
1 2000000 75 156313
1 1260687 83 189531
0 17568 96 156323
1 2000000 57 93392
1 2000000 22 156317
1 1385127 87 106609
0 8784 48 34847
1 2000000 36 126451
0 7686 42 176197
0 2000000 90 26762
1 2000000 4 66341
1 2000000 19 64564
1 66063 19 134780
0 2000000 80 174716
0 2000000 52 156315
1 2000000 77 156325
1 370575 45 156321
0 5673 31 66209
1 96807 23 32902
1 2000000 28 78332
0 2000000 47 156323
1 2000000 60 156305
1 2000000 80 156313
0 2000000 55 156313
0 2000000 68 156320
0 3477 19 156332
1 46848 16 156333
1 2000000 13 143608
0 14457 79 28070
0 7869 43 12825
0 2000000 79 156312
0 2000000 18 156325
1 2000000 25 156321
1 2000000 4 156324
0 11712 64 131954
0 2000000 41 69050
1 59292 18 156321
0 2000000 28 131231
0 2000000 11 156322
1 2000000 99 156313
1 2000000 77 156320
0 2000000 99 156307
0 2000000 1 132560
0 2000000 88 63131
1 2000000 46 156322
0 2000000 61 181482
0 17019 93 156308
0 15372 84 19689
1 73200 20 156309
1 594567 57 120216
1 2000000 8 8371
0 15189 83 175228
0 2000000 97 156311
1 514047 53 156320
0 2000000 15 10238
0 2000000 43 145617
1 2000000 66 47726
0 15921 87 156320
0 2000000 79 156307
0 4392 24 156306
0 12444 68 156331
1 2000000 98 21650
1 773175 65 139590
1 18300 10 156318
0 2000000 63 37043
1 52887 17 156313
0 2000000 96 71346
1 2000000 53 156321
0 2000000 63 25460
0 2000000 6 69025
1 2000000 20 55818
0 5856 32 101276
1 199287 33 114850
1 404247 47 156318
1 2000000 72 84505
0 2000000 19 156322
1 2000000 75 156320
0 2000000 38 163189
0 10431 57 175932
0 2000000 64 156305
0 3111 17 166358
0 2000000 71 93796
0 2000000 76 193993
1 2000000 96 34068
0 18117 99 156322
1 703452 62 156308
0 2000000 6 193470
0 12810 70 39643
1 2000000 23 156319
0 2000000 17 47231
0 4392 24 156324
1 2000000 76 156309
0 2000000 3 69506
0 17202 94 3739
0 2000000 12 57299
0 2000000 59 156333
1 2000000 19 58871
1 2000000 97 58796
0 2000000 34 161874
1 2000000 34 69888
1 773175 65 126476
1 175863 31 9519
1 1171200 80 113135
0 2562 14 156323
0 6954 38 156328
0 17202 94 6898
0 2000000 26 156316
0 4026 22 109790
0 2000000 71 153985
0 8052 44 17041
1 2000000 70 138164
0 2000000 82 156335
0 2000000 12 5317
0 2000000 60 156328
0 8052 44 197546
0 2000000 31 156308
0 2000000 32 21064
0 2000000 96 108709
0 3294 18 156322
1 2000000 50 66778
1 307623 41 156307
1 2000000 45 178825
1 2000000 40 156308
0 2000000 67 158653
0 2000000 95 156324
1 2000000 11 156333
1 2000000 97 156331
1 1029375 75 156330
1 199287 33 137437
1 2000000 92 156324
0 5490 30 8584
1 52887 17 177148
0 16287 89 69135
1 1449543 89 66734
1 2000000 9 156322
0 2000000 21 163201
1 2000000 77 143099
1 2000000 55 152019
1 2000000 70 166979
1 2000000 42 112384
0 2000000 37 64867
0 2000000 10 102280
1 896700 70 156333
0 7686 42 63223
1 2000000 45 146192
1 2000000 34 126916
0 2000000 85 118436
1 2000000 42 156310
1 726327 63 156321
0 2000000 16 59667
1 2000000 76 93504
0 2000000 9 17892
0 732 4 127917
1 2000000 22 156316
0 16836 92 91188
1 2000000 67 24125
0 2000000 38 156327
0 3294 18 156324
1 143472 28 156305
1 2000000 82 115273
1 2000000 25 52604
0 2000000 97 107554
0 12627 69 156329
1 2000000 49 62460
1 2000000 57 130505
0 2000000 96 156318
0 2000000 70 181403
0 4209 23 156335
1 387228 46 79133
1 2000000 45 156306
1 2000000 73 156314
0 2000000 54 156315
0 9150 50 75467
1 2000000 62 136948
1 143472 28 156305
0 6222 34 156329
0 2379 13 84975
1 615612 58 156311
0 8784 48 156319
0 2000000 69 156312
0 2000000 100 183793
0 2000000 1 141352
1 2000000 63 156332
1 199287 33 90620
1 2000000 51 77249
1 96807 23 106685
0 2000000 47 22689
0 2000000 22 156330
1 2000000 44 156320
0 10248 56 117876
0 2000000 62 45451
0 2000000 30 179649
0 2000000 66 111036
0 2000000 51 156318
0 15372 84 156333
0 2000000 95 16557
0 2000000 86 156317
0 12078 66 162074
0 2000000 70 186735
1 1200663 81 156321
1 338367 43 156316
1 2000000 41 103064
1 2000000 99 156317
0 2000000 6 70461
1 896700 70 156316
0 2000000 64 156309
0 2000000 56 20985
0 2000000 39 75826
1 224175 35 94026
0 9699 53 25134
1 514047 53 108772
0 2000000 62 156305
0 7137 39 72315
0 2000000 92 103576
0 5673 31 173548
1 6588 6 47530
0 17568 96 120920
0 3660 20 156309
0 2000000 86 156321
0 2000000 2 156305
0 2000000 33 156319
0 14091 77 99152
0 7137 39 143455
1 2000000 80 80585
1 22143 11 130668
0 2000000 78 110865
0 2000000 58 156311
0 2000000 6 156321
0 2000000 44 49093
1 224175 35 21112
1 732 2 41443
1 2000000 12 156322
0 9150 50 156308
0 2013 11 179193
0 2000000 54 77426
0 2000000 47 156316
0 2000000 55 197120
1 199287 33 101289
1 114375 25 115710
0 13542 74 9772
1 2000000 12 7671
1 514047 53 74062
0 15189 83 156311
0 2196 12 100403
0 16836 92 156329
0 2000000 32 67784
0 3660 20 40570
1 2000000 78 156314
1 1113372 78 156320
0 2000000 49 77680
0 3111 17 156332
0 2000000 17 142376
1 2000000 95 35476
1 46848 16 10735
1 1171200 80 156312
0 4026 22 65577
1 2000000 10 156333
1 1291248 84 120373
1 871263 69 190214
1 2000000 91 156310
1 2000000 43 156315
1 4575 5 66891
1 2000000 98 11043
1 2000000 73 156307
0 2000000 96 19449
1 1830000 100 156314
1 2000000 32 186015
0 2000000 91 156324
1 114375 25 156315
1 1029375 75 159885
0 2000000 77 60149
0 2000000 96 89494
0 2562 14 41803
1 2000000 71 156327
0 2000000 65 156307
0 2000000 48 156322
1 2000000 43 66829
1 1200663 81 156317
1 1651575 95 45207
0 13542 74 146239
0 2000000 26 116643
1 59292 18 65111
1 264252 38 141631
0 13542 74 156305
0 2000000 53 147076
1 133407 27 156310
1 1757532 98 156322
0 2000000 12 156323
1 4575 5 6299
1 821487 67 105735
0 2000000 44 92044
1 1651575 95 156327
1 2000000 9 156306
0 2000000 29 2472
1 2000000 13 156321
1 8967 7 156321
0 2000000 72 156322
0 15372 84 2352
0 11895 65 158887
0 2000000 27 156321
0 10797 59 156334
1 2000000 94 156307
0 6405 35 156320
1 2000000 84 156312
0 2928 16 40610
1 533628 54 156333
0 9699 53 62404
0 2000000 59 156332
1 421632 48 81656
0 2000000 74 83322
1 18300 10 156313
1 533628 54 7453
1 164700 30 181058
0 2000000 85 94677
1 2000000 60 68488
0 2000000 18 122870
1 594567 57 53234
0 2000000 75 156333
1 264252 38 35407
0 2000000 23 77697
0 4575 25 58185
1 1548912 92 156842
0 2000000 6 43317
0 14091 77 28809
0 2000000 79 156335
0 915 5 156325
1 2000000 63 70216
1 2000000 93 136867
1 2000000 23 36015
1 553575 55 156328
1 2000000 25 17253
1 2000000 56 167324
0 2000000 13 23540
0 14274 78 156326
0 4575 25 156317
1 2000000 53 156333
0 2000000 80 111687
0 15738 86 163019
1 2000000 73 124467
1 494832 52 156333
0 2000000 34 156332
1 2000000 3 156334
0 16287 89 54602
0 2000000 18 156315
0 2000000 88 58534
0 6039 33 50383
0 16287 89 121569
0 2000000 32 191213
0 1647 9 38303
0 2000000 46 96377
1 2000000 77 156306
0 2000000 14 156333
0 2000000 61 52327
1 2000000 78 156308
0 2000000 89 156324
1 2000000 54 156334
0 2000000 39 22425
1 439383 49 156324
1 370575 45 156325
1 2000000 16 88050
1 2000000 93 31103
1 2000000 94 13406
1 183 1 113440
1 338367 43 156320
0 16104 88 74607
1 2000000 51 144579
1 2000000 17 156317
1 404247 47 156316
1 2000000 34 70593
0 2000000 95 28681
0 2000000 89 8145
0 2000000 73 156331
1 2000000 17 138806
1 4575 5 62927
1 846192 68 156323
1 2000000 59 156306
1 1057008 76 156307
1 2000000 20 100580
0 2000000 17 156324
1 2000000 61 156314
1 2000000 45 168403
0 2000000 15 72164
0 2000000 42 83289
0 10980 60 48828
0 2000000 76 156332
0 2000000 70 78906
1 2000000 52 165211
1 404247 47 156315
1 2000000 62 156312
0 11529 63 132428
0 2000000 13 108263
1 1142103 79 156309
0 2000000 74 38422
1 637023 59 37255
1 322812 42 20150
1 2000000 86 188728
1 404247 47 62071
1 2000000 45 156327
0 2000000 4 134874
1 153903 29 103398
1 2000000 3 156307
1 2000000 72 156329
0 2000000 73 145082
1 2000000 60 156310
0 2000000 19 117295
1 2000000 92 81864
0 2000000 18 82428
0 2000000 77 66156
0 2000000 48 159663
0 2000000 7 137699
1 66063 19 156323
0 2000000 12 156316
1 2000000 95 126068
0 2000000 31 140080
0 2000000 33 169806
1 1582767 93 46890
0 2000000 59 144870
1 2000000 93 21407
1 2000000 59 156308
1 749568 64 110656
0 2000000 24 167214
0 17568 96 75440
0 2000000 36 142167
1 2000000 36 60046
1 2000000 83 156306
0 11712 64 156320
1 821487 67 156306
0 2000000 100 156325
1 637023 59 156321
0 2000000 92 153322
0 2000000 20 44470
0 2196 12 87409
1 114375 25 71955
0 2000000 10 97630
1 2000000 30 156311
1 2000000 99 12373
1 114375 25 156319
1 2000000 13 156315
0 2000000 53 156310
1 2000000 76 156314
1 2000000 9 156330
1 354288 44 156313
1 658800 60 152595
1 2000000 97 156331
0 2000000 2 35995
1 2000000 55 170620
1 2000000 59 161188
0 4209 23 156307
0 2000000 33 156325
0 4941 27 78070
1 975207 73 74781
1 2000000 44 156332
1 1385127 87 23739
0 5856 32 4465
1 896700 70 189644
1 2000000 26 100672
1 2000000 88 136750
1 1171200 80 70038
1 573888 56 150387
1 164700 30 156327
0 2000000 18 29950
1 46848 16 156305
0 8784 48 149973
1 2000000 61 156305
0 2000000 44 156320
1 224175 35 80095
1 2000000 94 194706
1 2000000 9 156311
0 2000000 50 156331
1 2000000 25 115709
0 14457 79 197721
1 2000000 26 115725
1 2000000 46 176212
1 2000000 10 156331
0 14457 79 155662
1 26352 12 156325
1 2000000 31 196223
1 2000000 52 68117
0 18117 99 42449
1 143472 28 156318
0 4209 23 156335
1 2000000 69 164641
1 2000000 73 20941
0 2000000 58 114781
1 494832 52 9629
1 2000000 89 156331
0 2000000 45 156333
0 14823 81 15014
0 2000000 37 156309
1 2000000 1 156331
0 2000000 67 156309
0 9333 51 29002
0 2000000 39 76945
0 4941 27 156333
1 250527 37 67340
0 2000000 10 159311
0 11529 63 156312
1 46848 16 94328
0 2000000 75 107065
0 4392 24 44266
1 2000000 70 156318
1 187392 32 166558
0 9699 53 84261
1 4575 5 88912
0 2000000 18 142063
0 2000000 12 156325
1 2000000 66 30836
0 2000000 89 156321
0 9516 52 139230
0 2000000 76 196062
1 183 1 192990
1 2000000 58 47149
1 2000000 69 129751
1 2000000 2 110533
0 4941 27 64702
0 2000000 90 156323
1 948672 72 156307
1 2000000 74 156326
1 2000000 86 11388
1 2000000 17 156332
1 2000000 40 82784
1 2000000 36 143178
0 2000000 53 156316
1 1322175 85 156330
1 2000000 10 167105
1 2000000 2 56809
1 2000000 93 117613
1 2000000 20 156327
1 2000000 80 46126
0 2000000 88 29793
1 2000000 56 111889
1 2000000 30 184684
1 2000000 49 156308
1 2000000 63 122168
1 615612 58 118472
1 2000000 44 156327
1 1113372 78 59628
0 5307 29 114157
0 2000000 5 156313
1 2000000 84 77091
0 2000000 100 156321
0 15372 84 104547
0 2000000 89 133802
0 2000000 25 33535
1 1385127 87 77783
1 2000000 53 171240
1 105408 24 45782
0 11895 65 190267
1 732 2 136761
1 2000000 47 189663
1 2000000 12 22581
1 2000000 72 156307
0 2000000 69 120679
0 2000000 77 93764
1 2000000 70 197732
0 2000000 63 156308
0 2000000 31 156310
0 2000000 66 156328
0 11712 64 156322
1 2000000 100 156325
1 164700 30 156311
0 2000000 68 132665
1 2000000 15 7498
0 183 1 18134
1 1200663 81 35978
0 2000000 11 156307
0 16287 89 154743
0 2000000 15 36856
1 1353468 86 156307
1 2000000 23 193348
0 2000000 88 156312
1 2000000 11 156332
0 2000000 73 95302
1 732 2 35229
0 2000000 89 156329
0 6405 35 103002
0 16653 91 136476
1 2000000 71 156322
1 1548912 92 24630
0 2000000 95 156327
1 2000000 61 156315
1 680943 61 277
1 2000000 5 99901
1 680943 61 116403
1 2000000 28 50069
0 5307 29 87843
0 2000000 97 117170
0 2000000 90 156307
1 2000000 56 194001
0 10248 56 156310
1 2000000 68 156324
0 2000000 13 29853
1 2000000 18 156313
1 1029375 75 156323
0 2000000 10 156322
1 2000000 89 156329
1 2000000 48 156309
1 2000000 16 86904
0 2000000 83 103421
0 13725 75 156326
1 658800 60 35733
0 4758 26 32241
1 896700 70 169904
1 2000000 63 156326
1 307623 41 112493
0 2000000 84 185756
0 14274 78 156332
0 2000000 92 156307
0 2000000 52 156310
0 4758 26 156305
1 2000000 36 156305
0 13176 72 187643
1 2000000 32 156325
1 96807 23 156335
0 2000000 46 3999
1 2000000 37 156320
0 2000000 99 124447
1 2000000 1 148812
0 2000000 78 156334
0 2000000 95 132233
1 2000000 58 156327
1 1200663 81 103658
1 199287 33 156325
1 922503 71 59488
1 2000000 74 156309
0 2000000 75 7350
1 2000000 11 7305
0 2000000 80 156322
1 2000000 35 22984
0 2000000 31 73256
0 2000000 53 8013
0 2000000 99 156329
0 2000000 88 156312
0 12078 66 184830
0 18117 99 151455
1 2000000 40 156314
1 1113372 78 32150
0 2000000 65 156332
1 2000000 34 95344
0 2000000 84 82119
1 732 2 127976
0 2000000 71 33787
0 2000000 35 156335
0 2000000 43 157722
1 2000000 83 156318
0 2000000 25 156307
1 404247 47 156318
0 2000000 99 156333
0 2000000 73 128701
0 2000000 64 79941
0 6588 36 443
1 264252 38 156305
0 10065 55 130080
1 553575 55 156308
0 17202 94 156320
0 2000000 94 79821
0 2000000 72 156323
1 2000000 8 156320
1 2000000 37 156327
1 2000000 46 156323
0 7503 41 97325
0 9882 54 25104
1 1200663 81 168612
1 2000000 99 156326
1 797148 66 55893
0 2000000 78 135928
0 2000000 43 156307
0 2000000 50 126622
0 11346 62 156310
0 12078 66 179765
1 573888 56 156314
1 237168 36 156324
1 2000000 76 12344
0 2000000 67 156332
0 2000000 35 156323
1 2000000 21 25799
0 2000000 98 100612
1 153903 29 156330
0 13908 76 20720
1 2000000 11 103340
0 2000000 85 156323
1 1515423 91 145319
1 2000000 97 23481
1 2000000 73 100710
1 2000000 55 156310
0 2000000 96 99191
0 7686 42 156330
1 2000000 54 81205
0 2000000 23 129572
0 14091 77 156320
1 2000000 45 139246
1 421632 48 156309
1 2000000 57 128676
1 2000000 26 29541
1 2000000 55 60134
1 2000000 83 156319
1 153903 29 193570
1 1482300 90 95346
1 2000000 15 168323
0 7320 40 21791
1 264252 38 156329
1 2000000 90 192538
1 732 2 156334
1 2000000 68 156308
1 2000000 6 30928
0 17934 98 75890
1 2000000 84 121123
0 2000000 90 156316
0 2000000 21 156319
0 13359 73 156327
0 2000000 30 156321
1 2000000 49 152291
0 15738 86 156332
1 4575 5 156317
1 2000000 12 156322
0 16653 91 85730
1 2000000 71 156329
1 1686528 96 156315
1 2000000 62 156322
1 2000000 81 196343
0 2000000 60 156310
0 17019 93 156330
1 2000000 38 56764
1 387228 46 129283
0 2000000 11 137170
0 11346 62 156330
0 6954 38 156324
0 2000000 29 72126
1 2000000 75 91317
0 12627 69 58646
0 2000000 4 42378
1 2000000 60 156309
0 2000000 94 26405
1 2000000 73 156320
1 322812 42 73894
1 2000000 68 50927
0 5673 31 11666
0 2000000 69 163132
1 2000000 71 145616
0 2000000 21 156335
1 2000000 80 137457
1 370575 45 44694
0 2000000 19 156322
0 2000000 44 60488
1 1002108 74 61598
1 1721847 97 156328
0 2745 15 62843
1 1142103 79 156322
0 2000000 60 156308
1 1230492 82 183674
1 1142103 79 156328
1 2000000 55 156332
1 35868 14 156313
0 10797 59 23717
1 2000000 56 156325
1 2000000 95 156310
0 183 1 1560
0 2000000 41 142705
0 2000000 36 45780
1 26352 12 62400
0 11712 64 29189
0 10614 58 156322
0 17202 94 27016
1 2000000 30 186854
1 2000000 49 156311
1 1647 3 117091
0 1281 7 156306
1 1830000 100 26101
0 3843 21 137127
0 2000000 70 187877
1 773175 65 69857
0 2000000 20 137079
1 2000000 43 156325
0 16287 89 176420
1 2000000 38 156314
1 2000000 4 172392
0 2013 11 44518
1 2000000 23 15436
1 2000000 55 11374
0 15738 86 102485
0 11895 65 49858
0 2000000 44 156332
1 1417152 88 193333
1 2000000 17 156320
0 2000000 82 96105
1 2000000 25 156332
0 2000000 86 97396
1 80703 21 156323
1 153903 29 168032
1 278343 39 135902
0 17202 94 180168
1 4575 5 146823
1 2000000 42 156327
0 15372 84 569
0 16104 88 71134
0 15738 86 7364
1 2000000 48 14923
0 14091 77 23002
0 2000000 44 156320
1 1647 3 44996
1 8967 7 16185
0 2000000 74 110607
0 2000000 47 15466
0 15006 82 156327
0 4575 25 74774
0 16104 88 156314
0 4209 23 156324
0 8235 45 38388
1 2000000 46 175661
1 2000000 85 156310
0 2000000 76 156319
1 199287 33 172365
0 2000000 97 194742
1 2000000 46 156309
0 2000000 23 102416
1 1029375 75 100006
1 307623 41 156321
1 1651575 95 156334
0 2000000 71 156324
0 2379 13 156330
1 2000000 4 136098
0 2000000 26 113258
0 2000000 33 26449
1 2000000 14 140305
0 11895 65 149089
0 2000000 92 156308
1 2000000 45 39170
0 2000000 47 97716
0 16104 88 156331
0 1464 8 156319
1 2000000 66 156331
1 2000000 61 156327
0 13542 74 39825
0 2000000 94 165314
1 2000000 21 37264
1 2000000 11 89320
1 2000000 61 1739
0 2000000 60 41702
1 2000000 12 120297
0 2000000 81 123280
0 3477 19 81447
0 2000000 59 156327
0 549 3 87705
0 16104 88 156323
1 2000000 11 19400
0 2000000 93 114469
0 12078 66 100230
1 1515423 91 159808
0 2000000 71 156307
0 8601 47 156334
0 2000000 29 130575
1 1793583 99 156311
0 2000000 69 112880
1 2000000 7 156334
1 2000000 71 156335
1 2000000 67 83896
0 2000000 2 130135
1 1449543 89 175631
0 2000000 78 156330
0 2000000 44 156306
0 2000000 49 156320
0 2000000 100 99337
1 1793583 99 156310
0 2000000 58 3571
1 2000000 65 125795
0 17751 97 156309
0 2000000 98 156324
1 2000000 35 75754
1 573888 56 156328
1 224175 35 142518
1 2000000 23 156322
1 250527 37 89114
1 2000000 9 156322
1 2000000 68 126735
1 2000000 82 156330
0 12261 67 34382
0 7137 39 129715
1 96807 23 156317
0 2000000 8 77825
1 2000000 43 42173
1 2000000 10 156325
1 307623 41 156307
0 366 2 174139
1 2000000 65 156306
1 2000000 34 156325
1 2000000 23 156330
1 2000000 40 156321
1 2000000 67 156318
0 2000000 31 112656
1 2000000 67 49862
0 2000000 1 156311
1 199287 33 156311
0 2000000 85 96024
0 17385 95 56430
0 2000000 84 156326
1 2000000 81 153011
1 237168 36 156316
0 2000000 5 156328
