186
-38 86 35 -77 -41 70 33 11 36 -76 89 -81 -64 44 24 -20 -11 54 66 28 80 -65 -67 60 37 62 71 -15 10 -13 -17 15 23 -85 -67 67 -50 -62 27 -87 -93 -63 -13 21 -39 15 65 -32 -41 46 48 11 26 4 -84 -11 -84 -28 -69 91 40 -12 63 -87 15 94 -66 100 43 42 34 -59 96 33 -85 -54 -60 37 -29 -95 53 -24 9 -25 51 54 -47 19 78 19 56 54 49 55 53 17 51 43 -85 44 -44 2 11 -24 53 59 -48 51 -27 -52 -54 80 97 69 -6 12 95 -97 -73 67 17 -42 -26 92 15 93 -33 79 9 90 -61 -58 -57 -34 68 57 14 66 2 -91 -73 86 8 17 25 30 -66 62 -71 -37 2 52 16 -43 -59 45 72 38 66 96 96 -18 29 20 66 7 98 28 -100 87 -5 98 -82 32 -53 -66 -8 87 -85 73 17 20 1 -92 68 42 87
52478 72369 110961 90578 113667 130036 100413 180557 69262 188635 89285 105925 108252 150261 38387 151576 132787 85286 57265 179790 122597 55840 133357 123748 113959 186820 80248 100327 89719 51497 102847 185204 196315 77280 37240 114277 176255 77499 141439 141288 84181 187259 41656 86284 127093 120310 50889 140075 41584 178767 151353 180784 199823 118287 180247 87007 85507 42719 157611 67986 177416 179379 100424 61837 96754 180016 78374 60436 52233 98616 49377 127764 104674 117494 189067 109564 93725 173042 153176 53064 55900 44016 119231 182072 125607 113124 35061 154776 86088 48387 149455 141743 190444 105608 56127 143080 86764 196653 102105 137922 166787 34537 91879 121787 110683 125351 72506 115856 150284 119911 79561 67646 75452 79243 101132 174060 153683 49393 171255 120405 164472 126889 105118 81039 133694 136167 138224 198377 79943 100707 103793 65452 171033 161963 94239 89492 183263 192273 99936 135297 45727 197717 190418 153458 192150 49643 100799 109587 188997 91101 168179 115443 87883 73865 92689 69246 55162 111429 50586 69322 92928 49074 139112 133676 103988 194189 84425 178194 172553 43438 108982 34426 162511 44048 150090 83370 168928 130890 159678 132669 140159 73146 132651 55690 130585 194524
1000
1 676204 70 48431
1 450343 69 151181
1 2000000 2 18398
1 79488 24 1236
1 2000000 62 3098
1 4875 6 34296
1 1071951 28 34309
1 886540 88 56583
1 202781 99 144911
1 1271808 96 36525
1 5722 9 34297
1 715391 72 59196
1 609158 89 34323
1 1088070 93 34297
1 1578186 76 34301
1 2000000 85 8888
1 2000000 83 13218
1 1520954 49 34299
1 559444 48 9580
1 8621 10 34297
1 35323 16 34296
1 568178 65 88949
1 132613 31 155707
1 1020648 86 132312
1 2000000 63 4943
1 64156 46 45111
1 2000000 38 34317
1 150281 33 79407
1 657018 69 34302
1 215402 76 76032
1 927552 83 34320
1 1227762 59 34306
1 138 1 39536
1 432767 56 62110
1 6762 7 70104
1 255162 43 10840
1 141312 32 71020
1 741168 7 84702
1 973733 84 34324
1 846472 45 34309
1 2000000 73 79529
1 2000000 71 3476
1 19872 12 13785
1 950687 83 155198
1 2000000 29 34305
1 2000000 33 176897
1 2000000 40 32115
1 124542 99 34312
1 861260 79 84840
1 465269 64 87375
1 1271812 96 106655
1 2000000 64 34298
1 469197 76 68535
1 49813 19 34301
1 51371 70 195635
1 23322 13 5133
1 735402 73 34311
1 2000000 40 163408
1 15104 12 51494
1 8832 8 37304
1 2000000 58 11592
1 1797215 8 73970
1 41203 22 116814
1 2000000 96 34298
1 169054 35 24642
1 755685 74 34324
1 565248 64 34308
1 1245450 95 15167
1 27051 14 20167
1 1342048 6 108866
1 26801 17 115002
1 2000000 55 6923
1 2000000 10 26933
1 1734636 69 34308
1 220805 40 34302
1 446799 62 34314
1 1044517 87 34311
1 1086 4 105668
1 4033 20 34311
1 672802 28 34322
1 1298442 97 34325
1 556 2 34300
1 28978 17 34305
1 530472 62 34297
1 31050 15 20851
1 619482 67 102954
1 857036 74 34314
1 231977 41 34296
1 2000000 99 33337
1 2000000 12 34320
1 2000000 32 31243
1 619483 67 83308
1 35326 16 73124
1 997045 85 34305
1 345000 50 30054
1 676203 70 34320
1 1142783 91 34315
1 322747 80 80688
1 1245448 95 160179
1 4968 6 4747
1 1315737 59 34300
1 2000000 86 159571
1 2000000 58 16671
1 1117795 90 116339
1 1117800 90 22688
1 784882 46 34304
1 1997704 61 21910
1 2000000 58 179343
1 107683 33 34302
1 2000000 54 47834
1 1332638 33 34306
1 125240 45 34325
1 531294 74 34297
1 634209 38 34314
1 243435 42 34307
1 496800 60 34308
1 63755 99 153832
1 2000000 63 194672
1 1142783 91 34310
1 188927 37 125143
1 108193 28 34300
1 521698 72 16517
1 495739 61 3887
1 42 1 34324
1 883196 80 47664
1 11177 9 34302
1 583050 65 34315
1 755690 74 34323
1 448362 57 7661
1 2000000 3 14438
1 2000000 92 34315
1 2000000 27 34299
1 2000000 88 34305
1 2000000 91 16132
1 161 3 34313
1 1193558 93 75967
1 2000000 45 34300
1 2000000 9 3532
1 124195 30 115342
1 622179 19 34302
1 100402 58 132647
1 1269256 62 138615
1 18330 34 34312
1 125311 49 34296
1 669480 79 34321
1 1739400 25 34320
1 1298445 97 34299
1 788240 92 34308
1 42226 54 34315
1 606198 74 7858
1 1219366 94 34299
1 2000000 55 27488
1 5104 24 34322
1 1991035 17 150199
1 62087 23 34303
1 2000000 7 1090
1 601127 66 34302
1 2000000 60 27541
1 914231 75 34306
1 18645 16 34297
1 2000000 94 10535
1 408965 98 155904
1 23322 13 29771
1 160626 84 34313
1 793481 92 34307
1 2000000 62 20305
1 66792 22 89533
1 1449165 9 172777
1 601128 66 26454
1 2000000 35 34324
1 2000000 89 34312
1 583015 67 21403
1 11176 9 34301
1 138 1 34324
1 2000000 74 55977
1 60158 81 34299
1 2000000 59 8488
1 46233 38 184929
1 115557 35 34304
1 220751 83 34305
1 2000000 8 111832
1 2000000 81 20124
1 520752 63 34316
1 255166 43 34299
1 950687 83 34301
1 202183 46 76118
1 2000000 98 36265
1 158112 85 34304
1 2000000 37 21251
1 79488 24 179097
1 567173 71 34299
1 2000000 47 32108
1 173317 49 43286
1 169050 35 25803
1 208910 86 34314
1 220795 40 181896
1 565248 64 17638
1 22814 78 183755
1 547617 97 135395
1 138 1 2680
1 2000000 82 32035
1 2000000 60 123754
1 2000000 60 34300
1 255928 63 90355
1 3450 5 45958
1 198897 73 121717
1 1168032 92 34311
1 2000000 3 14321
1 1718491 62 91870
1 2000000 42 37821
1 73002 23 30289
1 175983 59 34321
1 2000000 35 34313
1 579932 99 34315
1 161699 57 34324
1 44712 18 4275
1 1204808 62 49220
1 2000000 45 152941
1 2000000 22 32956
1 2000000 26 1443
1 2000000 54 34312
1 2000000 18 129948
1 876771 82 83150
1 115629 54 34306
1 439840 81 34319
1 776250 75 45664
1 619482 67 34311
1 79488 24 9522
1 503057 69 101216
1 320216 51 34304
1 577651 35 48225
1 1109286 43 70171
1 1395991 22 34320
1 211314 40 34317
1 638116 68 34320
1 1325356 98 71369
1 2000000 23 12665
1 2000000 71 7566
1 501 3 199584
1 2000000 69 28568
1 2000000 91 23828
1 16695 11 34323
1 279450 45 129916
1 73002 23 34317
1 7164 8 34318
1 188921 37 34310
1 169050 35 34296
1 674919 1 38860
1 858498 20 34311
1 138 1 21878
1 776250 75 18226
1 35328 16 34317
1 612862 82 154723
1 810609 95 172401
1 448360 57 34303
1 2000000 53 34320
1 417449 55 180943
1 408323 80 34299
1 2000000 10 34307
1 180705 54 34314
1 1829381 20 34305
1 2000000 71 12469
1 797087 76 37697
1 85546 29 34296
1 2000000 51 34311
1 159528 34 34316
1 1068220 60 177298
1 2000000 96 5681
1 118740 37 25600
1 2000000 85 25435
1 40052 53 34301
1 417447 55 111087
1 2000000 20 17818
1 2000000 80 117646
1 402405 54 34305
1 33652 21 34325
1 1247866 49 34304
1 905418 81 170063
1 1352542 99 34326
1 547722 63 16780
1 547722 63 134447
1 715392 72 11470
1 2000000 46 11710
1 766379 9 35044
1 466 2 132022
1 2000000 24 86556
1 2000000 23 149997
1 1461428 80 199871
1 344998 50 34322
1 81643 40 34319
1 1592535 12 175178
1 452235 69 154221
1 2000000 49 2502
1 547723 63 102673
1 432771 56 158588
1 6762 7 14658
1 1982447 69 34297
1 1933081 21 181177
1 2000000 42 30987
1 279450 45 150520
1 560788 79 100298
1 34122 21 386
1 169045 35 34325
1 279450 45 29252
1 2000000 19 5097
1 1717718 84 34307
1 301824 53 34310
1 44715 18 34298
1 1379535 56 34319
1 1380000 100 10988
1 135600 32 34326
1 513496 61 34323
1 2000000 28 36058
1 26128 31 99163
1 2000000 64 46079
1 448362 57 99757
1 417446 55 109193
1 93287 26 14409
1 1001285 99 34316
1 657014 69 34315
1 1168037 92 34323
1 921615 79 47187
1 127294 76 34298
1 279447 45 87105
1 1068669 88 34306
1 1233674 26 34320
1 358938 51 117583
1 676200 70 133149
1 1611329 54 35658
1 36096 30 180624
1 178852 36 68174
1 18606 19 34325
1 465798 32 22046
1 1506866 15 34323
1 234454 48 24817
1 2000000 87 10709
1 2000000 77 27101
1 2000000 43 34309
1 554 2 51502
1 221491 56 34323
1 331337 49 34301
1 2000000 26 22696
1 695658 71 197555
1 2000000 46 34325
1 552 2 10845
1 619480 67 94667
1 496800 60 34320
1 402408 54 14420
1 257875 33 196185
1 1998311 87 34321
1 1928802 64 34297
1 513493 61 34313
1 2000000 7 1010
1 797093 76 160939
1 1271811 96 34300
1 116055 29 34322
1 44708 18 129690
1 611005 84 34316
1 1478237 29 129136
1 403425 100 34320
1 150282 33 82360
1 150283 33 34319
1 2000000 29 34307
1 695658 71 22875
1 188922 37 122994
1 2000000 7 28624
1 49346 77 170821
1 1603403 37 163572
1 2000000 100 34305
1 818202 77 38513
1 2000000 57 14886
1 3450 5 34296
1 665745 15 34315
1 14879 49 34304
1 657018 69 34313
1 549 2 34296
1 122644 41 179572
1 2000000 56 34310
1 950677 83 67305
1 1242 3 804
1 273869 50 14445
1 595157 14 52134
1 157893 47 81212
1 1957328 23 35876
1 688385 74 184215
1 359 2 34325
1 2000000 12 29764
1 308690 78 69537
1 73000 23 34298
1 1496372 84 34310
1 325934 62 34314
1 153616 40 177681
1 304842 47 17919
1 601132 66 178014
1 2000000 68 34326
1 2000000 32 194382
1 46 1 34481
1 1261805 4 36118
1 100602 27 34310
1 658162 54 34305
1 2000000 69 6481
1 1830206 98 34312
1 137826 41 24839
1 55200 20 34308
1 2000000 50 43176
1 1352542 99 159229
1 583050 65 957
1 84340 28 100269
1 54812 49 34323
1 3450 5 34315
1 1245452 95 193281
1 398 2 34305
1 331883 54 123914
1 698357 91 122778
1 432766 56 34302
1 2000000 79 28963
1 1683367 74 34323
1 6763 7 34319
1 1168032 92 90791
1 513498 61 3972
1 13800 10 15189
1 2000000 44 34302
1 676196 70 34323
1 2000000 100 4189
1 93287 26 34297
1 1298442 97 34313
1 4968 6 2073
1 644615 82 34316
1 1361390 11 34323
1 282938 33 147532
1 1834 4 34313
1 55201 20 119227
1 2000000 32 33002
1 52023 89 34321
1 209900 39 144461
1 2000000 25 34324
1 2000000 62 34324
1 5540 17 34323
1 30742 55 175801
1 402408 54 142828
1 417446 55 34308
1 638112 68 34316
1 6762 16 47144
1 82159 32 36502
1 2000000 20 115404
1 1020648 86 34326
1 279446 45 34302
1 790134 42 34303
1 2000000 64 15582
1 2000000 42 34308
1 271014 47 44467
1 373147 52 191674
1 188918 37 34296
1 2000000 58 21404
1 861258 79 114569
1 839596 78 34308
1 49818 19 22153
1 79491 24 131795
1 950680 83 34322
1 927908 82 144442
1 47493 65 34312
1 1117800 90 7739
1 239732 46 34305
1 2000000 99 30045
1 23812 21 186625
1 49816 19 34323
1 132618 31 34307
1 75863 40 34307
1 2000000 23 12945
1 1668700 89 34317
1 373152 52 23663
1 583054 65 34323
1 619482 67 25849
1 2000000 83 14588
1 595661 85 34313
1 601127 66 34308
1 1827753 71 169974
1 255165 43 70970
1 735399 73 84557
1 78599 34 47552
1 2000000 94 34322
1 480383 59 70762
1 204753 50 85789
1 292012 46 34317
1 56254 29 34313
1 997048 85 118634
1 2000000 23 21171
1 1168031 92 82180
1 23323 13 69984
1 619482 67 72751
1 394851 98 34324
1 2000000 44 11645
1 695662 71 34322
1 676203 70 34302
1 2000000 27 178019
1 255162 43 34318
1 1498073 32 34318
1 2000000 100 11222
1 10978 16 34318
1 169050 35 45012
1 72999 23 34323
1 5477 9 66536
1 547723 63 153520
1 547726 63 34306
1 2208 4 5905
1 142078 39 94715
1 149117 61 34314
1 157522 36 34300
1 141312 32 92930
1 2000000 38 5194
1 1168030 92 51552
1 1772036 10 34303
1 420908 62 34310
1 1019788 20 29753
1 845479 98 145361
1 58342 26 187388
1 2000000 38 34296
1 2000000 75 26712
1 2000000 77 34314
1 2000000 79 34315
1 496797 60 34314
1 927909 82 34324
1 102030 58 197577
1 90074 80 118560
1 464229 58 178483
1 1188322 93 61637
1 1219368 94 24097
1 776254 75 159431
1 858350 95 72831
1 220799 40 34296
1 2000000 99 34297
1 387646 53 34313
1 52299 22 34301
1 39884 17 37601
1 983548 36 34299
1 23322 13 81066
1 1121492 83 34323
1 224797 50 87905
1 2000000 39 146550
1 55202 20 134036
1 826032 82 158875
1 284432 47 34310
1 2000000 6 132312
1 2000000 6 78270
1 16910 21 34321
1 506426 61 34303
1 480381 59 102754
1 676199 70 34326
1 552 2 17114
1 638113 68 115121
1 527741 33 3634
1 496797 60 60953
1 2000000 34 34311
1 2000000 80 23746
1 35328 16 4368
1 2000000 77 8571
1 508547 96 148472
1 58835 52 37727
1 271649 91 34296
1 150282 33 34322
1 116058 29 7933
1 3260 5 190532
1 2000000 100 34297
1 147033 77 34305
1 253219 74 14964
1 1360 22 53502
1 150284 33 130261
1 608406 69 55127
1 2000000 50 34309
1 1630642 82 86784
1 2000000 18 34304
1 23263 13 3669
1 861263 79 140654
1 1798057 33 76020
1 292003 46 34322
1 19872 12 31382
1 2000000 51 22727
1 411902 69 199854
1 2000000 16 33878
1 2000000 31 9051
1 2000000 54 16127
1 1044519 87 34308
1 464236 58 45852
1 480380 59 54042
1 1352543 99 63250
1 517515 94 34301
1 114484 29 113103
1 1471813 30 62385
1 755688 74 55239
1 496800 60 34296
1 583050 65 17161
1 2000000 27 29521
1 231914 45 34300
1 5938 24 42111
1 2000000 25 152
1 657020 69 93746
1 2374 7 34297
1 1325352 98 34320
1 839593 78 152759
1 132618 31 34303
1 16698 11 2861
1 948286 95 107722
1 308161 52 34299
1 99065 42 34297
1 31048 15 34315
1 2000000 61 34311
1 1765344 32 34326
1 373152 52 34324
1 521815 49 145627
1 1068672 88 5077
1 1219368 94 16697
1 1093096 89 100729
1 55319 73 127179
1 6508 11 153863
1 1142777 91 92092
1 47173 29 131603
1 60858 21 4821
1 2000000 85 183556
1 715392 72 34307
1 715390 72 151620
1 358938 51 83284
1 735402 73 34325
1 936283 83 173692
1 1298438 97 34308
1 2000000 88 34313
1 85571 36 60283
1 2000000 55 91892
1 108197 28 34313
1 1106128 95 141747
1 55200 20 11155
1 432767 56 158646
1 2000000 46 34317
1 6437 8 60658
1 16698 11 149759
1 209720 89 181435
1 1020648 86 23238
1 867040 43 34315
1 317952 48 23239
1 53992 21 34303
1 1093098 89 30383
1 11183 9 34298
1 1271443 98 34298
1 114255 76 26875
1 60581 22 34306
1 755685 74 34297
1 454539 23 34304
1 92706 63 167292
1 2000000 21 18503
1 106200 58 34314
1 2000000 68 17042
1 905418 81 34310
1 8458 25 21030
1 1068672 88 25945
1 55366 38 34326
1 13485 21 153107
1 2000000 16 34309
1 75563 39 71366
1 7182 16 34323
1 479175 60 109419
1 116598 30 118118
1 254957 37 34321
1 839587 78 34308
1 1532 77 34313
1 51616 40 7437
1 136 2 34320
1 217240 78 34313
1 2000000 24 26750
1 797090 76 34304
1 63748 36 34299
1 2207 4 21642
1 1271808 96 32578
1 1245450 95 144961
1 2210 26 119453
1 160892 78 34298
1 735402 73 34312
1 2000000 20 1466
1 35328 16 34319
1 1117798 90 114760
1 735402 73 34299
1 496797 60 34303
1 2000000 63 34314
1 67901 24 75791
1 497400 94 183934
1 2000000 44 19026
1 2000000 12 171654
1 1861900 61 79016
1 4475 15 160693
1 111391 54 34297
1 243432 42 137627
1 220800 40 22743
1 1044522 87 69098
1 2000000 93 34312
1 387637 53 34313
1 402408 54 27243
1 169404 78 34317
1 124201 30 44801
1 434441 73 34302
1 1117800 90 62672
1 23322 13 34307
1 1680128 92 34309
1 243432 42 23156
1 547724 63 183205
1 367359 80 34317
1 2000000 57 2845
1 109772 36 117662
1 565248 64 2196
1 883198 80 34296
1 1325353 98 34308
1 632959 98 127135
1 513503 61 104680
1 2000000 79 113177
1 1645899 18 34316
1 100576 79 34319
1 60017 33 55426
1 83599 66 152108
1 314600 80 34318
1 729916 93 20813
1 2000000 21 19736
1 2000000 30 7898
1 164083 48 53106
1 50534 21 34301
1 60854 21 66364
1 2000000 75 19490
1 981166 16 59883
1 220800 40 31545
1 2000000 13 91365
1 884833 96 34301
1 2000000 19 17684
1 2000000 73 7580
1 2542 9 34323
1 927914 82 34315
1 2000000 96 60903
1 4966 6 77743
1 1093097 89 34311
1 848167 15 114051
1 1885143 51 34308
1 55303 50 4696
1 797088 76 34320
1 18 1 48154
1 2000000 54 14802
1 2000000 52 44798
1 583049 65 120151
1 2000000 15 34304
1 657019 69 90851
1 2000000 94 34309
1 142279 37 34306
1 95 2 111962
1 2000000 36 34304
1 2000000 19 14408
1 776250 75 34299
1 556 2 34319
1 2000000 7 46588
1 83486 100 123690
1 86247 25 20426
1 1093328 94 34306
1 188922 37 162468
1 950682 83 20775
1 11883 28 34312
1 1298447 97 79185
1 292008 46 34318
1 1125218 60 34309
1 2000000 51 28992
1 601128 66 23653
1 417450 55 34320
1 1045712 95 34297
1 2000000 2 34314
1 1351 5 34297
1 402515 52 34311
1 255162 43 16152
1 494609 63 34310
1 4973 6 34304
1 2000000 58 125407
1 1298442 97 18533
1 2000000 46 2958
1 150281 33 34326
1 927912 82 126105
1 2000000 19 22481
1 2000000 81 34312
1 23322 13 21710
1 2000000 27 34297
1 2000000 8 135924
1 93288 26 34325
1 663921 42 52206
1 2000000 42 175716
1 2208 4 160135
1 883205 80 114084
1 2000000 63 18421
1 116059 29 111762
1 44712 18 12007
1 530472 62 34300
1 638108 68 136884
1 676200 70 34319
1 2000000 89 111871
1 28160 36 34311
1 2000000 47 34316
1 973731 84 49581
1 1030132 92 63271
1 22880 13 60135
1 26874 14 92857
1 80738 98 43639
1 9648 21 137205
1 1271807 96 34305
1 2000000 89 197967
1 6762 7 1493
1 2000000 38 17846
1 387642 53 34299
1 2000000 4 197693
1 26024 25 34321
1 1193564 93 34319
1 2000000 48 188377
1 108809 31 34301
1 141307 32 169735
1 279450 45 34315
1 2000000 66 196051
1 417449 55 95297
1 1366112 85 78836
1 73003 23 34322
1 44892 42 34323
1 8837 8 166440
1 387642 53 34325
1 496800 60 33211
1 220800 40 34309
1 231978 41 56371
1 43868 24 34303
1 513503 61 112080
1 2000000 43 34317
1 745971 99 18256
1 755693 74 34298
1 2000000 75 50925
1 22161 13 15823
1 2000000 10 34309
1 532931 27 132646
1 2000000 70 165112
1 818205 77 34321
1 231560 58 34298
1 2000000 1 168744
1 250070 90 42648
1 427968 62 34325
1 2000000 18 164354
1 326054 89 34317
1 566295 78 34296
1 1696 37 169708
1 108192 28 86138
1 159528 34 112809
1 1298445 97 192530
1 569950 69 143282
1 1243 3 174
1 1962720 48 137218
1 1831625 47 34303
1 687816 86 114936
1 945778 51 117658
1 209898 39 175868
1 336179 53 152773
1 13800 10 126648
1 44712 18 15283
1 2000000 7 34308
1 73000 23 14873
1 220797 40 34307
1 1168035 92 191443
1 583050 65 123803
1 1142773 91 34300
1 716563 49 34298
1 2000000 47 19911
1 216213 68 39258
1 839588 78 34308
1 2000000 29 2048
1 282175 64 34325
1 2000000 37 34305
1 2000000 63 34323
1 16698 11 23702
1 260864 44 93187
1 93088 32 38585
1 1325352 98 34305
1 178850 36 16621
1 188922 37 30766
1 1135601 49 34322
1 169614 78 186353
1 2000000 88 9609
1 220800 40 26332
1 2000000 73 34310
1 2000000 28 16484
1 23326 13 131796
1 91466 60 34310
1 927912 82 34297
1 552 2 25440
1 250318 65 34317
1 16699 11 34307
1 865533 94 34311
1 1117800 90 165388
1 556 2 22060
1 12408 10 34310
1 1868441 31 88089
1 79485 24 168269
1 6125 11 6151
1 2000000 93 34316
1 27048 14 21535
1 1168037 92 34319
1 480378 59 27793
1 394073 55 193558
1 982807 89 34318
1 755688 74 34301
1 13800 10 15863
1 73007 23 34314
1 2000000 84 158217
1 279455 45 29401
1 2000000 37 34315
1 427705 69 180702
1 317396 48 48239
1 8109 33 186895
1 1242 3 95910
1 16129 18 46808
1 592498 92 34302
1 997050 85 34298
1 1271813 96 28989
1 755688 74 34298
1 638108 68 42760
1 27048 14 34308
1 358938 51 125065
1 2000000 37 17060
1 815547 90 21749
1 680566 29 188339
1 276529 70 34301
1 353676 65 90723
1 636684 78 168237
1 287724 78 197176
1 10752 15 177253
1 2000000 41 21702
1 402408 54 34308
1 331338 49 23675
1 193077 69 159997
1 950682 83 11954
1 2000000 42 32595
1 1985672 12 198340
1 199272 38 34326
1 1245450 95 34313
1 304842 47 3846
1 997051 85 15980
1 13803 10 77023
1 9605 94 34312
1 308408 88 58430
1 417449 55 34304
1 331338 49 9021
1 169050 35 14748
1 402405 54 194898
1 267168 44 34317
1 49818 19 63050
1 1300116 98 34312
1 2000000 37 34300
1 530223 15 82056
1 1219368 94 42525
1 686256 75 175824
1 15838 13 34312
1 2000000 97 41752
1 209898 39 17188
1 513497 61 41127
1 762918 79 34319
1 1135286 98 34304
1 2000000 56 23729
1 797087 76 34316
1 6762 7 34307
1 2000000 28 34308
1 2000000 28 12107
1 132616 31 23783
1 1193562 93 34313
1 243867 95 34297
1 2000000 67 15206
1 174239 67 34307
1 168845 48 34308
1 3454 5 34315
1 5236 16 34300
1 108187 28 184909
1 715391 72 133049
1 66792 22 34320
1 1509 25 34299
1 429446 78 34318
1 549 2 34316
1 2000000 86 34310
1 66790 22 34306
1 55203 20 34314
1 1089112 100 110532
1 304837 47 34296
1 556 2 34299
1 1298442 97 62241
1 62966 24 34300
1 4631 54 192061
1 2000000 49 154286
1 54039 31 196921
1 211655 25 34316
1 317952 48 34320
1 818205 77 128175
1 2855 13 6416
1 11364 31 34320
1 2000000 5 30439
1 169050 35 1750
1 1985397 29 150962
1 2000000 97 34301
1 387642 53 65593
1 253830 61 116947
1 231976 41 34322
1 55200 20 34324
