1
-32 24
1
1000
1 123704 47 116140
0 2000000 98 59247
0 1904 34 77620
1 395136 84 181525
0 2000000 63 59220
0 2000000 41 53817
0 2000000 80 51404
1 9464 13 59243
1 896 4 20073
1 181944 57 59232
0 2000000 47 59230
0 4928 88 173214
0 224 4 59237
1 2000000 49 31846
1 2000000 64 59227
1 453600 90 59248
0 2000000 61 59248
0 2000000 36 12512
1 94136 41 53808
0 2000000 72 51111
0 2000000 95 59231
0 5264 94 59227
1 2000000 26 59245
1 2000000 79 57743
0 2000000 4 59218
0 2408 43 132021
0 2000000 47 48065
0 840 15 191633
1 2000000 83 158333
0 1792 32 87819
1 103544 43 159821
1 2000000 56 59219
0 2000000 94 59231
0 2000000 48 59242
1 2000000 90 59234
0 4872 87 72780
0 2000000 42 59227
1 404600 85 59241
0 2000000 94 59230
0 336 6 46554
0 2000000 43 59240
1 2000000 98 59232
1 43904 28 4883
0 2632 47 140241
1 2000000 51 79142
1 2000000 83 163427
1 2000000 70 59238
0 3864 69 14446
0 2000000 16 58238
1 2000000 33 59219
1 2000000 38 159006
0 5264 94 195695
0 2000000 18 59246
1 2000000 71 59229
0 2800 50 59225
0 2000000 35 59226
1 2000000 100 59224
1 134456 49 36358
0 1400 25 59224
1 76664 37 59247
1 37856 26 59229
1 4536 9 59222
0 2072 37 130985
1 2000000 85 178444
0 728 13 32972
0 4928 88 89279
0 2000000 30 59248
1 2000000 12 170324
0 4760 85 59241
1 76664 37 59236
0 2000000 82 106642
0 4088 73 59234
0 3136 56 59220
0 2000000 74 59242
1 2000000 44 59245
1 2000000 85 59219
1 423864 87 59235
1 332024 77 25987
1 2000000 53 59241
0 2000000 25 59242
1 22400 20 59219
1 282296 71 59233
0 4088 73 59222
1 2000000 33 59224
1 2000000 10 34344
0 2000000 2 44560
0 2744 49 187609
1 2000000 75 5476
0 2000000 41 155699
1 2000000 93 46532
1 134456 49 123027
0 2000000 94 58606
1 2000000 55 54919
0 1568 28 59247
1 2000000 38 97620
1 56 1 194512
0 3640 65 192810
1 2000000 29 10823
1 16184 17 59230
1 340704 78 59233
0 2000000 43 59236
1 2000000 7 191266
0 2000000 76 59231
1 134456 49 90885
1 2000000 32 74264
0 2856 51 40662
0 2000000 78 47638
0 2576 46 59224
0 2000000 78 7859
1 2000000 34 106771
0 2000000 31 59242
0 5488 98 33476
0 2184 39 59247
0 1456 26 59236
0 616 11 36594
1 76664 37 59238
0 2000000 21 20638
0 2000000 82 29603
1 89600 40 59243
0 2000000 91 59243
0 1960 35 59224
1 64736 34 5754
1 2000000 89 184978
1 129024 48 171767
0 168 3 151270
1 453600 90 59243
0 2000000 64 59236
0 2000000 52 40556
1 2000000 17 115124
0 3920 70 107048
1 516096 96 184967
0 2000000 40 59239
1 2000000 73 59223
0 2072 37 59222
1 2000000 2 59240
0 3920 70 147554
1 188384 58 180
0 2000000 86 46073
0 2000000 39 59243
0 2000000 60 59226
1 2000000 97 59226
0 2000000 96 54949
1 2000000 32 59228
0 2000000 29 59235
1 18144 18 111746
1 129024 48 126821
0 2000000 64 153861
1 2000000 35 59239
0 4424 79 6026
0 2000000 48 53537
0 2000000 54 59246
0 2000000 74 32888
0 2000000 34 59232
0 2016 36 8538
0 2000000 79 59219
1 8064 12 59220
0 2000000 44 136010
1 2000000 51 187225
1 896 4 73602
1 2000000 12 59228
1 201600 60 137106
1 2000000 22 59246
0 2000000 14 59240
1 40824 27 59223
0 1176 21 120068
1 2000000 43 59228
0 2000000 58 53899
0 2000000 10 48640
1 2000000 48 59246
1 22400 20 36440
1 236600 65 9438
1 29624 23 59223
0 2000000 2 6417
1 2000000 72 20748
0 2000000 60 52656
0 1568 28 59242
1 2000000 72 24844
1 2000000 70 170575
1 32256 24 52596
1 2000000 81 20636
1 47096 29 59229
1 157304 53 12885
0 1624 29 59238
0 2000000 64 44856
1 2000000 69 59220
1 163296 54 24231
1 423864 87 59245
1 2000000 60 59245
1 145656 51 16485
1 2000000 91 98393
0 3080 55 59218
1 560000 100 165213
0 2000000 25 83628
1 2000000 94 59239
0 2000000 25 157019
0 2000000 24 59242
1 27104 22 57718
0 3752 67 59223
0 2000000 60 137442
1 53816 31 77316
0 2000000 31 89734
0 4368 78 59220
0 616 11 29505
0 2000000 70 90920
0 2968 53 59227
1 2000000 83 59232
1 2000000 30 132594
1 2000000 49 130810
1 2000000 28 5911
0 2000000 58 38714
0 2000000 73 59234
1 2000000 16 59248
0 2000000 31 53173
0 2000000 4 80877
0 2000000 26 185863
1 2000000 71 17153
1 57344 32 109933
1 2000000 79 59220
0 2000000 49 37891
1 2000000 55 52397
1 340704 78 59231
1 2000000 42 12103
0 4088 73 59220
0 2000000 24 140800
1 2000000 44 118451
1 2000000 66 123328
0 2744 49 111013
0 2000000 45 59226
1 2000000 17 59248
1 10976 14 59231
1 2000000 15 59224
1 2000000 51 58758
0 2000000 32 52064
1 5600 10 59228
1 2000000 33 59228
0 2000000 71 59229
0 2000000 3 52241
1 10976 14 59229
1 2000000 51 54828
0 2000000 87 31491
1 2000000 74 63795
1 57344 32 48844
1 2000000 14 162703
0 2000000 28 53345
1 194936 59 52632
1 2000000 39 59232
0 4872 87 59226
0 2000000 48 59221
0 2000000 68 44702
1 2000000 40 168121
1 2000000 83 179502
0 4872 87 59219
0 2000000 4 59234
1 2000000 88 34132
1 2000000 12 43965
0 1176 21 38803
0 2000000 89 100080
0 2000000 73 59227
1 2000000 31 58443
0 2000000 70 59238
0 2000000 56 42188
1 2000000 72 59237
1 2000000 3 59239
0 672 12 59221
1 27104 22 59231
0 2000000 42 59231
0 3920 70 166902
0 5600 100 182224
1 2000000 10 18604
1 2000000 86 135448
0 2000000 20 59230
0 2000000 68 59233
0 2000000 22 59218
0 2000000 8 714
0 2000000 29 59225
0 784 14 59229
0 3808 68 186484
0 2000000 15 59229
1 2000000 85 21982
1 494816 94 59236
1 2000000 80 112211
0 2000000 47 59234
1 2000000 59 59238
0 4200 75 59218
1 2000000 50 59224
1 2000000 74 59232
1 358400 80 59240
1 103544 43 10026
0 3472 62 142644
0 4424 79 59231
1 2000000 87 2093
0 4536 81 59230
0 2000000 32 123201
1 2000000 41 59223
0 2000000 31 59225
1 145656 51 151622
0 2000000 32 89354
0 2000000 49 59243
1 22400 20 107001
1 274400 70 49564
0 2408 43 59226
1 896 4 13605
1 37856 26 36450
0 2000000 49 51164
0 616 11 5380
0 2000000 6 59246
0 5208 93 51912
1 201600 60 125520
1 2000000 10 57766
0 4704 84 70091
1 2000000 60 59240
1 169400 55 121619
1 2000000 60 120656
0 2968 53 59228
0 2000000 74 29114
0 2000000 83 59234
0 2744 49 59241
0 3080 55 100937
1 236600 65 59243
1 340704 78 59240
0 4760 85 59226
0 2000000 78 22758
0 1120 20 3
0 2000000 73 79310
0 2000000 90 59235
1 2000000 59 17501
0 280 5 120725
1 2000000 87 5890
0 4200 75 59241
1 395136 84 161090
0 1904 34 59241
0 5432 97 59230
1 6776 11 59230
0 2000000 28 59233
1 2000000 14 113718
0 2000000 95 59239
1 236600 65 9998
0 2000000 40 148348
0 2000000 92 39506
0 3136 56 109612
1 2000000 32 59248
0 3752 67 192302
0 2000000 6 170193
0 672 12 97930
0 1008 18 58384
0 2000000 86 42265
1 2000000 55 18086
0 2000000 32 59233
1 2000000 34 59219
0 2352 42 39037
1 2000000 69 59226
0 56 1 59231
0 1176 21 13534
1 145656 51 40131
1 2000000 46 37923
1 423864 87 24849
0 2000000 45 59244
0 2000000 10 555
1 2000000 60 39337
1 2000000 27 59228
1 2000000 30 59222
1 349496 79 154675
0 3920 70 56297
0 2000000 46 13157
1 2000000 85 59243
1 2000000 95 94362
0 1736 31 59227
1 2000000 69 399
0 3976 71 89223
1 2000000 41 61494
1 123704 47 137878
1 2000000 85 59230
1 2000000 48 172875
0 2000000 98 55661
1 40824 27 36709
0 896 16 27746
1 2000000 46 48707
0 2000000 66 131522
1 473984 92 52978
0 2000000 61 164897
0 896 16 24965
1 2000000 66 29162
0 2000000 58 155069
0 2000000 43 59242
1 40824 27 59239
1 2000000 61 186068
0 2000000 70 49602
0 2000000 74 16227
0 2000000 23 66436
0 2000000 2 59232
0 4816 86 59238
1 2000000 53 58871
1 2000000 35 59239
1 2000000 16 61546
0 2000000 36 59222
1 2000000 4 33248
0 112 2 109530
0 5544 99 59228
0 2000000 14 36486
1 2000000 70 59244
1 188384 58 138579
0 2240 40 59232
0 4368 78 59222
0 2000000 64 59234
1 2000000 64 169756
0 2000000 24 59230
1 274400 70 56040
0 168 3 27333
1 526904 97 21600
1 340704 78 51593
1 35000 25 42818
0 4536 81 122778
1 2000000 54 59238
0 2000000 51 34907
1 43904 28 59244
1 548856 99 140679
0 5208 93 59225
1 306656 74 119225
0 2000000 95 59218
1 2000000 39 119806
0 2128 38 59239
0 2072 37 59238
1 2000000 29 37486
0 2000000 29 59220
0 2000000 7 59228
1 2000000 89 59245
1 423864 87 59235
0 2000000 48 59245
1 2000000 39 59238
0 3080 55 2349
0 2000000 94 25723
1 896 4 6967
1 2000000 57 59244
1 266616 69 98349
1 526904 97 59220
0 2000000 23 59229
0 2000000 75 59246
0 2000000 11 59224
0 1512 27 28943
1 2000000 19 59232
1 169400 55 117022
0 672 12 32741
1 2000000 15 22984
0 2000000 57 43920
0 2072 37 59226
0 2000000 65 59224
1 2000000 91 59227
0 2000000 85 96021
1 2000000 19 59228
0 5152 92 57359
1 385784 83 3974
1 22400 20 59221
1 16184 17 59244
0 1792 32 47298
0 3752 67 59235
0 2000000 95 75994
0 2000000 3 28340
0 2000000 100 59242
0 2000000 27 132469
0 5208 93 59229
0 2000000 13 138726
0 2000000 35 39412
1 2000000 56 131624
0 2000000 48 10544
1 2000000 43 59243
0 2000000 28 44879
1 2000000 27 59230
1 2000000 42 12690
1 2000000 84 59221
0 280 5 59218
0 4144 74 152283
1 2000000 23 59242
1 2000000 5 59239
1 56 1 56642
1 2000000 15 115500
1 484344 93 59223
0 2000000 41 73695
0 5488 98 102841
0 4032 72 59244
0 1064 19 59222
1 2000000 54 59229
1 10976 14 59240
1 72576 36 29597
0 5264 94 91035
0 280 5 98892
1 2000000 75 59240
1 2000000 45 59242
1 2000000 67 23076
1 2000000 85 59239
0 672 12 88606
1 2000000 55 59229
0 2000000 23 59232
0 2000000 74 65978
1 43904 28 141606
1 2000000 57 59228
1 2000000 97 59232
1 548856 99 59234
0 3808 68 59242
1 2000000 68 21078
0 2000000 47 13436
1 340704 78 59233
1 2000000 40 59241
1 2000000 31 59226
1 140000 50 141960
1 2000000 23 59233
0 2856 51 97372
0 2000000 35 52171
0 4200 75 11722
0 5376 96 24750
1 266616 69 100564
0 2000000 93 59227
0 2000000 1 59231
1 290304 72 59237
0 2016 36 59238
1 37856 26 59219
0 2000000 5 19418
0 1008 18 59236
1 80864 38 6072
0 2000000 96 59236
1 2000000 16 90860
0 1960 35 128206
0 2000000 39 43955
0 2000000 88 11986
0 2000000 41 160701
1 2000000 14 124151
0 2000000 51 183416
0 2000000 83 59247
1 274400 70 59237
0 2000000 55 29014
1 423864 87 27291
1 2000000 1 59246
1 2000000 60 77115
0 2000000 59 59244
1 2000000 33 99464
1 2000000 58 59245
0 2000000 79 59231
0 2000000 52 168396
1 236600 65 59218
1 2000000 13 59232
1 2000000 41 174089
0 2000000 87 59246
0 1232 22 59246
0 2000000 81 59233
1 140000 50 59225
1 2000000 87 32153
0 2016 36 59222
0 1792 32 114800
0 2000000 11 99278
1 2000000 90 122550
1 385784 83 59241
1 2000000 15 14107
1 40824 27 111649
0 2000000 55 59244
0 2000000 20 28131
0 3920 70 59222
0 2000000 83 22642
1 2000000 24 41985
1 2000000 3 59240
0 2000000 25 59229
1 282296 71 59239
0 2688 48 59218
1 282296 71 59230
0 3864 69 59244
0 2000000 73 59235
1 2000000 56 59239
1 2000000 82 25455
0 2000000 47 59239
0 504 9 59246
1 2000000 1 123384
1 385784 83 59231
1 2000000 2 5736
0 2000000 73 59247
1 243936 66 167856
0 224 4 170496
1 505400 95 175087
0 2000000 57 8885
1 2000000 7 169130
1 103544 43 170337
0 2240 40 189104
0 2000000 67 59222
0 2000000 42 191854
0 2000000 15 59218
0 2000000 96 12495
1 358400 80 59234
0 2000000 39 50986
0 5376 96 59222
0 1400 25 80885
1 526904 97 59236
0 2000000 41 59225
1 2000000 92 125863
1 2000000 28 31474
0 1064 19 59231
0 2000000 87 59227
1 290304 72 145014
0 2000000 72 181379
0 4256 76 59228
0 3416 61 59219
1 414176 86 79526
0 2000000 72 13533
0 2000000 16 59237
1 2000000 63 59226
1 8064 12 6556
1 2000000 29 78698
0 3752 67 188504
0 2000000 95 183667
1 2000000 20 7976
1 10976 14 59237
0 2016 36 59232
1 98784 42 194308
0 4760 85 24398
0 1512 27 59241
0 2000000 65 178318
1 2000000 67 157392
0 1232 22 8155
0 2000000 28 40780
0 2000000 51 59247
1 2000000 34 59240
1 2000000 78 80381
1 2000000 29 10406
0 336 6 5761
1 2000000 78 59245
1 2000000 25 59220
0 2000000 73 59246
1 140000 50 49367
1 2000000 81 46270
0 4480 80 22547
0 3024 54 155914
1 2000000 85 59248
0 4928 88 56797
0 2000000 59 62209
1 2000000 63 14025
0 2000000 59 31599
0 2000000 32 61920
0 2000000 82 154898
1 2000000 53 59222
1 2000000 93 189891
0 56 1 49580
0 2000000 64 59238
0 2632 47 111620
1 2000000 53 59224
1 2000000 29 59225
0 2000000 73 3459
0 2000000 43 18054
1 2000000 74 199283
0 3304 59 185888
1 2000000 56 59218
0 2000000 62 147694
0 2000000 62 59228
1 2000000 34 59236
1 2000000 85 57397
0 4592 82 30405
1 2000000 74 59232
1 2000000 92 59225
0 2000000 75 166211
0 2000000 9 31538
0 168 3 79428
0 4368 78 59238
0 2000000 90 59225
1 2000000 50 59224
0 2000000 50 173241
1 2000000 8 2196
1 50400 30 59237
0 2800 50 32584
0 2000000 53 122743
1 2000000 4 59220
0 2000000 80 33462
0 2000000 87 59222
1 2000000 9 59245
1 896 4 59228
1 2000000 13 133301
0 1064 19 17858
0 2000000 20 59245
0 3360 60 9194
0 5208 93 154853
0 5320 95 12784
0 1736 31 192403
1 2000000 50 97645
1 123704 47 198367
1 2016 6 59223
1 2000000 3 12147
1 2000000 73 28045
0 1008 18 59223
0 2000000 13 139013
0 2000000 28 54921
1 463736 91 47855
0 2000000 69 59228
0 2000000 22 56161
0 2000000 24 59219
1 215264 62 140575
1 433664 88 41796
0 4088 73 59240
1 2000000 85 59244
1 2000000 14 93594
0 2000000 59 54272
0 224 4 56632
1 169400 55 115681
0 2000000 36 59218
1 2000000 89 177345
1 12600 15 173166
0 392 7 59221
0 2688 48 59234
1 2000000 38 31184
0 1344 24 37120
1 2000000 77 59246
1 4536 9 165812
1 2016 6 59229
0 1232 22 130837
0 504 9 59240
0 4368 78 59226
1 188384 58 59231
1 2000000 20 3346
0 392 7 59227
0 2000000 1 59229
0 1736 31 149608
1 2000000 42 194291
1 2000000 85 57401
1 2000000 38 90888
0 2000000 27 59219
1 2000000 19 133196
1 43904 28 6906
0 2000000 16 38355
1 2000000 58 151721
0 1120 20 9249
1 8064 12 82755
1 32256 24 859
0 2000000 11 4671
1 404600 85 15568
0 2000000 85 35051
0 2000000 56 10088
0 2000000 39 93774
0 2000000 3 97969
0 2000000 46 58580
0 392 7 17257
0 5320 95 105700
1 2000000 19 51247
1 103544 43 59224
0 2000000 15 59232
0 2000000 98 59246
1 526904 97 59000
1 2000000 54 897
1 10976 14 59222
0 2000000 82 59248
1 2000000 8 59234
0 2000000 45 59235
1 2744 7 5963
0 2000000 31 119975
1 2000000 13 59228
1 2000000 82 53375
1 2000000 27 23640
0 3416 61 59243
0 4928 88 59243
0 2000000 39 59223
0 2856 51 15345
0 1008 18 59238
1 2000000 24 59227
0 1736 31 59245
1 2000000 27 196473
1 35000 25 59220
0 3360 60 124976
1 113400 45 59247
1 2000000 86 55260
0 2000000 31 59223
0 2000000 68 108
0 2000000 53 130223
1 47096 29 59237
1 2000000 81 46296
1 2000000 10 59221
0 2000000 34 59224
1 2000000 60 195587
1 2000000 29 20815
0 2000000 98 97774
0 4928 88 59241
1 103544 43 55268
0 2000000 31 59231
0 1232 22 59222
1 2000000 39 59237
0 1792 32 59243
0 3528 63 59231
1 2000000 16 76088
0 5208 93 35923
0 2000000 80 47856
0 4032 72 59244
1 2000000 86 59237
0 2576 46 59221
1 64736 34 19175
1 274400 70 197569
0 5152 92 36773
1 2000000 42 22548
0 4648 83 119914
0 2000000 53 59227
0 3360 60 103730
0 168 3 59228
0 2000000 72 18678
1 118496 46 59220
1 2000000 69 21211
1 163296 54 83900
0 4816 86 59238
0 2000000 18 145210
1 2000000 73 59230
0 392 7 163267
1 2000000 59 27105
0 3696 66 6845
1 2000000 50 56562
0 3416 61 74253
1 2000000 51 59244
1 2000000 35 59228
0 2000000 85 59244
1 2000000 17 50029
0 2000000 24 34247
1 72576 36 30373
0 2464 44 11711
0 2000000 27 102870
1 2000000 39 81408
0 2520 45 59242
0 1960 35 59228
0 2000000 30 101139
1 16184 17 59246
1 526904 97 24612
0 4200 75 126097
0 2000000 25 59219
1 560000 100 34584
1 208376 61 7044
1 395136 84 1520
0 2000000 96 59246
0 2000000 11 59219
1 2000000 7 59232
0 2000000 1 12515
1 2000000 95 59227
1 163296 54 59218
0 2000000 3 21139
1 2000000 72 59246
1 175616 56 185348
0 2000000 72 36505
1 2000000 35 142085
1 2000000 52 59233
1 2000000 93 54801
0 2000000 8 59233
1 453600 90 59246
0 2000000 91 28818
0 2000000 45 59230
0 2000000 44 37521
0 2000000 31 59232
1 194936 59 59244
0 2000000 88 49475
0 2000000 4 59244
1 72576 36 59237
0 280 5 19104
1 2000000 68 26191
1 2000000 78 11739
1 85176 39 161395
0 2000000 15 59242
1 9464 13 59232
0 2000000 55 59245
0 2000000 90 59239
1 332024 77 35211
0 2000000 93 59221
0 3864 69 59243
1 2000000 11 59229
1 2000000 12 59233
1 2000000 1 59240
1 2000000 2 164796
1 2000000 66 59225
0 2000000 20 59240
1 2000000 19 59224
0 2000000 16 8954
1 2000000 44 59226
1 2000000 81 59234
0 2000000 8 28244
1 2000000 66 59225
0 2000000 27 24230
1 2000000 33 5082
0 2000000 37 38406
0 2000000 90 177193
1 2000000 88 59231
1 68600 35 59225
1 24696 21 59243
0 2000000 33 59232
1 2000000 96 59233
0 2000000 97 163925
0 2000000 53 191885
1 526904 97 59228
0 4592 82 5535
1 2000000 80 37035
1 2000000 7 56238
0 2000000 81 59235
0 2000000 100 59237
0 2000000 97 59222
1 22400 20 59228
1 2000000 26 59225
0 2296 41 178339
1 2000000 85 2818
0 2856 51 6001
1 2000000 81 59238
1 2000000 15 124876
1 2000000 39 59233
1 367416 81 59229
1 9464 13 49861
1 53816 31 148720
0 2000000 58 59240
0 2000000 95 59226
0 2000000 62 133907
0 2000000 30 59218
0 5096 91 136212
0 2000000 72 59243
1 423864 87 34885
0 2632 47 120803
0 2000000 13 96950
1 2000000 37 59224
1 2000000 24 59247
1 123704 47 59227
1 2000000 55 68489
1 72576 36 59222
0 2000000 83 59243
0 504 9 93199
1 169400 55 19395
1 274400 70 131675
0 952 17 40969
0 2000000 60 59223
1 2000000 93 59235
1 10976 14 59245
0 1344 24 59242
1 2000000 69 34012
1 2000000 51 49876
0 2000000 39 18221
0 560 10 59230
1 2000000 75 38929
0 3360 60 59222
1 2000000 96 181933
0 2000000 75 59240
1 349496 79 142903
1 43904 28 90087
1 229376 64 199579
1 18144 18 40113
1 2000000 8 47352
0 2000000 15 59234
1 123704 47 59245
0 2000000 36 26458
1 5600 10 59236
0 2000000 15 59219
1 2000000 5 97429
1 2000000 27 20535
0 728 13 59218
0 2000000 40 59230
0 2000000 70 59221
1 2000000 48 171484
1 2000000 98 59234
1 2000000 12 23676
0 1176 21 59246
0 2000000 92 114942
1 169400 55 150775
1 194936 59 32904
1 298424 73 59242
0 2000000 33 28427
0 2000000 63 118421
1 2000000 66 59242
0 3920 70 59240
0 2000000 84 59220
1 2000000 9 59234
1 2000000 34 136272
0 4032 72 59233
0 2000000 64 59239
0 728 13 59236
1 2000000 78 11932
1 18144 18 103783
0 2000000 7 50562
1 443576 89 197122
1 443576 89 59226
1 2000000 44 59240
1 2000000 67 96831
0 2000000 92 59247
1 2000000 58 59241
1 2000000 19 31637
0 2000000 88 50136
1 2000000 33 159411
0 2576 46 61733
1 2000000 2 59221
0 2000000 51 59236
1 2000000 59 59221
0 2000000 18 27267
0 2000000 90 9146
1 290304 72 44583
1 433664 88 58627
1 2000000 74 59247
1 2000000 54 50340
1 14336 16 38161
0 5376 96 39909
0 1624 29 59244
0 2000000 36 59226
0 2000000 38 190330
0 112 2 59223
0 2968 53 59241
1 2000000 54 59227
0 1512 27 59229
0 2000000 75 75897
1 24696 21 45839
1 2000000 82 136336
1 50400 30 143035
1 2000000 70 176795
1 243936 66 123666
0 4256 76 59230
