335
-14 -83 -60 58 -61 60 1 -51 23 -70 -21 20 43 50 -84 -35 83 39 -3 55 46 79 -84 -14 -80 -5 -76 -66 -42 74 100 27 66 -5 70 -15 12 3 73 -30 -90 39 74 -100 -2 82 -41 -5 15 -66 -60 -20 69 2 88 0 4 -99 97 95 -64 -19 66 -17 -19 -72 64 -62 -30 -89 73 97 -45 -26 52 -74 34 -96 -65 -58 -24 -37 60 13 -49 71 19 -56 86 -67 1 56 -47 -84 55 38 -83 48 12 23 41 -77 77 -79 -9 -63 67 29 -68 20 1 47 -27 -39 -10 98 70 47 19 38 58 -98 -5 10 -31 67 86 89 -25 43 -92 55 21 -71 -51 -45 2 -36 -1 -43 29 34 85 3 99 57 77 -47 33 20 46 51 55 45 21 -15 98 88 -29 18 77 -30 68 -84 34 75 -89 72 -5 -71 1 59 39 -35 34 29 -21 -84 8 8 -73 -42 73 98 38 97 2 43 84 29 77 67 -96 49 16 -94 -49 -93 87 17 92 37 -24 -23 77 -19 51 -56 45 -86 30 85 -30 30 84 -28 -32 -46 -88 -28 -34 0 40 4 91 -25 61 82 -62 -11 -72 -35 34 -35 -81 -6 82 -34 -42 -66 55 -55 20 -73 -6 57 -32 -83 25 -5 -32 -87 -75 -70 -78 -39 -82 8 29 -5 -18 58 89 19 70 70 -27 -62 39 76 45 63 -93 -69 85 -49 -47 -73 -10 29 -51 23 -97 -75 80 46 -63 -55 2 94 23 -22 -43 -99 23 21 45 33 9 18 -33 -88 94 16 79 95 44 51 -45 16 87 11 -79 96 -75 22 -57 -57 13 56 -25 -10 -91 -90 65 53 23 -49 0 -58 22 37 -66 23 -59 86
178156 185167 182073 174326 177201 177171 185076 175212 195595 197132 193499 180429 196980 177519 191060 180108 196428 196958 187826 198009 187870 187082 179770 177905 191724 195770 187701 173765 177135 182855 182328 186645 181784 173559 184835 193866 176915 181475 183472 185887 188349 183013 179385 175251 183737 178506 196705 190988 186679 195485 195180 199045 198647 192834 174765 178300 191469 191543 181898 180478 184789 182958 195352 196284 178859 178073 178897 194735 185031 179942 176465 192322 177652 174643 197514 177979 194545 176626 177978 193564 194698 193950 184800 177782 176232 195865 181421 193991 193291 193740 183350 189870 177230 179165 180475 183272 175178 179008 186749 188228 181235 180739 196664 181511 176728 179574 174756 186503 175001 190921 190636 180338 197005 192538 178253 194827 178058 185252 192275 193648 176846 187824 192263 192482 177159 198802 177411 190095 175970 177094 174659 196681 186456 174794 180675 174248 184748 188144 184823 178075 182357 196713 185588 173758 174634 191521 183468 198637 175162 189207 191466 197847 191573 191910 177626 185313 178477 196195 184616 195029 175793 180323 185932 174263 174975 191741 187267 184507 185174 191356 199384 189238 199980 180394 174352 177131 182138 196421 175152 184240 174574 187639 190746 179979 181572 183018 191924 182046 187796 184989 179345 188488 182107 194749 185619 190699 195994 178219 187662 191975 179732 177150 199308 189815 186884 179652 173448 176540 194688 188726 192376 192396 174402 195469 185817 185767 175158 181382 180769 182813 173792 180529 197829 182989 192077 176610 181284 186659 194308 183173 184478 197759 197423 195520 179914 186030 194429 191054 196900 189513 174223 178278 179012 173760 183673 192117 193494 182335 185980 180225 179949 177948 181350 176291 198150 189208 179774 184628 191933 178251 186017 192639 181896 175208 193814 176509 180772 174645 177373 186898 179915 187030 192133 192763 188991 175483 179811 189555 182661 178995 177446 191803 190312 196783 195577 187569 196690 175404 199454 197047 174903 189039 175431 197741 180201 197854 174519 183530 186056 182481 195486 198488 186530 199884 195716 181764 199880 184609 190970 175050 178469 184052 199490 181058 191040 180205 178043 176462 192544 189903 193178 182954 185947 186742 183033 193638 194312 195285 182149 180815 178592 185242 193514 190211 195131
1000
0 740 29 41757
0 2000000 57 170217
0 8894 78 12657
1 71250 25 36308
1 65669 24 65628
1 558603 70 148000
1 41154 19 58624
1 2000000 74 146408
0 2000000 30 103958
0 8208 72 83068
1 94851 41 37102
1 273714 49 63928
1 201099 42 163680
0 5103 51 101152
0 2052 18 30860
1 1820 4 17062
0 53 48 18357
0 6042 53 148886
1 6624 23 78729
0 221 18 166816
0 2000000 92 163008
0 2000000 37 96334
0 1566 34 111476
0 2000000 41 160200
1 71250 25 91843
1 1117314 99 166671
1 1338450 23 72440
0 6037 53 40705
0 1636684 54 155289
0 2000000 78 143475
1 2000000 35 141476
1 1340656 48 55266
1 527136 68 108498
0 1998860 11 35339
0 2284 20 15546
0 6267 55 143816
0 11400 100 110111
1 182400 40 144210
0 3324 36 54372
1 2000000 99 34774
0 691 14 89781
1 2000000 3 147544
1 456 2 56151
1 1050624 96 83516
0 3499 90 108593
0 10602 93 136670
1 117690 48 99086
0 570 5 32837
0 6625 85 49640
1 1007302 94 4164
0 304 27 146319
1 71250 25 113407
0 1606561 82 13600
1 25906 2 33572
0 6724 59 11167
1 1474817 80 57515
0 535560 87 71609
1 466940 64 34877
0 2000000 12 23433
0 261 70 150937
0 856 67 66624
1 2000000 12 11040
0 3535 73 137417
0 3613 36 109666
1 2000000 83 73818
1 727831 75 43002
0 1874 25 102977
0 570 5 80480
1 607506 73 67436
1 137297 71 113710
0 8892 78 9218
0 4902 43 60927
1 79423 31 66157
0 6498 57 157173
0 1710 15 92832
0 2000000 27 172289
0 920292 37 104029
1 147746 36 8248
0 8461 83 165484
1 2000000 26 131115
0 9462 83 35859
1 7226 8 159996
1 77765 44 22763
1 113941 34 33328
0 2000000 79 26400
1 658463 76 128320
0 2617 23 154863
0 2764 25 83563
0 10448 98 29547
1 32268 19 12748
0 1367 12 20207
0 2242 79 61155
1 241224 46 95150
1 4102 6 97740
1 2000000 43 15693
0 2000000 100 41932
1 251826 47 80269
0 1606796 73 69147
0 1436159 57 17521
0 297372 37 82007
0 9696 91 2716
0 3876 34 129152
0 5928 52 145023
0 11400 100 146495
1 89371 28 13641
1 2000000 98 173128
1 215377 48 58286
0 4560 40 44880
1 843148 86 34904
0 2000000 20 121393
0 2000000 100 161431
1 41158 19 9161
1 2000000 59 77306
0 6954 61 128465
1 1032154 78 24421
1 964896 92 136838
1 410397 60 1897
1 290464 53 53667
0 2820 77 126556
1 427870 69 47214
0 5125 45 91014
0 5130 45 107387
1 173394 39 50330
1 262655 48 94937
1 2000000 24 24971
1 45605 20 40994
1 210786 43 75729
1 19376 64 147094
1 1824 4 62157
1 527136 68 87167
0 5468 48 129507
0 7412 65 111010
0 2166 19 66536
0 578 83 117322
1 558596 70 43083
0 115 1 75327
0 5044 59 28694
0 9809 86 153353
1 2000000 80 168296
0 6608 58 10957
0 2000000 33 118974
1 5581 7 172061
0 273 6 118438
0 2000000 61 75738
0 2000000 7 89128
1 352390 100 88534
0 2000000 5 31355
0 2000000 13 32162
0 2000000 33 103435
1 2000000 76 15512
1 36932 18 125940
0 3534 31 145871
0 2853 25 165061
1 383496 58 83609
0 2000000 87 102056
0 11058 97 166689
1 210432 51 93699
0 2000000 42 75147
0 1819 16 159778
1 542749 69 132608
1 114 1 106533
1 8248 85 13120
0 3299 56 169255
1 5589 7 16004
0 2000000 58 65400
1 862866 87 54185
1 92626 46 70238
1 508410 70 115320
1 75435 69 169445
0 2394 21 47080
0 2450 85 81234
0 1625374 33 114840
0 10141 89 130648
0 5609 58 73450
1 15647 41 93167
0 2000000 58 126720
1 673909 99 37257
0 8783 77 84649
1 2000000 78 46426
1 2000000 31 161285
0 6194 55 167839
0 2000000 99 139351
0 2000000 23 87885
1 280543 54 51708
0 8203 72 21939
1 283224 73 17127
0 2000000 35 121
0 5932 52 172755
0 712913 65 167350
0 1782247 28 53774
0 1708714 49 114422
0 2000000 74 12650
1 1028850 95 85129
0 6547 65 131169
0 10830 95 154280
1 332427 54 37952
1 1275751 79 99952
1 9805 10 15584
1 693576 78 161965
0 2000000 23 32266
0 4674 41 11290
1 228336 96 143649
1 19271 13 33089
1 2000000 59 34257
1 16411 12 58988
0 8665 76 65029
1 2000000 91 128864
1 32946 17 76342
0 3785 80 172109
1 2000000 71 25105
0 2000000 87 172991
1 57982 30 73188
0 9804 86 64746
0 643274 68 142504
0 2000000 87 62241
1 1028850 95 5222
0 7304 76 107525
0 8552 75 89021
1 2000000 20 161559
1 877474 49 43112
1 13797 11 147959
0 66 10 172217
1 2000000 44 20259
0 5178 72 111904
1 2000000 46 101930
0 2000000 38 86176
1 191634 41 4387
1 1709668 7 148091
1 2000000 43 63720
0 6045 53 32349
1 1459911 87 82766
1 2000000 95 6501
1 727606 57 12877
1 230850 45 105600
0 2000000 18 98506
0 912 8 169275
1 8968 10 2085
1 116741 32 133936
0 2000000 77 51049
1 651078 81 68816
1 658464 76 53106
0 42 75 83679
1 95873 29 79275
0 1860717 100 123984
1 2000000 53 52187
0 3478 80 56458
0 473432 99 78131
0 1621322 2 84595
1 123120 36 160368
0 2619 23 93605
1 276637 50 135348
1 574679 71 117831
1 729603 80 60787
0 2000000 21 45113
0 456 4 18436
1 2000000 54 44155
0 2000000 94 93265
1 320231 53 137907
0 4371 99 115917
1 332429 54 96186
0 6091 95 72445
1 2000000 48 59712
1 320226 53 69692
1 688202 80 137808
0 6386 56 63548
1 456 2 99270
0 2000000 3 19437
0 65 1 120590
1 262990 70 149917
1 2000000 60 72634
0 8550 75 64777
1 296510 51 152718
0 916964 64 57932
0 87 17 137159
0 7325 95 164407
1 7298 8 30676
0 2000000 28 70583
0 5446 51 99494
1 1746750 6 21057
1 3398 10 125645
0 1849 35 95479
0 2000000 13 160572
1 2000000 17 35038
1 50274 21 172591
1 116681 33 66436
1 1842035 99 97041
1 595919 78 69184
1 13791 11 127634
0 1687 36 154400
0 4220 37 37253
1 89976 56 90113
1 2000000 63 70895
1 2000000 96 169419
1 370386 57 81674
1 2000000 6 117335
1 191634 41 81518
0 3990 35 142811
1 1379964 11 93182
1 177437 67 83902
1 687899 89 163921
0 2000000 23 144965
0 2000000 77 98916
0 85 10 132931
1 241222 46 109327
1 41014 59 112625
0 5810 51 34846
0 10711 94 77210
0 961 74 96028
0 4902 43 80819
1 344850 55 125691
1 1140000 100 167707
1 291354 96 253
0 2000000 46 54096
0 2000000 100 111589
1 102605 30 75901
0 4332 38 160237
0 7980 70 145457
1 766536 82 156752
0 802 7 171117
0 9120 80 30372
0 1026 9 60554
1 2000000 29 58435
0 1592 14 137558
0 10598 93 131177
1 344850 55 156244
1 2000000 29 142416
0 7520 66 63542
0 6042 53 56261
1 1110486 56 89626
0 4674 41 134143
1 61465 45 102764
1 4105 6 137987
1 266791 53 155178
0 950 16 122690
0 286 3 165931
1 2000000 27 70049
1 2000000 93 26124
0 90 1 128862
1 116734 32 76935
0 9467 83 142392
1 481650 65 45636
0 21 15 148975
1 2576 7 62152
0 6616 69 72344
1 1901774 52 36403
1 770176 82 126731
1 1007304 94 76831
0 2000000 40 73572
0 5700 50 146612
1 380036 70 90876
1 1168680 72 50356
1 2000000 95 149089
1 2000000 53 12800
1 1028850 95 129081
0 8778 77 136439
0 1934 17 39506
0 2052 18 56379
0 3739 72 66869
0 6270 55 79392
1 909552 33 84164
0 153 3 50900
1 44041 61 5806
0 10260 90 80856
0 6725 59 112334
0 2000000 33 101247
1 19266 13 111383
0 149660 58 118110
0 2000000 81 51821
1 477834 73 116177
0 4423 89 58229
1 55178 22 44762
0 684 6 113414
1 182400 40 40473
0 2000000 87 172608
1 2000000 49 147417
1 2000000 88 132504
0 1570 14 85149
0 498 16 159660
1 19266 13 95209
0 11284 99 19122
1 1704697 68 38286
1 2000000 93 98728
0 2000000 79 140917
0 3529 31 76286
1 164616 38 8313
1 32951 17 35471
1 50272 21 129091
1 109557 31 159116
1 823655 85 2098
1 91075 82 57733
0 45701 69 171368
0 2000000 60 113524
0 2000000 51 161432
0 1319383 61 113159
0 2000000 45 157165
1 71027 25 64312
0 10605 93 27213
0 2566 54 38491
1 22343 14 40104
0 2394 21 114351
1 95876 29 3277
0 8277 79 124717
1 2000000 37 53889
0 1710 15 22924
0 2000000 44 90189
1 2000000 65 95378
1 139650 35 146084
0 194184 56 107206
0 690 46 80456
0 1084803 99 78679
0 11286 99 132275
0 3992 35 165311
1 1329552 3 76802
1 19266 13 49046
1 11400 10 148280
0 10261 90 65363
0 6420 89 22780
1 944029 91 16112
1 285001 50 140067
0 192 9 95514
0 1821 16 87586
1 711474 79 52326
1 103238 65 10326
1 29179 16 148723
0 2965 26 6674
0 10599 93 135457
0 5589 49 168411
0 6498 57 1332
0 2000000 42 11835
0 1058363 45 89646
0 6043 53 133966
1 308254 52 71438
0 1237773 69 67377
0 2000000 21 172323
0 1029 9 95829
1 1734585 22 21606
0 9124 80 36941
0 30 24 121149
1 1050624 96 113730
0 2000000 72 67664
0 8886 79 40007
0 2000000 17 102988
1 211936 36 83776
1 1028850 95 48168
0 2000000 41 9213
1 7116 15 39511
1 13794 11 131086
1 36279 25 143178
0 783505 85 142487
0 825162 80 92536
0 916 8 7570
0 611 66 154994
0 534 23 102042
0 2000000 88 118220
0 4897 43 51276
1 285000 50 17582
0 2637 89 32941
0 419376 70 49004
0 3588 47 66436
0 6046 53 35857
0 60 3 17462
0 10720 94 160970
0 9120 80 18186
1 55176 22 97183
1 2000000 35 14603
0 3328 65 6216
0 9918 87 161669
1 410405 60 150917
0 2000000 8 160537
1 457954 95 13207
1 2000000 40 90703
0 386 6 102436
1 2000000 74 95666
0 2871 97 23820
0 2000000 80 10149
0 4218 37 131830
1 1500221 72 141164
0 9799 86 87167
1 850069 81 8103
1 1656245 63 21513
0 2000000 91 97460
1 326061 71 69411
1 95874 29 131061
0 1822 16 74185
1 383496 58 95207
1 2000000 76 101949
1 113998 39 149637
1 296512 51 40251
0 2000000 82 21142
0 6384 56 138893
1 2000000 53 8225
1 205394 92 149825
1 17700 26 56455
0 1008048 10 129102
1 747958 81 28479
1 22344 14 147222
1 66089 36 3880
1 624266 74 162732
0 2000000 69 41780
0 342 3 96511
1 641255 75 13811
0 2000000 28 62545
0 9353 82 73787
0 6725 59 150610
0 4789 42 68935
1 147745 36 52388
1 417722 82 160445
0 3401 31 4690
1 1094851 98 75925
1 2000000 8 45236
0 8320 73 164959
0 548318 46 30187
0 2000000 89 10255
0 2277 20 35642
0 2000000 27 65863
0 7980 70 163206
0 8546 75 75537
1 2000000 22 95816
0 6156 54 66983
0 2000000 50 44010
0 2000000 61 57666
0 1681 95 105310
0 566 5 112968
0 4559 40 50090
0 2000000 62 161839
1 2000000 2 115588
1 95876 29 135426
0 1313347 62 81986
0 9576 84 94164
1 332424 54 90946
1 2437 19 7154
1 14 1 158079
0 2000000 31 34208
1 1236581 8 18800
0 1487 13 57155
0 10714 94 73277
0 1147933 69 69216
0 6486 94 135462
1 729597 80 141098
0 4907 43 45247
1 496588 66 161751
0 10830 95 69291
1 466944 64 54095
1 2000000 17 164887
1 2000000 84 36334
0 114 1 138105
1 2000000 35 140288
1 410405 60 171242
1 77060 26 150436
1 251828 47 64522
1 383496 58 159223
0 2000000 31 108673
1 1599960 73 22884
0 2000000 82 39466
1 1072628 97 157205
0 2964 26 2119
0 8774 77 143832
0 9231 81 96289
1 446413 73 119729
0 707835 99 73285
1 109118 60 22741
0 2000000 71 169783
0 795 7 21287
0 2000000 32 74666
0 1517839 94 144659
1 2000000 30 57536
0 2000000 43 171225
0 390531 57 15006
0 3646 37 45851
0 4328 38 13449
0 2000000 77 20503
0 2000000 87 132934
0 1707 15 98587
0 3990 35 170263
0 9573 84 104066
0 2392 71 95559
1 72631 30 155619
0 1986825 67 33054
0 1811 57 158721
0 2000000 92 105767
0 1710 15 134383
0 7524 66 122397
0 7980 70 137036
0 10828 95 164119
1 61195 56 150295
1 29185 16 128856
1 56295 23 33781
1 2000000 76 137364
0 5814 51 143186
0 8665 76 127604
0 410350 47 142030
0 2000000 7 133303
0 2000000 30 76388
1 1414 8 114281
0 4698 99 150923
1 2000000 4 82892
1 40797 94 80894
1 77064 26 74614
1 745078 39 32507
1 2000000 7 24135
1 2000000 99 157934
1 446353 73 102203
1 173389 39 135364
1 590974 72 158249
1 35085 18 146808
1 2000000 97 61998
0 5131 45 6859
0 169562 36 50155
1 354767 70 40518
1 1028847 95 162238
0 8208 72 102413
0 114 1 96560
0 3988 35 109210
1 401135 87 7698
0 8664 76 88286
1 757844 82 74493
0 60867 44 5990
0 2000000 63 85861
0 2000000 75 143272
1 2000000 15 44630
1 65661 24 13466
0 2000000 24 83238
0 2000000 94 157500
0 2000000 28 23750
1 109549 31 73470
0 9348 82 162656
1 2000000 50 95097
1 2000000 69 44246
1 2000000 12 162034
0 2000000 75 17910
0 555 7 1479
0 2850 25 46722
1 2000000 31 2013
0 10145 89 106185
0 541842 47 8421
1 114 1 169435
0 3203 34 68601
1 693576 78 117407
1 102600 30 153523
0 2000000 28 150133
0 10949 96 73075
1 1117313 99 30730
1 163229 55 157841
0 3644 32 1838
1 2000000 7 36375
0 2000000 70 57081
1 2000000 38 77971
0 10716 94 25614
1 2000000 47 34059
0 6950 61 90594
1 452466 63 74970
0 274816 55 111173
0 1482 13 58346
1 19123 14 133421
0 7796 76 16728
1 2000000 7 158130
0 830793 83 71107
0 2000000 65 161514
1 52755 89 97393
0 7866 69 137726
0 6612 58 61438
0 722257 27 168000
1 582005 12 15491
0 9234 81 94463
1 164613 38 140417
1 262655 48 92054
1 60302 23 121679
1 1007309 94 112870
1 383496 58 10443
1 2000000 84 2057
0 2000000 48 57390
0 2000000 100 101965
0 2000000 1 70875
0 61 1 92956
1 675906 77 157018
0 1 4 29278
0 180 32 66026
0 4968 89 139845
1 843148 86 116199
1 1064650 61 113620
0 2000000 14 91133
1 2000000 62 78166
0 674 93 60958
1 296512 51 57691
1 5590 7 19810
1 81307 29 61351
1 201096 42 49091
1 2000000 22 46324
1 57223 75 159755
0 7977 70 27914
0 2392 21 12917
1 590976 72 169424
1 320226 53 163732
0 1260246 35 139393
0 7 39 16721
1 520489 71 150780
1 577238 53 57368
0 8582 79 152765
1 607506 73 95899
1 59865 26 138456
0 2000000 60 119981
1 210783 43 64400
1 73773 36 142267
0 1263458 68 77436
0 2000000 27 57581
1 2000000 100 48452
1 251825 47 89859
0 7638 67 87182
1 2000000 42 102894
0 11054 97 88946
1 496581 66 42057
0 5358 47 55651
1 641250 75 170065
0 8892 78 70896
1 481653 65 58862
1 303162 77 75514
1 259917 51 159807
0 10374 91 114708
1 83443 35 78284
1 647207 70 131937
1 2000000 66 35991
0 9458 83 110812
0 2000000 37 34602
0 842 60 155214
0 2000000 37 88008
1 9234 9 36652
0 2000000 76 169597
0 2000000 32 171761
1 220704 44 12857
0 10946 96 74229
0 1938 17 158703
1 1090792 63 169989
1 2000000 67 51997
1 254 7 56761
0 6498 57 51861
1 1963209 90 18934
1 366200 83 97171
0 2000000 93 249
0 11063 97 126073
1 2000000 76 22649
1 251826 47 171078
0 8208 72 702
0 2000000 55 36563
1 2000000 84 51949
0 2000000 78 87698
1 2000000 91 119835
1 310355 83 50645
0 9690 85 39381
1 65664 24 55133
0 2000000 45 115738
1 762787 4 34047
0 624 63 34371
0 1724 16 135363
1 4232 12 147832
1 308257 52 150658
1 138486 37 72641
0 581 26 75125
1 262656 48 164149
1 381416 66 102628
0 985197 14 159282
0 4222 37 44482
0 2000000 5 7433
1 4675 12 33800
1 19266 13 65109
0 10149 89 8213
1 116 1 100468
0 451 48 105631
0 10602 93 80696
0 3881 34 36186
1 86097 91 69695
1 2847 5 21433
0 10602 93 71624
0 1522089 27 5626
1 173394 39 41144
0 2000000 82 144845
0 7975 70 73010
0 7182 63 92155
0 180899 51 38658
1 45598 20 36593
0 6077 63 22147
1 304690 81 59427
0 9006 79 44922
0 7185 63 154449
0 3908 67 78494
0 8892 78 35929
0 2000000 80 56323
1 95431 42 127380
1 2000000 79 11997
0 9006 79 113934
1 146354 36 13341
0 1254 11 124972
0 446636 74 27189
1 861325 16 161983
0 41 1 125196
1 2000000 18 94231
0 4104 36 73426
1 1050626 96 158722
1 1577136 51 3579
1 2850 5 58500
1 31547 98 126626
0 2000000 78 171754
0 9802 86 147434
1 262658 48 65623
0 2000000 5 11453
0 1369 12 142903
0 2000000 77 129935
0 3256 37 112575
1 12360 36 34945
1 238712 57 109563
0 6387 56 14539
0 2000000 93 38152
1 729600 80 100158
1 82330 51 118111
1 1007307 94 172566
0 2000000 6 106910
0 6042 53 25656
0 8778 77 61950
1 410397 60 116141
0 228 2 76123
0 1479 13 24983
1 424191 61 96222
0 2000000 8 97113
1 282673 81 150824
0 5360 53 2502
1 454 2 97670
0 2113 65 17769
1 2000000 66 25859
0 5016 44 25175
1 320226 53 43126
1 2000000 47 80639
1 902994 89 159894
1 862864 87 165141
1 1301617 97 153781
1 658468 76 106475
0 9914 87 55041
1 19266 13 108811
0 1014630 93 60237
1 2000000 62 38767
0 6159 54 103129
1 65793 61 162893
1 14288 13 31829
0 2000000 27 9140
1 2000000 62 144256
0 1545652 62 65978
1 1089251 16 75688
0 2000000 77 162485
1 2000000 19 97450
0 2000000 24 142417
1 481650 65 156543
0 1732257 95 114923
0 2000000 45 64208
1 32946 17 166842
1 2000000 24 96441
1 890621 18 49591
0 2179 71 9422
1 50274 21 170213
1 156064 37 169768
0 448 14 129300
0 4902 43 72237
0 1252 62 63943
0 10944 96 122940
1 43104 40 138646
0 8775 77 170977
1 2332 100 106404
0 3648 32 49775
1 1910302 5 173214
0 2053 39 57489
1 843088 47 17685
0 236506 53 124622
1 785349 83 17003
1 15779 16 158632
1 2000000 65 3335
0 2000000 68 126430
0 911 8 19186
1 2000000 8 26010
0 1211 62 89108
0 8204 72 5028
0 4333 38 139367
0 2000000 50 97095
0 1287381 61 103182
1 2000000 32 52096
1 2000000 44 144205
0 9004 79 48826
1 16186 14 29720
1 1072631 97 126481
1 124413 46 145809
0 2000000 95 104185
0 3169 58 95265
0 3079 27 6818
0 2000000 68 68823
1 601211 83 150672
1 191637 41 64273
0 7984 70 40672
0 3648 32 136990
1 675906 77 22442
1 30886 30 21408
0 1385119 48 22306
1 1232241 52 49959
0 593 99 83508
0 8208 72 1189
1 15308 66 85898
0 7412 65 24154
1 221286 89 21189
0 1479012 2 59889
0 4902 43 76809
1 447916 81 7410
1 2000000 84 79390
0 2000000 11 86446
1 139653 35 131375
0 4674 41 119624
0 4673 41 111073
0 1825 16 130784
0 3990 35 50838
1 612718 94 159061
1 261650 51 160876
1 1622643 60 90743
1 317742 38 131112
0 2000000 15 38480
0 1137 10 166131
1 574675 71 95612
0 359 37 131762
0 1026 9 31586
0 5583 49 46174
1 41149 19 109464
1 191630 41 131260
0 1070742 94 61567
0 6954 61 146503
1 2000000 86 141884
1 658464 76 69305
1 396834 59 90258
0 368 31 15721
0 2067 19 136268
0 659 29 40935
1 1094856 98 130887
1 1026 3 143912
1 1094856 98 160109
1 123119 82 8321
0 2000000 81 54228
0 2618 23 124824
0 458 4 159796
1 641930 78 81821
1 43206 79 52057
0 5701 50 167998
0 251982 90 137714
1 370386 57 25052
1 102600 30 42420
0 2000000 63 134572
0 1894 19 100895
0 7068 62 14162
1 42577 21 172955
1 29191 52 16725
0 6840 60 54685
1 675905 77 144715
1 2000000 99 108135
0 2148 20 143769
1 763061 82 166167
1 1223383 98 79376
1 16419 12 98304
1 95874 29 160025
0 9467 83 35327
1 2000000 26 8640
1 65666 24 83503
0 679 6 152854
0 6616 58 151623
1 2000000 59 120839
1 41414 60 76793
1 182400 40 56936
0 3990 35 37240
1 882816 88 54954
0 5722 68 63778
1 2000000 16 164033
1 83009 49 30931
1 658464 76 16294
1 320222 53 119026
1 115950 46 52069
1 4105 6 165366
0 5813 51 169213
1 60304 23 128983
1 318873 60 61909
0 8778 77 120280
0 10830 95 24450
1 717228 84 5325
0 591 57 16859
1 4496 15 148885
1 1736380 77 99098
0 8174 78 96683
1 109554 31 28432
1 2000000 68 33488
0 8550 75 118733
0 1804342 19 72969
1 658466 76 109648
0 1045638 23 147265
1 101087 40 123067
0 4104 36 172583
1 1140002 100 2395
0 2000000 79 81691
1 1996530 48 167205
0 2280 20 114478
0 2000000 36 171451
0 4898 43 126794
