508
81 -57 60 -86 71 -38 -49 -86 -96 22 0 81 1 -20 -73 51 86 9 29 -60 49 -43 -35 17 87 72 13 -96 34 12 53 -56 40 -45 76 88 -19 -65 0 46 -18 85 -86 86 13 -17 -71 99 74 79 -14 -6 -6 72 66 -69 -53 81 96 97 -50 28 3 36 -62 24 13 -67 14 95 -43 59 27 -44 -59 87 5 -71 35 -75 -62 -62 -53 60 -23 -88 -88 84 19 17 91 -62 -4 -10 -76 -63 -41 70 14 62 -83 -34 -40 100 -64 10 33 57 -23 -64 33 -2 45 -48 -43 73 -61 -30 16 46 90 97 19 -87 15 -49 66 -99 6 67 78 -34 -33 -47 57 -62 90 71 84 76 58 -58 -84 -28 -64 40 46 -29 -41 -10 -9 9 -11 17 23 -93 -80 37 -72 -73 16 95 59 -63 90 -1 -86 6 -26 -2 -70 -83 63 -87 79 43 -70 9 -59 7 -48 -39 -76 -35 42 70 9 -34 -34 -96 59 2 -9 28 -87 96 -94 -85 -72 51 -19 -25 23 56 -21 75 -40 -18 -35 -62 -23 3 67 -24 76 -85 61 -37 -81 50 46 79 -99 56 -14 90 -55 -50 -90 -78 -67 -26 -27 10 -82 -52 97 -50 71 -78 -56 62 -76 61 6 -93 46 81 64 -30 0 98 11 29 66 47 59 -59 -75 56 -18 52 31 62 -66 -27 81 -3 -78 -38 54 93 -90 54 3 -77 -79 -26 -27 -42 -69 -99 31 30 68 -38 -80 -11 93 -18 -61 -50 -62 -15 84 -6 -35 -96 48 27 -71 -50 -59 -80 39 34 41 -45 10 44 -96 6 -37 -84 60 -13 24 100 96 -53 11 69 59 -68 48 83 -67 -73 76 100 -69 2 -72 45 -29 -54 -91 5 50 -76 -39 74 42 -73 -13 -16 -67 -12 34 12 72 -40 -96 65 11 -75 -13 72 5 -42 38 -33 59 52 85 -16 -19 -21 30 -41 -77 91 -74 12 -88 -21 98 -34 10 -68 -55 79 32 4 -99 2 2 83 -20 73 17 -28 48 85 -26 9 -78 18 -66 -67 78 -41 -98 -89 68 83 68 -48 52 99 -58 -56 71 22 -95 49 -88 -6 -40 -77 -34 -6 -66 -86 34 60 -20 -34 -16 42 -39 -42 26 -21 -46 -25 -48 1 0 -40 72 100 60 21 83 15 -64 -81 -76 86 10 -36 56 -70 -59 -39 90 15 -39 37 -61 -92 9 -51 -91 -96 -92 11 47 -78 -84 -56 84 -67 74 -79 35 64 9 3 -98 -55 92 55 43 -98 31 -10 -71 -7 31 -89 -5 30 10 -72 -26 -3 -88 -28 91 -94 61 -92 -31 -61 97 53 -66
1 1 1 2 1 10 4 6 4 2 21 16 4 11 21 12 19 9 10 22 21 18 28 24 20 35 33 24 36 23 33 41 25 25 37 27 35 40 35 40 51 48 52 36 42 56 57 47 54 55 46 44 47 49 47 55 64 61 55 65 66 54 72 72 74 75 76 74 65 78 66 81 65 64 83 74 80 68 83 90 75 88 90 88 88 94 87 86 90 100 83 86 97 86 94 91 106 105 107 106 106 95 106 95 99 109 106 107 100 110 116 108 123 122 112 125 107 118 125 114 126 130 113 121 129 121 135 121 128 121 124 134 127 138 128 131 136 141 143 144 140 146 134 150 151 141 138 144 151 144 144 155 156 155 155 166 164 154 161 156 168 167 172 156 160 173 171 160 178 169 180 165 172 169 165 186 170 186 172 179 172 187 185 188 186 183 184 178 198 180 186 193 196 188 199 205 200 195 208 190 202 211 202 212 201 202 209 201 216 216 203 217 214 222 214 210 207 224 214 213 217 214 221 225 218 221 223 232 229 221 222 233 227 239 230 245 235 240 237 242 238 251 249 238 252 256 249 257 259 256 244 254 259 258 253 251 249 253 255 260 251 260 266 264 271 262 276 267 275 262 272 271 279 265 284 279 268 271 285 279 285 280 284 287 276 284 277 297 283 290 286 287 286 301 298 295 291 308 308 308 296 309 307 306 299 297 311 305 300 310 313 302 306 309 314 322 327 309 316 314 316 314 329 318 315 330 332 321 333 322 327 323 330 325 325 342 346 330 333 330 345 340 340 343 340 356 354 339 350 343 358 358 346 356 358 362 359 363 349 358 357 357 361 356 365 365 362 358 367 366 363 369 371 365 372 382 386 384 373 387 375 380 383 386 388 379 392 394 395 395 391 383 390 401 385 390 396 403 398 405 404 412 413 403 402 416 415 411 408 403 410 421 409 410 420 409 414 417 418 422 430 427 431 428 421 436 429 418 438 438 421 422 443 429 440 427 435 447 433 431 450 435 449 453 436 455 446 451 449 440 457 458 454 449 447 459 458 455 455 454 470 453 463 467 467 467 469 461 466 477 480 463 463 482 472 469 484 474 485 483 471 479 478 482 483 488 497 491 491 497 490 497 484 492 495 488 491 507 499 492 493 502 497 505 503 516 517 505
1000
1 2000000 33 165998
1 781 21 175592
0 594 77 163492
0 67 74 175589
1 35807 94 68398
0 221 25 32009
0 64 65 49453
0 367 22 149750
1 2828 14 4640
1 8372 93 24709
1 133023 84 175584
0 829 47 40545
0 62 10 17083
1 173759 99 175604
0 468 38 190915
0 187 22 14102
1 19592 84 83069
0 2000000 36 81123
1 1332 17 175601
0 911 77 178975
0 46 10 175603
1 29827 68 174037
1 2000000 22 13979
0 556 34 156712
1 315 11 175590
0 321 59 175596
1 61010 95 175583
1 70242 73 175586
0 1254 66 66082
0 621 73 175590
0 80 8 175604
0 579 75 175599
1 1700 10 175595
0 775 80 175584
0 290 48 175584
0 504 28 175584
1 15495 50 175607
1 5899 66 111993
0 43 32 175594
1 9468 35 175604
0 157 38 175603
1 5478 53 21145
1 121136 87 1928
0 2000000 27 168603
1 3436 16 19365
0 1312 94 113204
1 49789 53 175605
0 18 79 93898
1 7382 29 175610
1 2000000 46 132733
0 29 44 106576
1 7530 35 175600
0 244 23 175603
0 987 80 175610
1 67631 88 175586
0 598 36 175605
1 144589 88 175607
0 336 53 66159
1 2000000 95 134897
0 641 47 158494
1 70699 61 138340
1 30141 56 25105
0 1653 87 170887
1 13869 49 175608
1 13068 60 197916
1 28439 52 96881
1 2000000 90 96675
1 5379 83 57132
0 1225 95 199378
0 64 11 175604
0 753 87 175596
0 2000000 7 133069
0 128 10 175584
0 49 24 100452
1 3437 60 167994
0 6 2 147943
0 1029 56 175593
1 2000000 95 84582
0 456 78 175583
0 4 97 175606
0 339 31 18561
1 2000000 100 43549
0 2000000 4 40625
1 90440 86 74446
0 931 49 86253
0 1140 91 175584
1 48554 57 175594
1 38300 63 185591
1 304 4 47971
0 2000000 16 43518
1 2277 17 175612
0 2000000 57 34038
0 128 26 112945
0 1589 99 180938
1 197 24 170353
1 1900 10 70018
1 42378 60 175611
1 12843 79 123022
0 1419 98 97934
1 150499 89 74783
0 16 9 175591
1 2020 18 63977
0 610 72 175602
0 418 68 175595
1 10460 45 175599
1 33223 51 175585
0 2000000 21 124208
0 2000000 36 219
0 202 42 69775
0 412 53 81387
0 1150 68 164459
0 696 48 124291
1 38167 84 175591
1 87372 83 175606
0 29 12 175583
0 521 55 96618
0 914 74 98704
0 650 48 25349
1 13138 29 57837
0 1025 93 175603
1 2138 37 174790
1 4458 59 175608
0 55 8 175611
1 5180 24 16272
1 15673 46 175608
1 34859 54 199430
0 2000000 26 65078
1 34768 71 175613
0 291 88 107904
0 817 96 171727
1 13618 33 189645
1 124659 81 111823
0 1192 79 20440
0 132 9 174603
0 2000000 4 2075
1 674 11 175604
1 14551 28 5468
0 1159 61 142679
0 484 26 81368
1 50815 63 138112
1 28277 40 175610
0 71 22 175583
0 584 36 175588
0 18 28 164185
1 57671 77 175593
1 2000000 3 26587
0 404 43 175583
0 17 1 148700
1 82211 75 175609
0 1621 99 59419
1 6937 32 175609
1 87856 68 68440
0 23 62 175606
1 68043 94 175608
0 39 73 175613
1 41453 60 164345
1 12668 26 175598
0 200 34 175597
1 14831 33 175584
1 2000000 41 78981
1 4303 43 175598
0 114 10 175600
0 369 44 175590
1 8982 38 175584
0 73 19 175609
1 82346 77 175606
1 2392 43 52942
1 70170 61 175594
1 85497 89 40032
0 401 30 175590
1 45376 83 175600
0 62 6 81360
1 81946 69 45979
1 2000000 40 15652
1 14896 28 166767
0 246 38 175610
1 2000000 33 39582
1 114456 79 17675
0 600 38 175609
1 94230 89 26837
1 2706 16 175604
0 678 89 154754
1 52 14 175597
0 279 22 175592
0 282 81 40604
0 54 26 125787
1 52526 59 175605
1 2308 51 43478
1 2000000 25 126636
0 1214 65 8336
1 8119 31 185235
1 36761 68 128624
1 21982 69 175603
0 786 85 175601
0 242 74 175610
1 96654 74 175592
1 2000000 67 64452
1 2000000 93 52794
0 461 35 175599
1 24901 64 175594
1 121117 87 175589
0 65 8 175591
0 114 36 175609
0 57 4 175587
0 461 82 175587
1 89561 85 175609
0 112 74 119359
1 12275 33 175596
1 85874 85 175608
1 21784 86 39844
1 7651 90 175610
1 296 7 175608
1 27436 38 170717
0 1163 62 168748
1 32476 50 175585
0 1514 81 175594
1 147296 90 175610
1 8742 26 174918
1 78867 71 175595
0 139 17 175597
1 11950 48 56714
1 135249 86 175592
0 875 79 12500
1 314 8 175589
0 1085 89 190126
1 29 2 7329
0 993 58 175589
1 79671 77 175584
1 57186 63 125495
1 5187 19 103839
1 31750 51 53898
1 14432 28 175608
1 116552 83 175592
1 175104 96 80020
0 501 30 175598
0 901 64 175600
1 82764 66 49248
1 18165 86 175584
0 112 71 179448
1 18259 31 154924
0 293 51 185259
0 390 33 175592
0 2000000 55 135379
1 30754 67 175610
0 232 45 35940
1 3865 35 125821
0 68 95 175612
0 167 60 177783
1 34682 58 175610
1 21224 98 134442
0 138 8 29137
0 2000000 35 107002
0 408 32 137913
1 3067 91 198938
0 2000000 17 39602
0 260 17 36011
0 467 60 175603
1 143811 87 44218
0 92 5 21370
0 256 39 175588
0 1728 91 188129
0 490 41 2253
1 28102 45 175586
1 17637 64 175593
0 140 32 175610
0 38 2 38971
0 1212 74 175612
0 243 15 175612
1 31681 50 175608
0 395 28 142089
0 1027 62 175590
1 14896 28 13303
1 4048 20 175597
0 1387 99 175585
1 16211 41 175583
0 494 30 1623
1 14271 28 132540
1 23656 81 175597
0 286 34 55678
1 34349 52 165412
0 837 55 175595
1 50402 82 31697
1 2000000 86 98041
0 817 78 89794
1 148339 98 35567
1 41361 66 175595
0 687 85 129208
0 505 34 175594
1 1363 10 83524
1 2488 24 175584
1 90193 89 74319
1 11577 55 15019
1 160816 92 38866
1 1342 39 50040
0 198 24 175587
1 2176 13 180902
1 1517 17 175592
1 4448 65 29578
1 2000000 85 118100
0 515 50 175604
0 420 31 166097
1 19430 55 175605
1 2000000 30 162173
0 726 87 175613
0 175 41 197234
0 202 32 197945
0 215 22 175612
0 1299 84 117102
0 102 10 78202
1 46508 57 175603
1 172077 100 175601
0 430 28 175585
0 714 60 142814
0 286 37 175608
0 1349 71 142488
0 264 55 180399
1 19638 52 175605
0 720 85 175591
1 5056 53 175587
0 1066 59 175592
1 8443 50 17
0 1532 88 175588
0 457 44 175600
1 14170 94 83219
0 696 43 34797
1 31939 41 144293
0 128 36 179079
0 1387 73 168497
1 285 10 175583
0 126 88 150341
1 101347 98 175610
0 953 80 158764
0 236 82 62351
1 106765 77 175605
1 4808 18 175607
0 1066 100 107467
1 17072 80 185899
0 1043 77 175596
0 277 16 66825
0 150 81 161728
0 327 59 86153
1 2000000 14 171323
1 23 91 175583
0 688 99 11384
0 191 15 20714
0 741 39 46046
0 627 35 172424
1 13 3 175587
0 853 71 175603
1 2180 19 175600
0 106 42 150369
1 4775 23 175606
1 112651 77 68744
0 9 1 175605
1 132776 90 190763
1 1034 9 175608
1 684 6 169980
0 836 70 172731
0 208 74 28861
0 2000000 24 51414
0 141 92 27240
1 48907 94 175607
1 2001 14 10327
0 82 20 169977
0 245 77 175612
1 18397 42 175596
1 775 16 175585
0 188 14 175597
1 279 5 175602
1 5 13 70678
1 111732 96 14240
0 88 20 175592
0 1253 92 175602
0 915 67 175585
1 113945 80 7036
1 5571 88 42302
1 12175 33 80599
0 1036 74 197153
0 418 60 175610
0 7 69 49250
1 73 2 175592
0 16 2 55463
1 8615 49 64992
0 629 57 175593
0 537 48 175584
0 709 46 142636
0 20 5 130405
0 762 77 111704
0 750 44 175597
1 66051 80 156958
0 435 67 175605
0 2000000 47 67751
0 874 46 104046
1 72878 96 175591
1 2000000 33 138367
0 2000000 6 33181
0 92 37 156292
0 2000000 21 90784
1 389 10 175605
1 5943 23 175593
1 75991 90 175602
1 106020 77 47723
0 732 40 175600
1 127756 82 125891
1 28534 60 175583
1 2000000 100 14680
0 66 66 175604
1 2000000 85 8881
1 93100 70 63965
0 442 62 175583
1 2389 39 175597
0 1684 95 175586
1 13846 78 167286
0 1079 88 175590
1 3433 35 175583
1 2000000 37 115338
0 270 38 175583
0 91 5 35924
0 1017 79 175593
0 671 36 188427
1 1579 18 24855
1 6329 30 175585
0 154 29 126927
1 4456 23 175599
1 16074 55 175587
0 358 75 175597
1 16769 33 175600
1 15046 34 173073
1 6903 22 175608
0 334 24 175583
0 600 58 70679
1 10415 28 105793
1 3879 24 175609
1 2000000 74 56205
0 31 7 49788
1 39576 90 175611
0 707 42 175588
1 2876 33 175592
1 4455 22 163991
0 1076 74 175598
1 1344 15 24138
1 133253 84 163788
0 28 19 177005
1 42926 100 175612
1 2000000 60 143051
0 912 98 175610
1 2000000 57 130040
1 29401 88 322
0 49 26 30498
0 1092 64 175605
0 13 1 157498
1 380 14 175612
1 171475 95 86351
1 47293 70 26998
0 666 38 175604
1 50183 66 39428
0 710 82 175592
1 2000000 14 170359
0 192 26 142148
0 1539 81 20392
0 646 34 152140
1 467 13 175583
1 511 13 175596
1 18187 54 104404
0 2000000 23 164880
0 185 28 175592
1 1220 13 175595
1 8444 82 124481
0 1275 74 175595
1 18896 40 175586
0 2000000 61 116590
0 78 7 175596
1 3284 36 132476
1 471 7 77759
1 565 8 175611
1 2647 14 175590
0 1401 74 175590
0 6 16 175585
0 2000000 89 131999
1 2000000 59 23343
1 36236 68 103967
1 70062 70 175606
1 13395 89 40329
1 43538 50 175604
0 57 82 82233
1 14359 61 32587
1 15 2 99915
1 2000000 24 65097
1 5463 21 122383
0 680 58 137528
1 8064 38 175588
0 903 51 175584
0 125 35 90170
1 17132 47 175592
0 344 34 175609
0 373 88 145696
0 925 99 175589
0 266 14 142616
1 2000000 63 96587
1 20268 40 190661
0 393 67 133910
1 1659 49 20009
0 530 45 175606
1 31392 66 175592
0 881 71 175589
0 79 24 175607
1 41 3 175584
0 121 23 175604
0 103 11 175590
0 11 34 137195
0 822 65 175583
0 204 33 91886
1 94004 78 175609
0 347 60 175611
1 3390 25 108186
1 78078 75 175593
0 624 76 175592
0 1803 98 175610
0 941 67 195273
0 103 93 135655
0 1480 90 141694
1 2577 16 175585
1 1191 10 93715
0 685 41 175592
0 1832 97 140724
0 1160 95 175602
0 126 53 175608
0 1805 95 102695
0 2000000 5 68113
1 475 5 31820
0 2000000 33 170860
1 101198 95 13928
0 593 87 147014
1 39307 71 33901
1 81350 89 79215
0 24 15 82713
0 1065 86 139030
1 49397 59 175583
1 28899 39 6925
1 2868 13 61531
0 403 36 3578
1 24244 54 178083
1 58663 99 26504
0 18 16 175596
1 47009 62 103487
1 448 10 175583
1 2000000 87 134728
1 24647 38 175599
0 1400 74 175601
1 12299 92 175605
0 506 92 176020
0 171 9 34836
1 77629 66 175585
1 84986 74 175602
1 962 8 175602
1 88136 91 89595
1 17967 37 175602
0 1653 87 2917
1 2000000 18 48901
0 1259 70 175588
1 18089 62 58014
1 25271 50 63573
1 8019 78 97848
0 931 49 130625
1 16802 58 180936
1 130250 98 175590
0 987 80 175611
0 222 25 67210
1 6915 48 143554
1 37042 51 55598
0 1159 61 169614
1 26040 49 178958
1 5077 29 149204
1 836 8 175600
1 14578 44 123202
0 527 86 175583
0 254 21 175592
0 739 96 32036
1 6566 54 198659
1 46249 51 107741
0 950 50 82897
0 392 21 132901
1 2000000 35 78605
0 145 17 175596
0 874 77 175612
1 11749 42 175611
1 21200 96 37857
0 522 91 175605
1 4516 28 132600
1 66824 71 175599
0 18 31 175600
1 649 11 175608
0 93 9 175602
0 1615 85 28152
0 419 47 158864
1 1325 29 65149
1 14908 37 44025
1 12610 34 175593
1 4378 28 98439
1 12516 27 175592
0 1044 66 112377
1 12831 29 175592
0 118 13 156991
1 2000000 35 41402
1 5806 28 69033
0 293 18 4115
0 1038 64 175593
1 20691 33 25995
0 1603 89 175583
1 8410 24 175586
0 177 67 142703
1 2000000 50 11299
1 25532 42 175583
1 31933 61 175609
1 2000000 2 105
0 31 3 175612
1 24439 57 4556
0 1159 70 175599
1 71961 77 24843
0 677 39 167664
1 2000000 76 168931
0 548 37 175585
0 6 1 175599
1 26011 37 70765
1 60110 62 64122
0 105 55 65886
0 1476 84 175591
1 130492 90 175597
0 73 84 175600
1 100435 76 50945
0 19 1 16839
1 5984 18 116851
0 2000000 10 1835
1 1054 24 36252
0 586 97 95372
1 23275 35 137522
1 17656 97 175607
1 29209 42 175592
0 493 45 175585
0 382 56 187181
0 855 63 132838
1 35774 54 137083
1 2439 12 183179
1 19519 66 175585
1 2023 51 112937
1 16774 39 175594
0 130 39 82987
1 5352 72 29906
0 2000000 67 44608
1 4672 20 175585
0 202 41 175595
1 25460 45 2126
0 1748 92 12059
0 155 69 121492
0 354 26 175589
0 574 52 172538
1 13694 35 173860
1 15128 53 60141
0 289 95 30865
1 292 5 142828
1 2231 24 175596
1 25248 45 43784
1 2000000 56 165626
1 82764 66 87217
1 80143 65 26939
0 537 61 149126
1 2000000 76 22824
1 2 1 175604
1 13799 29 175594
0 796 87 175600
1 39011 48 175612
0 1151 92 175607
1 10887 30 75922
1 2000000 27 5565
1 380 17 175597
0 311 38 157652
0 266 81 142231
1 95753 89 62550
1 2000000 69 114608
0 876 86 175594
0 1178 62 80260
1 8961 30 175613
1 38821 50 63091
0 856 68 175601
0 361 19 115431
0 314 22 1503
0 309 47 179174
1 96537 95 182927
1 10235 48 175586
0 128 35 190494
1 52718 54 175596
1 2000000 65 142177
0 813 47 195821
0 2000000 88 104874
1 13232 42 175601
0 339 41 175591
0 324 18 175608
1 2000000 23 58738
1 20572 62 129462
1 22451 39 175594
0 2000000 97 2503
0 76 4 134646
1 1284 20 175587
0 304 72 93243
1 28576 43 175612
0 209 76 25965
1 1532 23 175608
0 2000000 6 15532
0 1003 93 47259
1 2000000 98 5142
0 208 12 175596
0 703 37 20370
0 1 21 168360
1 14225 30 175600
0 249 72 175591
1 14941 34 88161
0 2000000 30 27254
1 198 19 175613
1 75728 88 175591
1 137037 94 176520
0 239 25 175606
1 22878 72 133254
0 2000000 76 155461
1 6712 21 175610
1 3272 25 175612
1 92402 94 128162
1 610 7 175610
0 746 45 67887
0 98 75 175588
0 136 84 175595
0 286 28 175612
1 1539 9 90359
0 101 47 175608
1 3763 19 175597
0 99 72 175613
0 1218 75 185741
0 467 80 179117
0 374 53 175588
0 394 89 65326
0 7 9 175588
1 78173 71 175606
0 89 6 175588
1 1938 49 169031
1 14581 54 175590
0 532 28 174250
0 1448 79 175583
0 720 96 165042
0 921 73 52381
1 8570 24 178258
0 1548 94 166647
1 60677 79 123333
0 798 42 42697
1 17100 30 13687
0 217 17 547
0 229 35 64853
0 60 6 175583
0 864 65 31311
1 2000000 15 23659
0 1710 98 175593
0 1578 97 175599
1 9134 34 197299
1 61369 98 66489
0 770 44 175601
0 1216 64 82975
1 28821 43 175587
0 583 31 175605
0 272 56 24607
0 125 7 197599
1 2000000 82 93975
0 53 4 175605
1 137286 99 175589
1 737 80 175598
0 123 29 29177
0 1748 92 161955
0 478 53 175607
0 913 50 175583
0 55 52 175593
0 802 91 175612
1 3517 15 175589
1 154 3 23368
1 17417 53 175588
0 224 78 175613
1 7451 29 118093
0 154 18 163917
1 5533 38 195793
1 151925 97 108087
1 5199 18 175604
0 1343 80 164889
0 3 2 13632
0 282 88 140180
0 330 55 131274
0 289 72 175606
1 20235 65 175585
0 303 24 175591
1 2000000 22 47485
0 749 82 65346
1 144993 97 175587
0 384 42 151406
1 16 1 175592
0 22 77 175583
0 1004 58 175599
1 3627 55 125960
1 5959 24 29191
1 133096 87 175595
1 19965 61 175606
0 36 28 175607
1 2000000 22 67319
0 340 20 10923
1 4934 27 182205
0 378 22 175595
1 29166 62 175601
1 6921 86 175589
1 238 11 175604
0 527 82 192195
1 56196 79 175601
1 10821 33 175588
1 34924 46 81270
1 2000000 94 77583
0 107 45 175607
0 53 91 41863
1 82764 66 154443
0 397 65 16876
1 4539 16 175599
0 741 41 64849
1 1216 8 25571
1 2000000 35 68752
1 124044 85 125568
0 157 9 175590
1 2000000 41 118710
1 3482 78 175607
1 114732 83 175613
1 745 16 73751
0 140 64 142964
1 35259 82 2426
0 619 74 175596
0 673 65 113594
1 56 5 150163
0 271 27 124236
1 157793 98 103700
0 793 54 175589
1 44106 57 120491
0 520 76 114119
0 1038 73 114050
1 2000000 31 4522
0 76 17 179957
1 60111 96 175599
1 36743 75 24342
1 20702 61 175607
1 16051 38 35176
0 323 17 11994
1 49576 83 155066
0 2000000 32 105265
0 884 71 174873
0 149 37 64709
0 846 56 175607
0 581 37 198539
0 2000000 37 38047
0 850 72 80441
0 2000000 64 100229
1 3749 21 175604
1 4922 48 168128
0 300 22 43217
1 52907 70 175599
0 533 33 175598
1 4566 36 145546
1 30098 54 123811
0 43 16 175588
0 180 14 175606
0 2000000 15 102997
1 94626 89 175603
1 2000000 68 125370
1 6136 35 8231
0 231 43 175586
1 604 21 190553
0 969 52 157858
1 622 12 175596
1 48350 59 163164
0 18 1 175613
1 3360 33 17472
0 1178 62 1701
1 13398 81 175590
0 117 10 175613
0 222 48 85110
1 2000000 23 51375
1 53121 63 111961
1 140607 91 175609
0 784 54 198233
1 100962 77 175598
1 2000000 37 14676
1 63916 58 74350
1 2000000 44 62589
1 66 2 175586
0 2000000 100 76943
1 48141 61 28570
1 10057 46 175608
1 1924 16 175604
1 123443 81 175590
1 341 57 44886
0 883 80 175611
0 2000000 65 151688
1 2000000 96 66742
1 8581 90 14951
1 1077 75 175593
0 529 40 175612
1 279 25 175597
0 1383 96 182685
1 554 7 63305
0 2000000 40 14638
1 15568 42 63051
0 693 38 175598
0 619 79 144303
1 72794 71 132086
1 94 3 175588
0 96 36 133874
0 370 74 175595
1 740 28 88781
0 176 21 175594
0 406 75 175606
0 282 42 30083
0 397 27 175601
1 118085 97 60512
1 828 8 175589
1 157 8 175613
0 84 7 71548
0 906 54 23374
1 2245 20 175598
0 181 77 175589
1 13316 30 121267
0 243 26 166745
0 119 20 33318
1 4584 57 175611
0 1544 84 151015
0 390 44 145600
0 9 6 45823
0 557 35 16813
0 171 20 22153
0 558 47 34178
1 283 5 175585
1 40744 74 175598
1 2000000 68 56774
1 11677 48 190251
0 1653 87 155036
1 841 20 175608
0 1648 91 39986
0 609 58 175583
0 2 4 175587
0 327 31 175608
0 216 47 136153
0 762 72 46844
1 7479 27 175585
1 8689 30 45692
1 27230 40 84226
1 153900 90 67669
1 38690 71 185959
0 44 3 175594
1 13660 28 155841
0 87 15 30905
0 2000000 43 59413
1 6183 32 175587
0 36 78 175591
1 48398 69 128620
0 337 56 158632
1 129187 83 88047
0 176 17 176884
1 121382 82 24196
1 3925 24 175603
0 93 56 175583
0 51 95 175608
0 488 39 56506
1 60 3 175606
1 17803 41 175609
0 830 55 154221
1 129634 88 2245
0 770 52 147330
1 15655 94 175595
1 2736 12 82592
0 3 4 175586
1 90998 73 13376
0 361 19 125060
1 87856 68 8840
1 697 8 25170
0 493 95 70359
0 843 81 165977
1 304 4 50223
0 491 41 175609
0 88 15 175583
1 5219 25 105614
0 1254 66 109236
0 181 43 133532
0 813 81 175600
1 71303 85 107938
0 798 46 61798
1 142599 100 76191
0 2000000 32 144029
0 100 11 193426
1 14245 50 175590
1 84849 90 153132
1 262 13 175596
0 125 85 171581
0 18 2 131202
