1
37 69
178756
1000
1 100354 56 49658
1 111388 59 37352
0 640487 30 44909
0 1054 33 11286
1 50989 46 99413
0 1651 96 124804
1 2000000 16 7475
1 2000000 11 156011
1 165886 72 5121
1 2000000 58 173293
0 1010983 28 99702
0 2000000 4 88332
0 3139 98 4266
1 26152 56 61277
0 2176 68 61158
0 5 89 45506
1 376622 2 146551
0 2081 65 109090
0 2107 66 145783
0 1415 57 78157
0 2000000 96 75354
0 1376 43 172961
0 448 14 46076
0 1218 38 40752
1 97705 56 111796
0 1247 39 39638
0 1083115 5 133524
0 319 10 103570
0 465 71 107218
0 2948 92 138876
1 83232 51 32241
1 186500 86 160651
1 103968 57 49303
0 752 40 30796
0 2000000 23 102129
0 142 17 82741
0 739 23 95336
0 2000000 30 139486
1 18331 46 88428
1 2000000 54 112472
0 2000000 12 62813
0 127 5 154408
1 21629 26 104780
0 2208 69 75128
0 641 20 60340
0 588 81 27794
1 128631 95 81706
1 1012737 100 43262
1 86528 52 3008
1 25876 32 130613
0 224 7 48779
0 960 30 169617
1 817301 71 165281
1 2000000 32 123565
0 1312 41 29929
0 477660 55 164277
0 2813 88 10462
1 43715 75 130376
1 301088 97 54230
1 1168641 2 173108
1 8675 33 150557
1 43808 37 63406
1 8106 33 89661
0 2000000 77 150204
1 177 5 62006
0 2428 76 153583
0 2000000 93 147241
1 1890684 98 34669
1 2000000 67 16605
1 209952 81 36719
0 2000000 48 83045
0 155 5 167755
1 30166 54 7743
0 640 20 11545
0 672 21 778
0 1708137 40 25964
0 946 76 148388
1 74278 77 18671
0 31 7 151378
0 800 25 58438
0 593 63 132147
1 2000000 68 113872
1 2043 8 147172
0 2770 91 71262
1 2000000 43 152985
1 2000000 68 141990
0 2909 91 97311
0 2000000 24 128205
1 231200 85 92449
0 122 4 173918
0 2373 74 23819
1 143648 67 47866
1 1078607 91 134085
0 2788 87 111726
1 2000000 31 118643
0 701 22 66074
0 874702 11 4993
1 111392 59 126421
1 288 3 6482
0 2000000 60 34435
0 2000000 6 83498
0 424265 88 174641
1 813912 57 106730
1 54843 47 150401
0 2000000 55 119781
0 2000000 16 127225
1 1222875 7 167602
0 2000000 20 144303
1 16931 23 137084
1 2508 12 128654
0 544 17 140342
1 161312 71 117126
1 2000000 74 67048
0 390 28 142380
1 4608 12 10504
1 225792 84 125870
0 2661 83 159500
0 1632 51 28366
0 2000000 99 27951
0 1374 43 97033
0 2000000 96 131594
0 2334 73 69850
0 1056 33 127908
1 2000000 6 152443
0 2850 89 38661
0 1855813 71 172525
1 29837 49 8127
0 586 85 98496
1 26914 29 129147
0 1824 57 104542
0 1764 86 43544
0 1413 44 164979
0 3072 96 37863
1 209952 81 117874
1 336 5 102660
0 2693 100 66510
1 34848 33 142825
0 2000000 11 15935
1 149183 86 21345
1 131075 64 41786
0 3013 94 117612
1 43808 37 175766
0 2432 76 130680
1 7200 15 119296
0 1727 54 119987
0 2000000 33 51858
1 70095 47 90317
0 2944 92 56098
1 2374 10 77340
0 2016 63 174736
1 970786 7 20307
0 2000000 8 159765
1 1194427 62 104661
1 30629 91 160416
1 7205 15 111825
0 1248 39 97699
0 3008 94 16942
0 2000000 43 169516
1 293827 98 48076
1 12795 20 22899
1 2462 20 167962
0 473 35 39499
0 1661 52 91923
1 170532 73 164479
1 776 6 137323
1 50113 86 24995
0 1821 57 148720
0 1134 92 122221
0 2400 75 57801
0 1403 93 64793
0 2561 80 397
1 189728 77 111848
0 78 21 62517
1 2000000 49 149226
0 2000000 40 145610
1 313633 99 138356
0 1992616 26 93462
1 1105346 86 158922
0 960 30 130064
1 536763 93 155495
1 225788 84 139499
0 2000000 91 21484
1 2000000 26 100133
0 2000000 39 125861
1 85960 83 161164
1 26586 40 16185
1 253475 89 130795
0 202255 6 175004
0 337 92 69444
1 15491 22 38206
1 2000000 86 19417
0 2000000 41 136981
0 2962 97 159144
0 559037 38 105567
1 209952 81 99517
0 1404 44 173075
0 1859 58 169861
0 3164 99 90162
1 41475 36 132522
0 334 27 106603
0 594 66 8496
1 2000000 45 163730
1 4076 31 93408
1 2000000 78 90510
0 2041 99 30099
0 1379 43 41156
1 135204 65 125453
0 2909 91 134927
0 2000000 63 153414
1 2000000 67 173729
1 545 5 78204
1 80945 95 47261
0 2000000 17 2991
1 1085151 64 140062
0 192 6 139783
0 3103 97 145444
1 2000000 8 73302
1 2000000 30 25865
1 20000 25 18554
0 1941460 82 83371
1 115095 65 33853
0 2366 74 100632
1 131070 64 48189
0 534 66 22142
1 2000000 25 92542
1 194198 76 132738
0 1984 62 98664
1 2000000 51 44715
1 910502 19 71754
1 39200 35 69980
0 954 67 117820
1 383206 37 1593
0 2525 79 59521
1 247807 88 101555
1 184833 76 83877
1 39198 35 173972
0 668 21 151378
1 1032979 56 23867
0 574 18 70625
1 2000000 57 167854
0 101 3 22701
1 2000000 93 110701
0 2000000 26 149061
0 1711 86 58575
0 2437 76 3401
0 3136 98 152904
0 1187863 86 2107
1 294 5 79080
1 9248 17 168419
0 429 16 87052
0 2000000 20 95739
1 2000000 75 134025
0 2000000 7 1828
1 199712 79 5836
0 439435 33 14660
0 1308 41 109648
0 2880 90 103128
1 2000000 34 45724
0 1923 93 159846
0 1312 41 4152
0 2000000 74 112263
1 2472 20 118756
0 2000000 16 73551
1 14770 24 32462
1 1715593 43 42556
1 471346 58 1868
0 1440 45 117619
0 152 33 98913
0 59 30 119252
1 215166 82 153673
1 32768 32 117358
1 2000000 99 42817
1 21632 26 125817
1 2000000 1 130642
1 301088 97 161174
1 12796 20 158790
0 2256 98 96787
0 2000000 99 74771
0 2000000 46 46265
1 2368 20 91619
1 80032 93 17297
0 2852 89 2394
1 2000000 18 104919
0 714 52 52615
1 161312 71 139529
1 1294 8 169701
1 2000000 87 46217
1 4608 12 87239
0 2000000 27 118954
1 253472 89 6882
0 340542 14 26044
0 2432 76 24043
0 958 32 42057
1 2048 8 141046
1 2592 9 7358
1 12993 24 157719
0 2000000 46 21906
1 270847 92 3528
0 2784 87 62677
0 159 5 100891
1 32769 32 6883
1 152352 69 143858
1 1397991 14 119609
1 2000000 47 7668
1 5412 13 11847
0 698363 36 29265
0 1790 82 144182
1 2000000 78 66799
1 1797186 40 121202
1 72071 60 68038
0 1212740 34 87760
0 1916 60 27291
1 2000000 77 79306
0 1792 56 67251
0 478 53 92670
0 1461924 35 11943
1 3872 11 5998
0 768 24 133741
1 705354 79 38948
0 1376996 50 52942
1 2000000 66 165086
0 2849 89 55095
0 1172 52 52294
1 2000000 60 82693
0 1026 47 15163
1 13938 68 170499
0 1212 38 106966
1 58043 67 168427
1 32765 32 129300
0 376 60 4498
1 2000000 38 110412
1 2000000 15 96416
1 857265 22 59997
0 2751 86 75680
1 4934 51 119768
0 2432 76 66331
1 107648 58 69449
1 1424181 60 119934
0 927 29 154565
0 2432 76 70772
0 2000000 63 135527
0 206 14 61390
0 3072 96 60749
1 70815 49 174135
1 2000000 25 108843
0 2942 92 157234
0 479 15 123812
0 2720 85 5175
1 59686 99 49595
1 346125 20 15465
0 1096369 1 87076
1 2000000 4 123048
0 2181 68 140620
0 290 9 13338
1 7612 19 6371
1 1282 7 133370
1 158832 75 42646
0 2976 93 91104
1 83232 51 144035
1 2000000 63 110458
1 21637 26 7966
1 1250194 9 127443
0 2880 90 106994
1 13547 26 35834
0 165 48 30781
1 81919 62 123295
1 282752 94 6760
1 1220362 64 154440
0 1182 37 7487
0 1608 54 112340
0 776 39 112406
1 12 3 166453
0 2000000 63 38418
1 11665 21 130871
1 102 2 101830
0 1985 62 26675
0 2000000 77 127653
0 1399 73 159307
0 2000000 23 73365
1 2000000 39 25835
0 1600 50 121199
1 130 2 93363
0 571 18 89467
1 115200 60 70435
0 1124 35 153769
0 465 21 35059
1 21632 26 76151
1 1957 8 23710
1 2000000 49 68324
1 18432 24 147401
1 76832 49 103475
0 1376 43 42126
1 25088 28 31205
1 34848 33 23494
1 2000000 81 16201
0 2000000 79 130354
0 2460 77 123201
1 2000000 37 65034
0 797 25 168953
1 288 3 151222
1 93314 54 66507
1 34848 33 30321
1 11556 19 76700
0 2000000 91 69843
1 626 9 81468
0 324 20 135071
0 1866525 52 57082
1 100355 56 43963
0 1020 32 19664
1 32691 41 126028
1 231203 85 90740
0 2940 92 52192
1 220448 83 27650
0 3200 100 76001
1 27725 33 141558
1 2000000 96 116711
1 677061 29 68145
1 46204 38 87410
1 94701 57 140055
0 2000000 63 161822
0 2561 92 111926
1 2000000 47 87934
1 111393 59 26909
1 76832 49 131838
0 2016 63 4648
1 70727 58 22751
1 2000000 76 42488
0 2000000 23 129705
1 3201 10 82495
0 979 75 76215
0 2974 93 8603
1 2000000 84 163614
1 2000000 23 141894
1 276768 93 28301
1 215164 82 113330
1 1789958 55 20329
1 152809 90 138741
1 2000000 7 175519
0 2000000 99 20409
0 2208 69 13988
1 132467 88 66813
0 384 12 3855
1 419953 78 46775
0 1024 32 7379
0 1455 47 133171
1 70688 47 68883
0 832 26 125714
1 270848 92 55725
1 340806 88 40332
0 196 6 41437
0 1089 34 114472
1 2000000 94 55261
0 1053 33 4861
0 1984 62 171351
0 810 55 145398
0 2000000 6 52557
1 236676 86 113172
0 1920 60 166224
0 177 9 1990
1 759722 10 94686
0 2000000 7 165772
1 107395 71 103192
1 187419 87 89250
1 127008 63 4503
0 488638 16 101377
0 3136 98 140348
0 1664 52 49228
1 364760 71 4068
1 56445 42 109290
0 1538 48 30518
0 2000000 56 166557
1 107648 58 89500
1 34848 33 154093
0 2000000 18 54254
1 184828 76 33073
0 97 12 34372
0 2000000 70 158047
0 3202 100 85798
0 1799289 57 49223
0 194 12 41381
1 2000000 19 45173
1 23328 27 23400
1 67712 46 130920
0 1216 38 127608
1 231196 85 113256
1 3202 10 48561
0 261 41 146971
1 1877508 9 139893
0 117824 47 25128
0 231429 66 166229
1 5621 30 169556
1 11554 19 99886
1 143652 67 140427
0 2000000 78 148167
0 425824 25 3658
1 103968 57 54009
1 2000000 43 155644
0 2000000 25 1571
1 646 11 137286
1 301084 97 118612
1 512192 23 126768
0 326668 84 33676
1 73733 48 36399
1 45008 39 115655
1 30752 31 112968
1 89889 53 44187
0 1472 46 55581
0 490 19 54367
1 109864 31 23572
0 210 11 65586
1 25091 28 4238
0 697 28 19517
0 1533 48 128040
0 36833 81 17193
1 1733801 97 35432
1 1780474 36 95165
0 1917 60 90905
1 2000000 77 75885
0 504 49 125590
0 864 27 164326
0 2144 67 93199
0 1629412 88 161830
0 2000000 56 164726
1 2000000 21 162650
1 296687 10 114621
0 1612033 2 95628
1 2000000 38 65423
1 1136945 67 122358
0 1670443 10 67395
0 1857801 17 90541
0 2000000 76 140897
0 2971 93 17520
0 2752 86 98277
1 294911 96 152679
0 1024 32 66358
0 2000000 64 172360
1 2000000 23 43351
1 177888 98 121183
1 43807 37 47993
0 318 26 49453
1 2000000 37 56867
0 1341 42 39405
1 28804 30 152734
1 2047 8 143901
1 89888 53 130106
1 175232 74 69222
1 2000000 89 135526
0 2197 87 93697
0 1440 45 71911
0 1443 45 172083
1 2000000 82 98707
1 215168 82 127713
0 865 27 36956
0 352 11 142122
0 2000000 31 150057
1 1830624 11 152651
1 209947 81 31150
0 397316 52 92381
1 151663 72 4478
1 34848 33 165118
0 1636464 91 155547
0 2748 86 108479
1 1362 12 100091
1 1934007 34 143332
1 2000000 67 165673
1 231200 85 20539
1 320000 100 13766
1 2000000 16 148426
1 7203 15 45644
1 161313 71 34791
0 2000000 72 73032
1 2000000 18 68936
0 2000000 76 11558
0 662951 1 62118
0 638 20 12517
0 1856 58 49149
1 2000000 31 13306
0 2000000 75 124835
0 1694 53 165556
0 2123 91 168830
1 204805 80 103863
1 2000000 41 92417
1 2000000 37 159834
1 2000000 57 55688
0 2111 66 33069
1 21632 26 36805
0 207 63 90695
0 499877 56 53022
0 836 99 35586
1 53792 41 2908
0 1152 36 49069
0 285 88 39588
1 1811138 12 131705
1 1153 6 145724
1 2000000 93 18146
0 228 32 3909
1 727316 67 104993
1 2000000 70 14073
1 63609 27 61075
0 1311 87 11531
1 313633 99 109327
0 2269 71 79269
0 2944 92 137974
0 2239 99 39405
0 2000000 25 19000
1 2000000 26 102502
1 123009 62 1135
1 3873 11 172922
1 325414 8 139199
0 2000000 85 99658
0 2000000 99 145050
1 2000000 48 140644
1 209950 81 90916
0 676 21 96292
1 2000000 79 54725
0 1952 61 138203
1 209323 83 54736
1 902 6 9188
0 556815 51 137919
0 1436 45 148355
0 1251 52 173225
1 220451 83 59485
1 16656 38 117628
0 1489 51 105816
0 1024 32 49209
1 2000000 32 33580
1 199712 79 59843
1 2000000 90 170000
0 2592 81 48894
1 175235 74 23523
0 932 29 73494
1 204800 80 79870
1 152352 69 47619
0 1696 53 59922
0 69 2 151005
1 288 3 167844
0 111531 70 167376
1 139392 66 122342
1 174910 88 148971
0 2688 84 15006
1 25583 37 50981
1 236677 86 66451
1 786537 75 78273
0 188 90 174646
0 2000000 86 134216
1 152352 69 121291
0 288 9 99321
0 480 15 78227
1 269 3 73105
0 4 62 134400
0 1283 40 140217
0 1367408 33 126098
0 317 10 33768
1 1542162 73 97041
0 416 13 40156
0 1404 44 124175
0 257 49 88809
1 2000000 51 118158
1 87058 66 40288
0 1 1 161779
1 3621 24 32992
1 2000000 50 15605
1 284 3 51873
1 16924 23 141614
0 1206017 88 44351
1 2000000 49 101450
0 1853 58 61761
1 53791 41 99552
1 247808 88 69074
0 2000000 2 71115
1 497616 92 122488
0 2245 70 70963
1 147970 68 159905
1 410 9 54547
1 43805 37 45272
1 1706549 83 73216
1 15488 22 110301
0 2000000 70 138437
0 2000000 28 85557
1 2000000 22 113785
0 3168 99 19366
0 2000000 95 57077
0 553 64 99030
0 512 16 136615
0 288 9 61443
1 1718227 20 88363
1 2000000 12 151778
1 86528 52 74551
1 33011 41 119394
1 2000000 83 167730
1 419 4 13985
1 2000000 46 25490
0 1153 61 54284
0 2851 92 208
1 516 4 34280
0 1403 44 46056
1 2000000 40 94848
0 2000000 9 128046
1 766806 20 44648
0 2000000 70 81082
1 512 4 114230
0 2592 81 106658
0 1039065 72 90225
1 2000000 7 127489
0 1570 49 102951
1 156803 70 30545
1 2000000 45 70746
1 2000000 34 61258
0 2000000 36 116638
1 301083 97 72769
1 1194738 41 128465
1 53787 41 128268
0 113308 82 26836
1 2000000 84 133841
1 1320514 50 13482
1 6289 17 128978
1 165888 72 100850
1 391543 75 26967
1 2000000 84 130378
1 2000000 95 167283
0 2000000 18 23130
1 114514 76 92114
1 3146 71 121801
0 2000000 24 43249
0 2000000 61 64845
0 39 4 58456
0 709867 47 19095
0 2403 75 37004
1 274382 94 45568
0 3008 94 62049
0 1344 42 38207
1 61801 46 8126
1 8765 83 62993
1 2000000 69 104026
1 22415 36 158595
0 453 14 109755
0 1376 43 126016
0 1568 49 136374
0 2000000 38 54935
1 225792 84 97014
0 2000000 89 66951
0 2000000 63 37846
0 101 3 161655
1 89890 53 78589
0 1504 47 51623
1 28801 30 145732
0 2000000 57 118246
0 1763517 64 123046
0 2113 66 29390
0 1476 46 116694
1 290 3 100887
0 32 1 163339
1 45871 41 174328
1 97732 78 165733
0 52 10 112118
1 82664 58 36702
0 2465 93 23450
0 419 13 115877
0 2000000 84 67352
0 578990 94 101445
0 1664 52 153690
0 96 3 79586
1 1612971 42 172488
0 2000000 24 132738
0 1907152 41 172614
0 150 16 87409
0 1217 38 40158
1 227 5 103097
1 147970 68 50943
0 2000000 7 106174
0 1312 41 14267
0 967 60 3778
1 39195 35 18745
0 1923652 88 122131
1 2000000 81 83978
1 175237 74 78734
0 608677 79 115585
1 2000000 78 156945
1 170531 73 38939
1 184832 76 117267
1 28800 30 21310
0 1694 99 134701
1 14627 57 144711
1 10363 18 129029
0 1792 56 154988
1 92093 62 71006
1 2000000 73 66591
1 165888 72 120959
0 2041 69 108584
0 2000000 65 153159
1 106762 82 166842
0 2000000 43 123764
0 2336 73 91152
0 544 17 140337
1 73727 48 22330
0 384 12 128209
0 2000000 47 145388
1 16428 42 144012
0 1155 85 37409
0 2304 72 72406
1 83061 71 45034
1 2588 9 122317
1 12243 38 81631
1 32 1 114071
1 15493 22 147972
0 741 23 34169
1 109956 96 143052
0 2784 87 77210
1 147973 68 174665
0 932 29 95942
0 1501 47 153886
0 835 38 59025
0 2046 64 2418
1 2000000 35 79710
1 32768 32 173470
0 2112 66 73164
1 83237 51 80964
1 2000000 99 23913
0 822 39 24145
0 2000000 74 59685
0 2592 81 164411
0 2000000 48 59630
1 242208 87 51817
1 2000000 6 124313
0 1639 84 130713
1 2000000 99 112088
0 2000000 95 171061
1 59171 43 121430
0 2000000 93 163743
0 2981 93 70139
0 1379 43 125771
1 5074 76 3182
0 1567 49 12401
1 276771 93 124650
1 2000000 44 141367
1 1100062 69 131940
1 16928 23 12205
0 2240 70 119197
0 1381 43 124640
1 115200 60 22671
1 1577481 74 36117
0 95 5 129435
1 2000000 96 137018
0 2000000 9 103034
1 12949 28 27074
1 2000000 59 141201
1 194683 78 157210
0 2139 67 62128
1 2000000 8 138397
0 289 9 17836
1 1249828 63 112764
0 462 29 16071
0 122270 6 132092
1 391 5 160236
1 126246 69 125217
0 2684 88 89230
0 1544 93 80891
1 55365 44 170732
1 28800 30 61479
0 300 16 54241
1 11552 19 102289
0 2593 81 17284
0 1148 36 149175
1 49950 52 103038
0 846424 5 86251
1 24 1 25110
1 60660 63 170988
1 652484 22 134710
0 160 5 35446
1 1548035 62 143157
0 1080 70 158936
1 31111 35 132726
1 1831 8 8742
0 2000000 17 116070
1 262 7 71680
1 139395 66 44534
0 2000000 4 174549
0 1720 84 18677
1 51200 40 76074
0 359 18 37785
0 1760 55 36288
1 184836 76 5500
1 231200 85 105124
0 2000000 39 16517
1 850155 96 68252
0 1277 40 109606
0 1680 63 9166
0 1771180 76 14327
0 2000000 20 9256
0 1665 57 6039
0 496 90 24670
1 165888 72 128175
0 1605 50 37806
0 2000000 76 87823
0 161 5 139151
1 2000000 79 12775
1 905489 58 29915
1 30752 31 58963
1 2940 15 21097
0 2909 91 13898
0 2499 78 165818
0 224 7 77532
1 141042 68 110897
0 201 9 65865
0 1568 49 6481
1 2000000 53 148605
0 2000000 55 40436
1 19083 57 131286
0 2000000 33 54464
0 2980 93 33577
0 2144 67 50072
1 2000000 23 165315
0 1755269 75 52423
0 1297 85 175270
1 2000000 73 4058
1 8776 50 1680
1 179995 75 79936
1 61952 44 75647
0 217 96 4528
1 36987 34 38104
1 11554 19 23088
0 1312 41 114701
1 14109 21 157566
0 2656 83 142126
1 194688 78 70640
1 73724 48 46974
1 59168 43 121163
1 692 9 158826
0 133 7 105979
1 12805 20 91597
1 12801 20 113355
0 1833 71 173786
1 96805 55 75040
1 204802 80 171646
1 119072 61 45567
0 1085 35 70307
1 12803 20 173951
1 27037 77 98661
0 2000000 22 108187
0 961 30 3819
0 422 42 21997
1 23131 30 108479
1 103968 57 143733
1 2000000 53 129293
1 2000000 68 117104
0 33 3 105843
0 1532 48 22616
1 25088 28 165091
0 2368 74 93412
1 7942 19 6365
0 2000000 76 77095
1 128 2 114117
1 204802 80 41956
0 1918 60 8601
1 50205 41 98735
1 2000000 48 110778
0 2000000 49 71226
1 49424 65 67110
0 284 9 71871
0 2816 88 158884
0 1500 47 100815
0 1665579 98 68724
1 18435 24 70744
0 953 59 82048
0 3200 100 97207
0 554 41 40794
1 259200 90 952
0 2237 70 19144
1 2000000 71 112085
1 982405 24 17401
0 2000000 21 9560
0 3136 98 48358
1 15266 23 121943
1 93308 54 118173
0 799 25 102489
1 3200 10 148143
1 2000000 8 137755
1 2000000 47 24127
0 2000000 75 25205
1 131403 78 164702
1 509612 47 170854
0 2000000 73 25247
1 139388 66 83466
0 2000000 98 152036
1 3897 16 130960
1 288804 95 122242
1 73310 53 69891
1 126 2 21873
1 2000000 90 75889
1 2593 9 28122
0 2000000 61 77848
1 156765 66 36779
0 2000000 64 28941
0 1152 36 73262
0 2000000 88 61577
1 2000000 55 52233
1 5870 20 44345
0 2000000 86 148312
0 63 3 76713
1 1238244 27 90483
