338
46 34 28 49 20 3 61 52 74 75 87 42 65 75 41 35 53 39 21 46 52 88 28 29 27 47 78 3 46 46 31 62 25 97 49 88 5 65 56 97 67 8 97 27 97 99 17 99 100 9 93 81 78 67 66 35 39 66 77 0 20 90 90 82 29 41 65 26 39 12 0 82 36 7 12 41 67 77 82 77 36 64 52 59 4 68 31 73 81 64 6 42 41 90 66 86 31 92 62 90 14 26 51 21 86 32 3 90 91 81 61 32 31 18 41 56 46 80 77 88 27 47 90 76 44 46 55 71 2 46 42 54 29 19 69 24 41 62 5 88 20 45 64 37 63 66 50 27 56 22 85 77 37 90 29 63 100 27 64 69 38 49 99 99 61 2 98 82 78 86 78 86 15 59 32 65 71 33 67 15 37 24 90 35 35 50 96 54 98 59 99 70 50 55 73 57 15 91 31 0 56 50 17 10 56 33 0 61 76 4 82 50 49 61 0 60 15 55 43 86 81 36 8 41 2 98 21 34 7 14 68 32 68 76 69 91 84 47 34 60 86 78 36 59 91 52 1 4 59 81 69 97 84 37 85 7 25 65 18 48 14 44 66 100 5 96 91 3 12 94 44 35 36 93 29 99 94 12 96 65 8 39 1 66 92 51 59 87 76 14 97 8 45 10 93 71 61 32 34 28 58 42 93 37 54 72 47 56 85 40 20 54 65 97 80 80 43 27 1 13 28 13 30 92 45 82 12 35 8 25 56 26 42 67 18 70 8 62 66
198402 181518 186619 194038 181993 184252 187574 191872 175540 182513 197371 185265 190977 177749 191058 199371 196808 199291 174119 196052 195820 198575 197319 182325 183300 195156 181598 173455 191957 192920 194710 175567 191063 188933 176924 195305 197339 181081 198868 185067 186510 180343 178632 181740 175161 188282 192071 175877 182144 188768 187410 190908 182232 193577 188127 175552 178291 180817 199813 192586 186811 184384 174182 181087 192462 179704 173037 192118 175587 173899 180778 178734 189078 184736 171680 178327 177056 181478 179716 194924 177470 191848 179938 174384 177092 179091 185602 177531 195500 171934 199266 193127 181484 193438 184370 191773 189532 182055 187574 190357 182887 196952 192633 197199 189077 175883 198110 188090 195377 186338 199872 189513 178541 194946 183246 184366 193097 198013 194232 172526 186003 197539 178183 173978 184259 171602 180612 191110 193194 179046 178322 171961 172217 177804 186471 171541 179831 191343 197100 186675 188494 195182 191793 193517 178707 190488 196329 172814 174796 192927 197889 190632 173872 180983 171893 197515 180240 181415 172354 185867 191418 181738 199023 195582 179006 188174 197062 178244 185060 181003 183066 193422 199629 176328 196879 181129 193969 179827 195713 189871 172661 176868 176816 194801 180552 195135 172610 183096 178442 191882 198544 173024 174120 196753 172979 177107 179379 179637 178361 183952 185894 194612 194388 194318 172406 196591 183561 196603 182704 183684 181094 173247 190502 185721 190216 186039 190229 188817 179403 186871 191428 198997 180842 179714 196766 183741 182328 180622 179521 185762 183605 191227 189059 177484 176031 184723 181937 192005 178114 199629 198918 193635 173071 180382 182909 190425 191224 185014 182538 171783 179591 173898 185393 197937 185821 179167 172456 185550 186125 195193 194887 195267 187593 198197 182861 173745 195975 186616 194853 196613 172406 174734 184659 179351 171557 174882 173860 195321 178842 184311 174986 193904 198167 178016 174081 198982 173412 190785 184824 179371 173049 176516 183281 173150 196173 172844 194291 177429 194228 174476 176695 197461 178929 182663 186810 197400 175142 175574 181238 193531 172623 195089 191884 187992 189798 178943 187944 187219 184519 198791 178210 177428 176952 194123 186164 172718 182165 175618 178931 195183 196953 171886 175589 194465 196533 172926 188150 174291
1000
1 44 1 104979
1 609672 92 42728
0 2000000 71 127254
0 1458 27 137183
1 210837 64 110433
0 1138 21 126075
1 437395 90 166871
0 3614 67 120720
1 272214 71 1779
0 731 50 85460
0 427 8 113785
0 1782 33 4957
1 2000000 11 29430
0 1890 35 154586
0 1514 28 141721
1 2000000 58 162584
0 2970 55 16967
0 1648 40 156959
0 216 4 162097
1 1955599 89 113842
1 864 4 161700
0 1747703 82 106930
0 2000000 70 143299
0 2555 74 66881
0 2000000 72 57359
1 2000000 22 86622
0 2159 40 127287
0 4214 78 70140
1 247467 17 979
0 2000000 28 168199
0 2970 55 39223
0 2902 60 150066
0 2000000 31 171167
0 2000000 14 151558
0 4211 78 137828
0 2159 40 167174
0 1524 35 11331
1 2000000 63 144127
0 5081 94 101573
0 1436502 18 44516
0 2000000 30 130609
0 1944 36 68271
1 2000000 28 121086
0 2000000 17 37369
0 516307 48 83820
0 579384 88 153564
0 5130 95 61193
1 363096 82 96393
0 5400 100 133903
1 2000000 31 29185
1 1946574 49 74982
0 2538 47 105326
0 613883 55 74372
0 2000000 3 152235
1 2000000 54 5098
1 104545 44 134054
1 619 23 43688
1 2000000 26 27312
1 19489 19 112136
0 3722 69 39560
0 2101 39 105874
0 2592 48 109030
1 114230 97 64097
1 2000000 97 107820
1 2000000 39 129180
0 3945 84 36930
0 5292 98 80249
0 2000000 86 50906
1 145154 65 92309
0 904444 61 76448
1 181656 58 76897
0 2000000 18 157031
1 124416 48 113524
0 3860 77 73446
0 4680 96 102370
1 337016 79 17392
0 1023 19 49954
0 1834 34 15284
0 2000000 52 4883
1 255090 42 109767
1 328534 78 75389
1 2000000 74 107600
1 100027 45 114395
1 540000 100 124623
0 436 21 103632
0 1293 24 64257
0 1059 30 137562
0 4751 88 67301
1 2000000 44 26087
1 303752 75 72190
1 129654 49 51671
1 2000000 79 24892
0 535 10 167666
1 42336 28 84929
0 682 26 28742
1 13 1 7765
0 585644 61 63137
1 31107 24 48103
0 401 58 106963
0 5184 96 2139
1 529254 99 22846
1 6771 30 99615
0 688 66 17441
1 486 3 19341
1 73929 37 19168
1 1421044 15 7637
0 933 29 730
0 2756 51 78067
1 38436 50 53572
1 272212 71 94610
1 427734 89 19451
0 2970 55 170222
1 32066 59 146354
1 2000000 77 25128
0 1192 22 19871
0 1029 19 111804
0 3783 70 115104
1 17455 23 105540
0 1134 21 103163
0 2000000 58 154494
0 2809 52 33533
0 1616 30 155536
0 1881557 16 45307
1 518619 98 36265
0 3942 73 22478
1 2000000 95 162814
0 2754 51 53080
0 2000000 2 20034
1 408726 87 130785
1 2000000 47 97081
1 2000000 10 12649
1 28566 23 74460
0 4104 76 106948
0 327 6 23535
0 91 13 48642
0 536 10 168588
1 146011 52 93935
1 69112 63 71421
1 10949 82 124198
1 467041 93 89364
0 1944 36 24292
0 1512138 40 156597
0 5125 95 53005
1 66150 35 83064
0 250845 17 83372
0 1141529 20 33235
0 2593 48 60924
1 51892 31 130759
1 2000000 54 90681
0 2000000 65 71982
0 1404 81 101371
0 2000000 32 55440
1 345603 80 129510
1 603341 40 85740
0 2000000 70 40386
0 3775 70 160476
0 2000000 17 150288
1 228150 65 25622
1 216 2 128679
1 287764 73 118191
0 1612825 73 35333
1 62419 34 129122
0 3027 56 162293
1 2000000 78 162005
1 249697 68 69675
1 477139 94 51527
0 2000000 35 171527
1 99846 43 96211
0 2376 44 77148
0 352 18 134698
1 2000000 48 150807
0 5026 93 161349
1 19771 21 120235
0 2000000 77 107715
0 5130 95 7937
1 2000000 19 50409
0 2000000 70 77676
1 14976 24 145314
0 1246 23 17946
1 2000000 57 113252
1 135000 50 44132
1 320171 77 142543
0 2000000 3 4673
1 597259 74 121136
1 55299 32 161494
1 2000000 32 41584
0 158 5 93523
1 69984 36 167754
1 491 3 91650
0 162 3 14515
1 48603 30 147293
1 328536 78 92211
0 2000000 50 10799
0 1026 19 68149
0 2000000 54 1978
0 2000000 45 68770
0 799 23 21200
0 2000000 6 109878
1 2000000 77 18826
1 51899 31 60832
0 2019 69 56328
1 2000000 61 138753
1 130657 75 153050
1 363096 82 17136
1 34348 40 27733
1 307730 93 128884
0 1426520 66 72166
0 2221 75 16098
0 866867 42 87976
0 5395 100 32409
0 108 2 100042
0 594 11 113295
0 2000000 14 24815
1 207577 62 156820
0 540 10 124950
0 3311 73 145091
1 1256195 86 38226
0 5021 93 58075
1 345 9 24002
0 762368 48 85878
0 1099371 57 6991
0 2000000 79 155131
1 457061 92 38767
0 3944 73 162321
0 3942 73 115134
0 808 15 112866
1 2000000 54 74368
1 257095 69 87772
0 2376 44 47749
1 2000000 38 130348
1 357734 85 154507
0 4968 92 27355
0 2806 52 121122
0 3402 63 1877
0 162 3 98261
0 2000000 15 90742
0 13 17 72295
0 57 1 61713
1 2000000 51 169218
0 2000000 18 143208
0 914 17 169599
0 815162 97 159943
1 48601 30 132117
0 4322 80 135908
0 531949 72 122219
1 2000000 99 158697
0 1458 27 145247
0 487 9 34995
1 505929 41 111408
0 915 74 155042
0 433 8 159541
1 2000000 94 20562
0 1080 20 96914
1 187974 59 152565
1 58346 79 109754
1 1196126 61 52206
0 268038 7 61555
0 2000000 7 103493
0 1816 36 116433
1 182932 78 146805
0 2000000 80 152795
0 4318 80 114446
0 1083 20 74048
0 432 8 162688
0 1925828 6 32417
1 33310 50 78412
1 102402 49 149524
0 2000000 31 69845
0 2214 41 56711
0 486 9 64136
1 2000000 6 40620
0 4484 83 104478
1 1944 6 168731
1 363101 82 101023
0 159 3 48009
0 1996 37 145154
0 2000000 45 104905
1 242401 67 102431
0 2000000 64 115187
0 206 93 49528
0 3457 64 26073
0 669759 11 44897
0 2000000 11 103684
0 2269 51 21474
1 1554072 58 58711
1 2000000 74 143653
0 489 9 132806
0 1501 49 71646
0 2000000 65 29274
1 183022 85 80409
1 1424 9 19824
1 2646 7 20573
1 2000000 52 145182
0 2000000 43 115197
0 973 18 22699
0 1595 56 102350
0 1047 66 162665
1 17871 39 4042
0 2000000 86 168900
1 11872 26 41425
0 4187 92 132239
1 2000000 52 159336
1 447171 91 161296
1 3398 49 86314
0 2000000 96 22093
1 211 2 155796
1 321093 97 120082
0 5234 97 156528
0 846 29 169640
0 1242 23 78512
1 12 1 45551
0 4318 80 81609
0 2000000 31 84454
1 2323 43 104735
1 1476605 87 69667
0 4211 78 67305
0 2000000 10 157231
1 2000000 26 67678
1 410590 90 123726
0 1531 89 69448
0 1782 33 94338
1 515737 51 41002
0 82 6 169717
1 1955643 63 17234
0 2808 52 58092
0 1733 32 41201
1 2000000 15 152216
0 4591 85 13254
1 1696709 24 11413
0 810 15 105192
0 233 70 131466
0 26 1 53725
1 33775 55 59294
0 2000000 36 68812
1 95256 42 110229
1 79316 92 73419
0 4592 85 145684
1 124414 48 65539
0 432 8 96887
0 1890 35 149282
0 1293 65 58717
0 1562 29 89391
1 109350 45 125539
0 4374 81 122932
1 457056 92 29286
0 1203700 56 20713
1 71911 61 161213
1 477144 94 141284
0 140 3 156165
0 3671 68 40875
1 41761 29 35237
0 106 6 18030
0 2650 49 133535
1 12150 15 168880
0 1297 24 106212
0 2806 66 82674
1 437400 90 29649
0 2000000 25 80830
0 186 43 16502
0 2000000 51 29839
1 92616 80 18687
0 5346 99 147879
1 49 1 160933
1 242404 67 141372
1 2000000 39 22887
1 151689 53 63585
0 1673 31 59649
0 162 3 85698
1 8708 25 129747
0 1971753 39 10712
0 846966 99 95337
1 140454 51 72378
0 2267 42 102726
1 337014 79 88869
0 3137 58 11154
0 2000000 40 135968
0 1028 19 51296
0 432 8 90672
1 2000000 40 170987
0 2000000 44 64035
0 2325 51 36101
0 4753 88 22315
1 477144 94 49987
0 2000000 86 9409
1 1868 8 111789
0 2000000 67 66667
1 24 28 24783
1 97131 60 147397
1 728 7 81797
1 2000000 71 14939
1 311909 76 168430
1 86303 50 29260
1 234937 77 168935
1 1876901 90 26991
1 2000000 78 150288
1 264600 70 62367
0 810 15 96472
0 1188 22 96905
0 257 29 104693
0 4748 88 161227
1 2000000 13 166645
0 2418 90 20340
1 1913405 64 148495
0 2809 52 70023
1 2000000 94 66780
1 6936 70 77894
1 427733 89 84162
0 1614 47 57421
0 3407 63 165553
0 2056 38 92675
0 2697 50 159480
0 1180 74 107840
1 427729 89 106699
1 2000000 60 906
1 2000000 17 153404
0 1782 33 30122
1 399382 86 111962
0 110 2 36296
1 2000000 90 48197
0 1292 24 126331
1 33753 25 15486
0 2000000 72 98122
1 2000000 43 152905
1 1823208 58 52389
0 2000000 93 119191
1 2000000 86 23411
0 643 12 109020
0 1961 61 28694
1 119965 50 104845
0 2000000 68 144190
0 3783 70 80115
0 2000000 38 44884
0 582 44 31729
0 3454 64 25371
0 700 13 93400
1 90774 41 84895
1 13824 16 41427
0 241 13 87245
0 800 18 9359
0 38 38 126169
0 2000000 94 12303
0 2000000 98 3734
0 324 6 124483
0 269113 42 144329
0 2000000 14 97412
1 207576 62 71491
0 234452 23 121208
1 124412 48 58072
0 2000000 33 30459
1 119286 47 30409
1 8472 35 32604
0 1188 22 113318
1 2000000 37 101205
1 913918 60 148726
0 2000000 100 37631
1 56611 41 42138
1 6534 11 122408
0 2182 78 60218
1 26136 22 97352
1 486 3 148366
0 436 8 2376
1 39366 27 55467
1 8 2 147495
0 2000000 45 135915
0 335664 12 40673
0 812140 16 158420
1 19494 19 107131
1 200938 61 67470
0 4585 85 116116
1 1910779 42 87989
0 5292 98 133235
1 95255 42 107637
0 2000000 42 39298
1 7774 12 71565
0 2000000 71 132634
1 135003 50 79016
0 2000000 38 30731
0 5184 96 151821
1 354294 81 12493
0 937 18 116086
0 1026 19 144492
1 120 2 72353
1 447174 91 52675
0 2381 44 124852
0 973 18 119657
0 3240 60 109405
1 115728 67 56873
0 2000000 38 92412
0 213 4 51554
1 38161 40 49069
0 380304 29 159753
1 38668 72 36302
0 5022 93 93562
0 2000000 12 100513
1 257094 69 130752
1 390146 85 156249
0 4104 76 45722
0 4701 87 147135
1 227332 3 32463
1 166145 23 61082
1 76649 79 96912
0 186 5 63602
0 1747 67 49983
1 175446 57 88751
1 328540 78 110524
0 2000000 89 279
0 1599972 56 78979
1 2000000 6 164662
1 28565 23 169833
0 4262 79 110475
1 1650198 81 114402
0 1286 39 18274
0 791 35 85909
0 2000000 47 76892
0 151 45 115059
0 2186 52 35780
0 4319 80 163612
0 2379 44 45639
1 62424 34 80234
1 1630725 63 75864
1 16696 24 153047
1 2000000 73 132016
1 2000000 45 85070
0 4536 84 125513
1 146013 52 163949
1 2000000 8 136612
0 2214 41 35326
1 55296 32 73088
0 162 3 25364
1 433142 9 112381
0 2000000 51 51690
1 15609 17 98379
1 447174 91 24331
1 17495 18 165459
0 157 4 16079
1 194400 60 62730
1 2000000 22 68697
1 427737 89 68215
1 3774 14 27457
1 2000000 41 6568
1 29731 60 134164
0 811 25 112117
1 1911 37 131516
0 280 36 118908
0 1902617 9 26156
0 4104 76 87152
0 1998 37 117988
0 2109 90 44751
0 1129 21 47657
0 334856 42 121732
1 58806 33 45620
0 153 12 125000
1 1499748 37 79665
0 2000000 34 122241
1 1106982 13 148652
1 2646 7 66756
0 434 13 150285
0 2539 47 163362
1 2000000 20 131504
1 363091 82 14842
1 437405 90 64590
1 23825 50 137860
0 474 11 141509
0 4213 78 65414
1 283733 80 117659
1 241634 89 56460
1 163354 55 31496
0 359 10 139743
0 706 13 92205
0 3181 59 81997
1 51481 35 12618
0 161 20 86941
0 1350 25 117770
0 1659909 84 110652
0 2000000 92 166086
0 212 16 114852
1 1094114 42 131378
0 1091202 13 5489
1 437400 90 136850
0 606199 8 46676
1 1207379 74 2882
0 1433 59 39708
0 659 26 155506
1 337014 79 74248
1 21860 37 77183
0 5238 97 3215
1 372006 83 123240
1 2000000 33 148649
1 2000000 24 65859
0 2538 47 58270
1 219 2 122017
1 73925 37 158156
1 477144 94 131391
1 2000000 75 150702
0 1782765 87 121217
0 3510 65 14956
0 310 60 79740
1 186 2 40919
0 47 2 66340
1 2000000 11 100956
1 187974 59 121370
1 422526 94 51246
1 9126 13 51473
0 2000000 67 31255
1 2000000 36 113661
0 2000000 9 151126
0 1456 27 165772
1 174999 65 104006
0 4431 82 126769
0 2572 67 160056
1 2000000 81 52392
0 2000000 84 160431
1 529254 99 107190
1 430397 93 63035
1 237566 69 50158
1 2000000 36 105374
1 12338 45 29536
0 1836 34 79071
1 98123 46 25305
1 140809 98 168408
0 1302 51 157829
1 194402 60 80518
0 973 18 133669
0 5346 99 109209
0 317 44 171291
1 449 3 78554
0 2000000 98 21173
1 2000000 12 96884
1 69984 36 132762
1 390150 85 11759
1 2000000 77 111285
0 2000000 13 85157
0 2000000 16 139363
1 320166 77 115630
1 1350 5 171106
0 2646 49 78049
1 26131 22 61609
0 2000000 11 40266
1 2000000 68 162374
1 221187 64 13117
1 51892 31 140575
1 26137 22 70139
1 964578 57 15531
0 1192 22 631
0 702 49 142604
1 1467122 36 107788
0 2000000 44 115622
1 10584 14 94280
0 1836 34 87139
1 2000000 36 83576
1 529258 99 109667
1 2000000 16 111845
0 2052 38 36480
0 2000000 58 161455
1 77976 38 24770
0 1296 24 46188
0 607 75 135492
0 1711 32 144392
0 345757 19 162555
1 249694 68 106739
0 5184 96 9723
0 2000000 69 801
0 208 38 76302
0 1134 21 96175
0 4914 91 60536
0 3407 63 96351
0 1109 74 37648
0 2000000 43 38266
1 109287 82 103885
0 2000000 37 154052
1 30631 79 37749
1 279931 72 136711
1 12154 15 136832
1 43 5 35098
1 455060 12 79856
1 51894 31 36913
1 89042 65 35106
0 270 5 12672
1 26137 22 152803
0 2000000 93 86545
1 187974 59 57996
0 73 55 120914
0 2214 41 120877
0 1378181 79 109598
0 132 17 141108
1 211 2 161656
0 2000000 42 114504
1 2000000 44 80558
1 2000000 100 141565
0 2000000 97 141507
1 53318 32 59113
1 51894 31 77904
1 2646 7 113260
0 763961 52 164344
1 17493 18 121824
0 2052 38 135790
1 255018 25 121925
0 739 98 92639
1 2000000 31 95441
1 41297 33 58083
0 313283 91 72968
1 251490 96 91465
1 59006 38 151440
0 3240 60 154231
0 3675 89 96141
1 19496 19 34501
0 4049 75 53000
0 1965813 12 22055
0 2000000 9 160147
1 2000000 85 137157
1 2000000 69 67219
1 272209 71 168362
0 2000000 28 87393
1 49027 43 154151
1 2646 7 158398
0 2000000 52 156633
1 2000000 36 15452
0 835 78 164497
1 2000000 21 17529
0 903737 58 125533
0 2000000 53 59331
0 4104 76 21732
0 3402 63 74715
1 2000000 90 95164
1 497664 96 155852
0 3834 71 163953
1 97707 65 161823
0 699 13 118107
1 200934 61 119277
1 119287 47 130284
1 3454 8 82995
0 972 18 4921
0 2000000 40 8410
0 2538 47 162202
1 2000000 65 82275
1 508081 97 7103
0 2000000 29 101979
1 133978 61 157244
0 4801 89 26586
1 52508 35 121718
0 3938 73 94990
1 217 2 118134
0 4647 86 161868
1 529254 99 140390
0 3777 70 6646
1 2000000 24 126967
0 166 3 124421
0 1728 32 78701
0 2597 48 9400
1 1355 5 166268
0 2000000 72 159202
0 1296 24 81324
1 22660 45 95190
0 2562 60 112131
0 580 12 87112
1 104544 44 146857
0 2000000 61 99963
1 2000000 12 160530
0 2000000 66 33481
0 1477961 43 69450
0 1217 42 14091
0 2000000 69 46198
0 275 5 83987
1 487352 95 64971
0 1291 24 156340
1 10585 14 37349
1 39366 27 30484
1 427737 89 118057
1 2000000 82 86471
1 21600 20 16360
0 423 12 121198
0 2862 53 51735
1 372010 83 62436
1 2000000 67 159133
1 235224 66 42823
1 431958 25 109385
0 864 16 143890
0 2000000 91 171230
1 508086 97 149871
0 2000000 54 84667
1 3242 46 131315
0 2000000 50 150799
0 2916 54 84901
1 320166 77 122338
0 2265 42 149111
1 5263 12 122223
0 5127 95 141945
1 2000000 45 157636
1 1161837 38 3759
1 7466 15 148672
0 2104 39 129903
0 2000000 64 28199
1 2000000 7 45248
1 48600 30 168979
0 4750 88 22037
1 83182 53 110941
0 479192 38 76992
1 86404 40 93323
0 70 4 69126
0 4376 81 157113
1 151690 53 126341
1 345600 80 88701
0 648 12 145925
0 369034 18 137181
1 12219 38 22057
0 2000000 56 99815
0 532 91 49506
0 5400 100 72012
1 1872807 32 170365
0 2000000 70 139587
0 1815 86 70465
1 70479 44 71617
1 151683 53 1665
1 540000 100 72999
0 1178188 100 72042
0 2418 46 73411
1 1930906 86 17301
1 13829 16 3954
1 2000000 8 35567
1 21697 21 10826
0 2000000 20 93370
0 2327 43 106862
1 58810 33 16249
0 40 1 135924
1 86399 40 98466
1 21600 20 15660
1 95 10 148888
0 909 28 30944
0 111 2 16819
1 2000000 93 157057
1 393439 90 113421
0 2000000 14 153600
0 384 53 64200
1 145457 67 159815
1 73461 45 20099
1 157469 54 79586
1 9126 13 63251
0 562 11 4071
0 1795 63 161321
0 1621636 60 19442
0 339076 79 85553
0 1875 41 141458
1 214325 63 109909
0 2534 47 67426
0 2000000 26 163882
0 2863 53 169137
1 320162 77 98173
0 181 15 103187
0 1797 35 87141
0 4806 89 17157
1 2031 35 23618
1 2000000 55 149522
1 29 1 84694
1 9326 42 166075
1 2000000 90 11512
1 212439 70 361
0 522495 49 149369
0 2000000 19 72632
1 4148 9 76272
0 5346 99 135423
1 58811 33 112208
0 3402 63 77559
0 2000000 88 68182
1 249694 68 29655
0 1318 49 74091
0 378 7 171113
1 19497 19 146486
0 3515 68 169976
1 576219 8 43759
0 1657 33 130718
0 2000000 57 62010
1 2000000 58 69934
0 2000000 7 121784
0 4536 84 167707
0 3190 59 158350
1 213239 34 1754
1 27726 35 17099
1 33749 25 150728
0 5292 98 22185
1 418176 88 34445
0 2370 83 48447
0 2755 51 99568
0 1944 36 102531
1 2000000 8 95583
0 162 3 140169
0 1687402 53 4116
0 584794 23 56600
0 2000000 26 11155
1 390146 85 69818
0 942 58 108894
0 2000000 16 111122
0 2000000 76 46586
1 90774 41 22107
0 100 32 149680
0 2000000 62 83158
1 3007 33 136868
0 3451 64 72424
1 336003 92 113215
1 1320178 84 160521
1 35834 28 86980
0 2052 38 93984
1 55292 32 72489
0 1437717 47 13642
1 2000000 15 64798
1 4374 9 102035
1 2000000 76 10313
1 2000000 68 19210
0 295 97 154134
0 389495 36 7872
1 23814 21 129080
1 2000000 81 86006
1 2000000 81 77728
1 363096 82 137568
1 69984 36 10517
0 1944 36 134437
1 235224 66 143920
0 1528256 45 75178
1 109352 45 93220
0 2419 53 28220
1 320164 77 153533
1 497664 96 169765
0 320 17 164373
0 1985774 81 75245
1 26136 22 21407
0 610 77 124411
0 918 17 89323
1 5400 10 41723
0 2322 43 151192
0 3996 74 54775
0 602 52 100302
0 4752 88 158254
0 1540 100 104348
0 31 2 124320
1 26193 55 129451
0 216 4 66307
0 971541 6 14219
1 194400 60 87501
0 214 4 164743
0 2754 51 28659
1 2000000 85 157136
1 2000000 89 85101
1 1809615 4 42641
0 3130 58 145022
1 2000000 43 76663
1 175447 57 33486
0 901094 39 87952
1 2000000 21 159593
0 656705 75 94190
1 26790 39 93858
1 2000000 61 97725
0 1779 33 125834
0 4915 91 86074
1 311907 76 27885
1 303748 75 167190
0 1942 36 67824
1 35817 37 32363
1 104543 44 109025
1 2000000 22 68974
1 66150 35 142327
0 2000000 32 119058
1 21600 20 124944
0 1508 28 40408
1 320169 77 130311
0 2000000 48 86508
1 688714 5 134663
0 3878 80 49995
1 4595 30 31277
0 1185 84 127622
0 3398 72 58164
0 5184 96 7309
0 1352 25 143931
0 1346 25 57296
0 4482 83 91210
1 427733 89 64464
0 3996 74 144049
0 2106 39 90098
0 75336 48 96394
1 279936 72 73824
1 2000000 50 35770
1 60902 46 148060
1 16661 62 16760
1 2000000 12 116407
1 146012 52 159935
0 2000000 48 168476
1 295704 74 161231
1 13823 16 166757
0 2291 99 138726
1 735816 45 93386
1 707841 23 36484
1 2000000 29 30357
0 2586 58 136365
1 508086 97 46322
1 39368 27 110449
0 486 9 133646
1 2000000 80 115335
0 2000000 1 138311
1 140454 51 25529
0 2540 47 40715
0 163491 14 54970
1 2000000 14 7169
