513
76 23 74 72 24 84 30 25 82 49 38 77 16 95 31 46 75 99 25 35 30 5 37 69 46 35 73 3 82 51 82 31 17 42 54 45 18 36 20 26 76 59 68 5 42 28 73 56 49 24 64 59 6 79 62 25 56 45 72 29 24 43 39 7 75 65 42 43 96 4 80 13 15 8 57 80 11 92 54 39 32 59 2 100 50 98 53 78 80 49 35 83 2 87 35 32 15 4 74 44 37 2 69 54 95 9 34 38 5 98 85 89 57 63 42 53 9 83 27 39 47 60 60 52 47 59 66 77 10 32 51 27 28 20 2 94 60 60 30 4 15 32 85 5 13 18 72 72 74 67 93 6 66 32 66 25 60 70 7 19 1 46 16 57 6 80 89 11 94 3 82 6 28 15 55 53 52 56 49 89 82 100 22 76 86 44 72 12 30 37 53 78 44 48 74 70 0 20 34 36 36 10 23 38 90 58 64 66 44 19 41 37 2 71 74 32 73 28 67 16 4 48 28 38 20 37 27 54 69 67 82 18 40 26 79 52 84 13 67 81 73 39 46 21 91 92 32 16 77 83 1 83 91 100 76 88 55 65 42 61 84 78 53 60 73 14 53 92 12 17 3 84 37 93 33 69 44 27 80 44 23 39 48 96 65 73 64 8 0 12 80 96 27 61 94 76 10 47 88 62 54 2 54 40 42 98 80 47 60 21 41 61 85 61 5 53 56 8 39 100 24 56 83 34 59 76 51 1 55 2 23 84 49 9 83 25 5 15 30 46 63 23 36 84 58 31 19 34 66 80 87 5 23 92 76 61 56 35 2 50 85 1 99 59 50 79 86 93 11 95 68 79 86 14 94 29 83 36 43 12 27 61 21 16 35 65 94 60 43 46 30 93 75 33 82 53 66 63 100 73 59 98 61 62 0 24 98 35 77 8 85 2 82 22 92 47 6 32 83 56 22 4 73 39 11 45 13 27 86 27 57 11 50 23 1 39 29 48 59 35 36 98 39 19 37 77 85 98 72 27 100 62 33 64 79 4 14 85 29 3 10 80 59 70 82 5 70 21 0 64 99 64 96 46 1 80 12 81 64 91 63 42 72 16 30 9 46 39 84 10 33 72 35 63 32 62 43 76 12 25 3 35 17 34 93 53 53 8 88 22 82 94 14 13
5 1 1 6 1 1 2 1 8 15 14 14 21 20 21 21 16 11 25 27 30 15 15 23 32 20 29 18 25 24 41 30 28 38 29 43 28 34 49 30 45 38 37 49 42 52 50 50 49 46 48 45 47 50 49 64 53 59 49 63 66 64 73 70 72 60 59 60 65 78 65 70 78 73 80 74 85 75 84 77 90 75 78 77 76 89 82 92 83 99 97 87 103 95 89 101 101 104 105 93 93 102 103 98 104 103 100 105 114 109 107 102 117 109 123 112 122 121 119 122 113 112 118 118 134 131 126 138 127 139 123 139 142 140 132 135 141 143 143 150 140 139 142 138 150 151 143 153 148 140 159 150 151 163 148 161 164 151 152 156 160 156 155 159 157 168 173 175 168 161 168 162 170 168 169 182 183 186 176 178 180 186 186 190 175 190 191 194 188 185 184 199 197 186 202 199 191 195 196 193 198 200 200 201 195 215 197 206 213 220 202 208 216 222 220 223 211 209 210 230 218 213 214 226 222 221 234 234 229 232 226 222 231 230 242 231 239 236 241 249 245 247 238 239 247 254 240 238 259 260 260 254 261 251 262 265 267 266 258 267 253 254 253 271 259 262 261 258 260 268 279 268 276 283 281 276 279 270 270 280 280 275 281 292 286 288 287 288 282 296 291 298 303 287 304 304 300 290 300 292 302 295 295 302 312 304 297 311 318 310 302 305 308 309 322 325 323 322 314 324 327 313 313 328 319 336 317 326 329 326 330 334 333 328 338 328 346 340 335 330 347 332 338 351 338 343 337 347 347 340 346 355 355 344 365 364 351 352 352 356 357 362 363 363 371 360 365 376 360 377 363 379 363 368 372 366 367 372 374 387 390 386 373 374 392 377 392 386 384 390 401 392 386 390 400 403 388 396 399 408 407 394 397 403 402 411 406 398 402 410 415 412 414 409 416 412 408 408 413 414 428 427 428 414 426 420 437 433 430 431 426 439 428 440 437 431 435 435 441 448 444 445 448 449 445 445 444 446 459 451 448 458 463 461 447 447 459 464 468 457 461 461 464 467 474 468 466 468 468 471 480 465 470 484 472 472 482 473 482 479 479 474 487 483 491 488 494 498 481 497 486 482 497 495 487 486 488 501 489 508 493 503 503 512 502 504 514 512 513 518 518 506 504
154
1 149773 94 149694
1 5135 19 149701
0 2000000 96 127869
1 1753 11 149684
0 271 26 149685
0 1070 45 80588
0 397 49 59458
0 2000000 44 54162
1 14445 40 121109
1 2000000 15 88777
1 2000000 56 61464
1 26541 64 166690
0 2000000 24 139819
0 2024 96 149675
0 325 36 149696
0 521 79 149701
1 68975 95 149698
1 7135 59 149700
1 8308 61 58977
1 2000000 38 50899
0 329 42 149689
1 1791 48 149692
0 2000000 45 18853
1 2000000 43 119228
1 162812 97 103876
1 117211 100 8676
0 1252 69 149678
0 1313 58 51911
0 2000000 30 141554
0 70 12 128871
0 2000000 91 17129
1 74179 94 26872
1 1091 7 149675
0 1160 64 149687
1 89854 66 149691
0 1152 48 102783
0 563 24 118406
0 280 70 35736
1 29792 79 149689
1 10440 26 149690
1 3843 15 183028
1 27 2 83323
1 138624 76 9710
0 360 43 149687
0 52 8 90546
1 18685 46 23284
0 1159 85 83777
1 10663 63 149683
0 33 91 125784
0 192 67 113738
0 1571 81 19884
0 1454 93 69633
0 182 26 66996
1 23913 49 149672
0 205 10 149682
0 255 18 149683
1 2000000 67 3431
1 7546 55 72996
0 1359 59 149685
1 8038 23 69996
1 41918 79 74200
1 10869 63 149684
0 1790 91 149689
1 37853 52 48973
1 8942 51 7047
0 991 49 194024
0 43 14 157051
1 1640 29 160550
0 98 11 129591
1 13874 35 102065
1 23353 62 62295
1 26322 83 149697
1 6 1 127804
1 14793 32 149697
1 677 10 149683
1 70861 71 177736
1 26956 78 149698
1 2000000 4 114068
1 8984 41 149700
1 51644 78 100759
0 1600 79 149683
1 144230 94 182477
1 2000000 67 47782
1 16459 29 149674
1 110867 68 149683
1 6443 40 149682
1 22562 38 124259
0 764 57 149682
1 11570 36 79642
1 17080 34 149684
1 198 5 149681
0 427 23 149689
0 31 13 149683
0 1752 86 149684
1 202511 96 125962
0 211 20 163150
1 2000000 12 27274
0 46 3 174584
0 1486 80 115696
1 830 9 149673
1 4448 18 39324
0 77 6 91952
0 7 6 149701
0 103 7 149684
0 48 2 110359
1 121651 94 12215
1 81 3 132631
1 18506 47 149698
1 31111 84 45847
1 4101 42 55073
0 329 61 80639
1 57908 91 149697
1 75952 82 110640
0 41 8 152125
0 30 43 92910
1 41 3 149683
0 93 68 179876
0 217 49 145206
1 114 3 149698
1 100541 91 149688
0 1124 63 149690
1 2000000 2 129222
0 1720 81 46091
0 2000000 4 142742
1 35262 53 149679
0 121 8 190315
0 1627 100 149680
0 776 76 152354
0 1327 89 149681
1 2000000 31 61758
0 446 58 149684
1 16431 59 149680
0 1785 91 163113
1 18696 34 106198
1 136917 99 149688
0 1608 83 107601
1 208145 96 163518
1 850 16 36452
0 865 62 149681
0 997 68 149673
0 216 9 40240
0 1752 81 149698
0 2000000 77 109309
0 2000000 23 106582
0 2000000 9 74148
1 30222 46 149696
0 242 27 121864
0 2000000 36 138867
0 1200 50 102090
0 2000000 68 126688
0 115 56 149676
1 2000000 77 103641
1 92746 83 149688
0 427 40 149695
