151
73 91 47 90 28 35 26 63 41 25 53 36 42 100 56 84 39 23 31 60 64 61 3 66 14 42 73 90 59 16 85 64 29 45 91 20 31 76 76 42 70 6 51 30 10 49 3 68 87 67 29 47 57 87 83 14 16 45 59 45 9 80 87 41 80 58 9 18 57 62 61 57 70 76 73 66 48 95 76 8 30 43 35 84 5 34 71 71 39 13 91 51 41 64 78 35 77 31 34 64 37 53 79 95 57 73 48 25 60 71 12 23 68 77 23 18 43 71 66 62 19 26 21 81 100 98 23 64 40 64 52 34 15 11 41 86 85 46 6 63 33 34 42 57 93 78 46 2 39 27 27 71
99537 110640 161039 178279 63489 113684 66988 152248 161273 172321 91890 83966 164909 83836 185602 128796 104986 57668 151384 144462 57194 178279 116790 140542 42191 186535 144334 137545 131087 181313 100049 141033 193463 74948 159652 107975 56367 85011 91647 69575 75384 149742 145539 102108 181335 99727 91715 142717 175379 68839 107749 145218 165266 140897 166083 179446 105283 157249 117012 88058 188975 149980 62221 69717 40440 42918 51469 62862 162785 97935 149870 165764 113412 75111 186618 182100 152678 56614 118731 141400 104905 72756 159709 116402 75826 153862 104354 172415 182664 66709 62772 83947 118047 114889 70968 70730 135419 147125 144767 92448 147872 69016 67274 142917 127207 195909 154597 132142 113536 87646 82104 184155 79449 142557 83662 194366 73887 83875 133678 40297 141901 53062 145268 186780 131190 166918 73096 50143 146311 158114 119455 68865 108258 182364 58281 127904 108681 137640 189574 133396 77539 114033 104484 82900 109260 99749 161750 122150 196127 99074 189325
1000
1 2000000 91 23417
1 2000000 13 30099
0 2352 87 100610
1 117608 66 40195
0 1816 76 40185
0 2000000 95 15678
1 130734 93 194946
1 190513 84 40181
1 677890 14 37074
0 274939 16 148522
0 2000000 9 40188
1 47628 42 40184
0 860 74 40771
1 25920 31 182911
0 2000000 47 22980
1 36968 37 40176
0 971 36 99414
1 848 13 194340
1 81675 55 87438
1 105530 70 40184
0 2000000 26 11657
0 297 11 26485
1 121199 67 40206
0 2000000 3 8258
1 2000000 4 40183
1 49920 43 40189
1 2000000 22 28997
1 12111 23 58112
1 499 16 40191
1 2000000 90 22033
0 913 67 40187
1 1777074 98 133815
1 30516 94 66592
1 96823 61 40206
0 2403 89 35834
1 2000000 4 74526
1 9745 19 40177
1 2000000 85 47347
1 93987 59 40183
0 2000000 82 191428
1 143887 73 40193
0 2000000 87 13751
0 2000000 9 40192
1 13068 22 41747
1 3269 11 40198
1 151875 75 22650
1 64822 49 40202
1 16920 66 40194
0 2000000 93 40189
1 19683 27 40201
0 918 34 40206
0 362 20 40195
0 2000000 6 11060
1 2000000 11 40192
1 2000000 84 69774
1 677 5 79587
0 27 1 40199
0 727 55 40178
1 2000000 48 2484
1 909515 10 196278
1 143883 73 40521
1 21824 73 40184
0 2538 94 7325
0 845 36 129068
0 539 73 120843
0 2000000 71 71437
0 312 37 181089
0 2000000 26 148085
0 1431 53 188337
0 729 27 22706
0 2000000 65 40184
1 1230179 6 114462
1 7116 26 40196
1 2000000 34 19888
0 50 2 40184
1 1525764 58 40199
0 892 33 106848
1 30 1 40184
0 1276 66 40204
1 2000000 35 40196
1 2000000 28 40181
0 2430 90 56069
0 2000000 65 40191
0 747580 16 40178
0 2346 87 41407
1 1982670 60 40206
1 4631 24 40183
1 147850 74 197101
0 972 36 18626
0 1409 52 108978
1 2000000 57 40186
1 135446 87 180686
0 2646 98 37389
1 27 1 26237
1 195075 85 40189
1 13404 64 81789
1 2000000 96 40181
0 1105 96 40178
0 2000000 21 40195
1 2000000 100 40190
1 2000000 20 26455
1 31210 34 150593
1 14536 86 40203
1 93987 59 31566
1 2000000 9 40188
1 27995 45 55601
0 2241 83 22395
0 2000000 42 89779
1 115356 74 40198
1 6061 17 144778
0 1153925 41 40185
1 2000000 96 4701
1 181521 88 40188
0 270 10 40199
0 1216 45 124766
0 676423 80 134743
0 145 18 158029
1 54675 45 122019
0 94 97 40201
1 204361 87 1172
1 54680 45 40200
1 27648 32 18597
0 1336 86 40181
1 2703 10 12654
0 2000000 53 8053
0 2000000 13 35201
1 45908 60 165568
1 9807 21 40197
0 588 29 106130
0 459 17 24803
1 22 9 40187
0 2047 76 40200
0 1350 50 10673
1 67502 50 40181
0 427 17 108998
1 2000000 92 31958
1 213867 89 183459
1 2000000 95 40177
0 1265 47 40177
0 1765244 79 40707
0 401 15 40185
0 113 59 173617
0 1122 91 40176
0 820 55 898
1 173826 39 88844
0 1026 38 40193
0 1850 96 86266
1 21168 28 81727
0 1050449 77 114373
0 999 37 179056
1 12496 75 40205
0 1291 48 76953
0 84 3 40189
1 1003762 31 40199
1 81680 55 40190
1 27 1 38301
0 2133 79 40176
1 45387 41 32317
1 164268 78 40198
0 1161 43 15771
1 151875 75 40188
0 432 16 40184
1 2000000 98 13531
1 7639 26 29619
1 67500 50 26737
0 2076 77 40190
0 1901428 99 142255
0 386 42 118018
1 2000000 23 40199
0 880181 54 165572
1 90086 76 144076
1 152323 87 40194
0 2000000 82 23271
1 124846 68 40197
0 872476 9 86164
0 2000000 93 14588
1 62208 48 40200
1 2000000 38 22166
0 324 42 44511
0 339 27 40188
1 1090580 89 109451
1 3935 75 40184
1 190512 84 40178
1 859578 94 188155
1 54675 45 110647
0 6 4 40192
0 2083 77 152966
0 1459 54 45562
0 2000000 28 40177
0 1564 58 40194
0 702 26 40192
1 67500 50 29296
0 18 48 86487
1 2332 18 40192
1 2000000 25 40205
0 2000000 81 10573
0 810 39 139049
1 2000000 45 7979
0 510 47 40189
1 2000000 56 23234
0 2000000 48 29002
0 2000000 62 25885
0 875052 88 149690
0 1659 73 40194
1 106234 72 40186
0 351 13 40181
1 2000000 31 85329
0 1271 47 117028
0 540 20 40206
1 204717 75 40186
1 4288 18 40204
0 931 92 85495
1 21165 28 157085
0 2000000 65 25870
1 5289 14 61892
0 2000000 73 40185
0 1998 74 13564
0 1350 50 11187
1 6075 15 1782
1 3365 16 43019
0 2270 84 130279
0 1225 79 40200
0 2000000 99 16119
0 2430 90 40178
1 264627 99 188381
0 1696 63 194758
0 2000000 8 35156
1 52269 44 44915
0 2296 92 40185
1 753 7 23379
1 1699211 17 121316
0 2314 94 40205
0 2000000 70 24661
1 124848 68 35322
0 304 37 40194
1 2000000 24 40186
0 2052 76 40192
1 2000000 65 99239
0 1755 65 40185
1 9909 62 97496
1 2000000 58 173183
0 2000000 25 36671
1 73121 84 189314
0 2641 98 40204
1 3267 11 112765
0 760 28 53825
1 218700 90 7748
1 31518 39 146880
0 909 69 16232
0 2000000 64 4686
1 802 6 40190
1 2000000 24 157696
1 2000000 66 190027
0 54 2 72914
0 76 60 74647
1 2000000 32 20711
0 1323 49 40184
0 2000000 57 107747
0 1169897 69 40200
1 182543 98 88820
0 1889 70 130883
1 24301 30 189052
0 1099 88 40179
0 758 28 40205
0 2000000 94 27634
0 1244571 39 40184
0 1376 51 60526
0 2000000 51 36075
1 32990 52 40194
0 2000000 36 35066
0 889 33 70892
0 2673 99 179737
1 15552 24 96615
0 1053 39 11930
0 24 1 40179
0 178 14 40204
1 1723 8 139883
1 1256 32 40198
1 572607 59 40205
0 55 8 88547
0 890 48 40179
0 18 29 138446
1 2000000 22 40194
1 15867 47 40186
0 1742433 41 40187
1 199692 86 174163
0 1242 46 40203
0 2160 80 28676
0 2129 79 187708
1 47397 46 82409
0 2619 97 18351
1 494004 68 40187
0 2619 97 40201
1 204358 87 40852
0 1487 58 82571
1 2000000 96 15593
0 629 84 131370
1 12053 34 156784
0 2000000 85 190409
0 1651832 11 16275
1 10964 37 105489
0 2000000 39 162943
0 223 15 50899
1 270003 100 66333
1 172799 80 40186
0 757 55 40181
0 594 22 199922
0 2000000 94 113607
0 2000000 86 20345
1 6653 17 153339
0 1833 68 40202
0 2000000 3 40203
0 2000000 27 22125
1 190516 84 40204
1 132299 70 40196
1 39003 39 40200
1 87723 57 40186
0 1391 65 40185
1 14279 23 40204
0 2673 99 53329
1 6326 34 115538
0 352 13 40205
0 1361428 12 40197
1 15543 97 40203
1 4568 13 77048
0 775 52 40196
1 41070 39 40193
0 945 35 135151
0 538 20 94462
0 2000000 73 40181
0 214 8 161999
0 378 14 80147
0 2000000 38 2041
1 161921 98 198671
0 2000000 14 38983
0 1161 43 175791
1 218705 90 24141
1 2000000 85 40188
0 2000000 31 40183
1 24304 30 135136
1 7580 84 192594
0 2000000 52 24983
1 2000000 27 62479
0 2000000 26 27347
0 2000000 90 40177
0 753 28 40177
0 2000000 22 40206
1 114075 65 111470
1 2189 9 40195
1 2000000 79 63595
0 2668 99 40195
1 59646 47 40180
0 2455 91 81162
0 1134 42 192226
0 51 67 40194
0 2000000 17 3636
1 1321 7 40185
0 2509 93 40186
0 771 51 191648
0 372 19 84372
0 631 29 40183
0 1215 45 26598
1 1903481 43 40206
1 1871486 97 185708
0 1542 57 40204
0 80 16 20554
1 428 4 40200
0 967282 48 40205
0 266 10 40182
0 165 6 67431
0 868 32 87717
0 206 26 40195
1 1391376 90 40201
0 2000000 92 40206
1 6097 21 40195
1 62204 48 40185
1 97199 60 43445
1 84845 64 5863
1 209088 88 40181
0 2133 79 40192
1 132300 70 50275
0 2000000 57 66572
1 234098 54 31474
0 1342 58 65311
1 14283 23 143548
0 1337 53 198609
0 1269 47 20861
0 2000000 30 40185
1 2700 10 40194
1 2812 27 40184
1 228530 92 27061
0 1190 44 40185
0 501 40 40204
1 43200 40 9288
1 9744 19 40191
0 2000000 89 53718
1 1001106 31 40183
1 1575018 88 40181
0 2000000 17 11048
0 2024 75 124314
1 1271128 43 119357
1 75846 53 40178
0 379 27 94561
1 259304 98 40197
0 858 97 178662
1 2000000 31 29987
0 236 9 40195
0 2000000 16 7607
0 675 25 40177
0 2192 81 71696
0 1917 71 94274
1 168509 79 40199
1 136112 71 40197
1 22707 29 40204
1 2000000 28 40202
1 6766 17 101416
1 104110 75 40199
0 143 93 169039
1 2000000 95 10924
0 1042 56 40178
1 59644 47 160446
1 481462 40 56659
0 2295 85 40187
0 7 8 7355
0 2000000 41 36310
0 1806 67 104588
0 675 25 40197
1 121208 67 96928
0 632453 14 40177
0 17 69 40176
1 87723 57 664
0 2000000 48 33052
0 2110 78 40193
1 4390 21 40178
0 572 21 134845
1 2000000 73 40191
1 680 5 40198
0 1598 59 32919
0 2000000 28 39406
0 788 39 185339
0 1215 45 150967
0 2000000 39 10108
1 61702 75 40197
0 1163377 40 89893
1 3888 12 154655
0 2000000 29 100347
0 477 65 40178
0 1621 60 40192
0 2000000 63 99359
1 2000000 71 3291
0 894 42 2491
0 2000000 59 15685
1 4980 19 40192
1 1714866 80 75778
1 2000000 27 127017
1 41067 39 11804
1 180411 98 40204
1 2000000 64 7906
1 4910 16 103111
1 3267 11 28511
1 2000000 81 40201
1 1519399 39 40197
1 45384 41 40198
1 11907 21 24448
0 621 23 157598
0 243 9 40183
0 2187 81 40190
0 1809 67 40180
1 36963 37 8797
1 2000000 45 39660
1 223582 91 40194
0 466 27 40198
0 1529750 2 60422
1 70227 51 40194
0 423 86 40187
0 1203244 67 23425
0 436 16 40179
1 31213 34 40182
1 248832 96 16756
1 40501 58 132752
1 147855 74 23947
1 1535039 56 40178
0 918 34 40201
0 543 20 40203
0 2079 77 16435
0 1287 67 40203
1 103792 62 38905
1 2000000 81 10321
1 155955 76 185572
1 67500 50 191509
1 9628 35 178200
0 245 15 148093
1 93992 59 43520
0 1113181 62 40179
0 1431 53 40198
0 126 49 40204
0 590996 29 40177
0 1944 72 4816
1 2000000 93 9069
1 47577 82 89896
0 1107 41 8688
1 102099 87 40190
0 347 37 8363
1 362637 14 40193
0 1410 61 54401
1 112577 78 40193
1 117615 66 40202
0 438912 37 40189
1 36964 37 40202
0 818 63 40184
1 203441 97 198553
1 2000000 64 4700
1 5289 14 40205
0 2000000 91 40188
1 87723 57 40186
1 914663 77 40205
0 1863 69 123842
0 622478 13 86520
0 1596 59 40200
0 633 36 40189
1 1350 30 40200
1 1892710 73 53919
0 972 36 11625
1 2000000 23 24409
0 427 16 40200
0 2000000 59 15000
1 2000000 57 40180
0 2000000 14 4488
0 1 1 161371
1 1189056 93 40195
1 87182 61 40183
1 2000000 89 40203
1 218700 90 144077
0 2569 95 40200
1 75847 53 112188
0 2351 90 27893
1 2000000 67 15501
1 2000000 31 40194
1 81675 55 40198
0 945 35 34471
1 2000000 16 40186
0 1810 67 40183
1 2000000 52 40204
1 2184 9 137194
0 1296 48 40189
1 2000000 53 13978
0 918 34 83305
0 498981 10 40199
1 209088 88 59336
1 7464 63 95366
0 1958588 86 40193
1 110592 64 3187
1 32327 68 40191
1 2000000 88 197783
0 1107 41 40185
0 1765276 85 149877
0 1000 68 30717
1 2000000 82 500
0 17 26 87548
1 41071 39 40195
0 2000000 93 23472
0 1782 66 17367
0 972 36 40192
1 41067 39 40182
0 2000000 76 32349
1 6022 16 175176
0 2592 96 13167
0 2000000 70 29512
1 110592 64 40182
0 252 48 45502
1 10264 52 68489
1 21168 28 162705
0 327 12 40188
0 484206 78 57957
0 837 31 158263
1 54675 45 174424
1 10795 20 40186
0 2000000 50 18051
0 463 17 40180
0 1971 73 40192
0 2000000 6 97646
1 43205 40 40189
0 1994 74 40183
0 2000000 68 40191
0 471846 38 40193
0 2000000 79 2898
1 1283410 99 67926
0 2000000 60 1621
1 2000000 71 40178
1 11907 21 177464
0 2138 79 69771
1 2000000 78 22007
1 2000000 86 40193
0 893 33 40197
0 375708 71 88445
0 863 32 121645
0 2103 78 40185
1 1487963 50 40184
1 172804 80 40204
0 2000000 15 22369
1 1157902 25 79614
0 2510 93 40194
0 2000000 85 40206
0 2431 90 98981
0 2000000 19 40179
1 1702964 6 129929
1 57132 46 40190
0 2000000 24 40180
1 48297 57 158736
1 36129 39 40182
0 734 27 40195
0 729 27 40199
0 1485 55 40177
0 486 18 40182
1 174738 60 51292
1 12 3 128798
0 2000000 48 23691
0 1404 52 88378
0 1360694 79 103000
0 2000000 36 20852
0 29 1 89999
1 3707 89 40195
0 2000000 99 40188
1 43026 7 40191
0 1882730 46 127423
0 1486 55 40188
1 2000000 49 5946
1 2000000 76 21737
0 2000000 48 184379
0 2000000 63 34369
1 1276839 85 118577
0 1471529 45 40190
0 2000000 7 46193
1 243680 95 143105
1 36028 49 135526
1 13066 22 40206
0 2000000 88 38729
0 2000000 28 40180
1 172800 80 40179
1 2000000 83 40187
1 2000000 46 11813
0 2000000 45 33129
0 864 32 148808
1 2000000 63 180299
0 1967 73 40196
0 2000000 9 4276
1 78732 54 40188
0 1578653 88 40176
0 993923 33 40195
0 2000000 48 40179
1 21321 48 41436
0 2351 87 40177
0 2294 85 770
1 16879 25 73973
1 50648 77 130720
1 107 2 40204
1 195070 85 88702
1 110592 64 4978
0 1944 72 26502
1 18757 74 40197
1 33072 35 53370
0 1304454 95 40198
1 2000000 33 40179
1 2000000 15 31000
0 2000000 74 122071
1 2000000 18 56095
0 2000000 97 178328
0 2000000 54 22944
1 33075 35 184470
0 1824180 23 40205
0 467 43 40190
1 11635 41 40204
1 124846 68 66080
1 36963 37 42661
0 653809 9 4033
1 164268 78 33716
0 185 7 40193
1 14042 58 150732
0 2000000 14 35358
1 43874 49 71398
0 2000000 27 4635
0 2000000 67 40204
1 233523 93 40179
1 803095 76 40193
0 351 13 29653
1 7805 17 57426
0 1374 82 40184
0 1566 58 107917
0 371747 27 3115
1 2183 9 36299
1 854 8 170404
0 2187 81 103052
1 1247010 88 169855
0 2000000 10 18677
0 619985 46 14297
1 671 5 97075
0 2000000 24 40199
1 15552 24 40182
1 264630 99 178001
1 6075 15 20140
1 9747 19 145962
0 705 59 191959
1 2000000 49 153274
0 2000000 18 188963
1 110906 77 40195
0 116 61 40196
1 163048 77 113620
1 2000000 26 22491
1 223587 91 40204
0 1561 73 40187
0 2000000 1 14887
1 2000000 55 32486
1 887 8 40204
0 413 17 84562
0 872 99 161653
0 2000000 68 4556
1 2000000 85 6890
0 2000000 93 124327
0 2000000 36 40199
0 954 72 40198
0 2624 97 40179
1 223587 91 40201
0 189 7 32703
1 154616 84 41203
0 433 95 129253
1 243675 95 5223
1 3614 15 98501
0 789 95 40182
0 1242 46 38489
0 37 5 13409
1 143883 73 47422
0 2642 98 40181
1 2000000 72 53694
0 2000000 37 40176
1 49923 43 185497
0 1809 67 40197
0 2000000 47 187289
1 2000000 29 9167
0 2403 89 14760
1 2000000 36 40191
1 52272 44 40199
1 198778 92 40200
1 973 6 40177
0 2457 91 40202
1 204368 87 196389
0 2000000 53 5572
1 140391 78 35171
0 638544 9 195813
0 562 21 40181
0 11 1 40188
0 837 31 1486
0 2000000 11 4707
1 24031 65 40181
0 217482 15 185599
1 2000000 82 81337
0 1563 58 197239
0 724 27 40176
1 436566 14 130848
1 68316 65 185047
0 2000000 90 150233
0 2484 92 99529
1 45018 48 95828
0 2000000 12 14221
1 2000000 97 30804
0 41 2 40194
0 1081 40 146636
0 838 31 102110
1 1724 8 188889
0 511 19 198158
1 2000000 87 40182
1 5292 14 173780
0 1809 67 40198
0 376 32 40190
0 432776 29 20794
0 1458 54 40185
1 2000000 84 39677
1 96819 84 84426
0 2000000 35 25385
1 36963 37 22641
0 459 17 40178
1 107163 63 40202
0 1243 58 74407
1 14236 25 120304
1 2000000 46 88477
0 800 42 146113
1 11908 21 34595
1 168507 79 63603
0 2000000 71 40205
0 2025 75 179871
0 160 47 40191
1 17655 40 82140
1 2000000 88 40187
0 2000000 4 40201
1 1829740 53 90112
0 646 62 40188
0 1695103 25 40196
1 1567518 96 40182
0 2000000 66 40179
1 209084 88 111053
0 2000000 20 149010
0 2000000 88 38012
0 590242 9 40205
1 13068 22 112609
0 681050 85 182576
0 1620 60 4699
0 2000000 98 2885
0 2430 90 34766
0 459 17 40205
1 3155 11 40196
1 2000000 73 25918
1 2000000 5 185087
1 61619 67 40076
1 67281 62 194817
0 433 20 108777
1 30492 53 40177
0 1458 54 39729
1 22706 29 139453
0 2106 78 118050
1 87724 57 177350
0 1413 92 40195
0 2000000 17 40200
1 106707 84 154550
1 1517188 82 40200
1 886 11 3041
1 59640 47 29385
0 1150988 4 94066
1 25947 31 40187
1 3352 35 40205
1 2000000 19 31745
1 40455 77 71180
1 49923 43 38499
0 702 26 40200
0 2025 75 40179
0 115 19 40203
1 2000000 98 7050
1 402711 100 40202
0 837 31 12082
0 1072707 9 40192
1 139973 72 184759
1 811340 71 40186
1 151873 75 40186
1 23581 51 40206
1 438471 15 40177
1 2000000 58 33162
0 1575824 12 40186
1 2000000 82 152045
1 117610 66 40179
1 2000000 44 29444
0 2000000 55 32354
1 73009 52 11885
0 980 58 40197
0 562 21 40184
0 2291 85 40183
1 70955 67 40201
1 1819454 18 93255
1 21168 28 113027
0 452 86 40197
0 718343 73 40201
0 2000000 46 20682
1 402878 58 40200
0 2022 75 40180
1 87723 57 40189
1 561096 31 199109
0 1514 56 69319
0 2000000 56 40178
0 1539 57 23801
0 8 9 40198
0 83 3 40198
1 15552 24 8846
0 2000000 49 40188
0 135 9 40199
0 2000000 66 18840
0 2052 76 40177
1 6070 15 6425
0 2015 99 10638
1 243 3 62267
0 1406 52 40205
0 1463 54 45850
0 1521933 34 40202
1 6915 16 193557
1 213867 89 33673
0 191 7 40179
0 2311 92 68774
0 676 25 40183
0 2000000 12 5509
1 13068 22 19295
1 1178079 64 40196
0 2646 98 42510
0 1458 54 40181
0 1736745 98 40201
0 997 56 54587
0 2701 100 41538
1 5258 15 40198
0 1779 66 40206
0 2000000 15 185766
0 329 56 67660
0 2000000 87 22901
1 175874 93 40191
0 2160 80 40177
1 2000000 34 40182
0 2349 87 197062
1 386568 57 161843
0 617 23 26098
0 80 32 113999
1 1507918 48 48570
0 1994 74 100013
0 1357905 4 40202
1 243 3 144438
1 155957 76 40202
0 949 35 40187
1 29407 33 40186
1 9436 27 87914
1 1979841 65 164456
0 2000000 33 33410
0 2000000 89 29025
1 163927 96 155434
1 43242 66 40180
0 649 25 40201
1 1075607 69 40181
0 2187 81 40196
0 2000000 87 3488
0 2160 80 40200
0 706 26 164944
0 1742209 19 40203
1 160083 77 35359
1 438373 72 58471
1 72966 76 40180
1 45382 41 7812
1 3267 11 3457
0 2005 81 189388
1 2000000 32 4222
1 259623 100 40185
0 2000000 65 40191
1 2000000 38 66287
1 64827 49 137673
0 2592 96 26346
0 2000000 88 36939
1 88381 63 66376
0 1783 66 41260
1 2487 27 40205
0 676 25 40198
1 2000000 52 66643
1 1888 12 40182
0 1031 38 150024
1 1111634 29 25386
1 259308 98 40192
1 168508 79 40202
1 2404 72 40188
0 1569 73 61509
0 1029 38 40176
1 800368 44 94583
1 32968 39 40191
1 675 5 40206
1 67503 50 169309
0 2000000 87 32316
1 969 6 40181
0 2000000 52 40192
1 89992 83 40187
1 2000000 48 3445
1 180 12 109291
0 784 29 40185
1 1045665 82 116713
0 282 14 54256
1 49922 43 40194
0 1969 73 40196
0 58 2 40194
1 97201 60 40205
1 195075 85 40199
0 2317 87 40182
0 1647 61 40177
0 1193 44 40201
0 431 17 9738
0 672 25 40188
1 27648 32 40204
0 1048243 25 40178
0 2000000 55 40201
0 648 24 77292
1 70673 44 71586
1 59643 47 3291
0 1107 41 171360
1 213863 89 40191
1 177147 81 40205
1 37915 49 135296
1 15551 24 40199
1 59643 47 17373
1 233528 93 40196
0 166 6 149379
1 1930675 41 14121
1 264627 99 18088
1 303579 51 40203
0 702 26 40188
0 2000000 14 5899
0 2000000 95 186
1 75843 53 168142
0 1404 52 40195
1 27 1 40187
0 405 15 86315
1 2000000 28 2692
0 375 14 7831
1 45386 41 40192
