1
98 81
193438
1000
1 1186192 52 144773
1 1520 46 71682
1 1370 37 155938
1 2245 49 144761
1 121 11 144758
1 144 12 122341
1 727 27 3373
1 279 30 144763
1 2000000 43 54065
1 4901 70 145451
1 2000000 78 144749
1 2000000 5 144760
1 951324 78 144750
1 4489 67 110449
1 1070 41 41542
1 2500 50 144777
1 7297 90 144759
1 2000000 8 62645
1 1026941 93 144768
1 729 27 29466
1 4359 66 144778
1 9220 96 144763
1 1394004 84 118786
1 7396 86 144752
1 2000000 74 144756
1 529 23 75690
1 2000000 42 34507
1 2000000 48 75620
1 2167 54 144774
1 918341 45 103202
1 757801 27 144772
1 14 4 144752
1 899 30 80775
1 2604 51 27831
1 282208 6 175686
1 731 27 144777
1 49 7 144765
1 4687 92 97919
1 22 5 35744
1 2000000 16 182140
1 2916 54 148108
1 2000000 49 143468
1 9409 97 22614
1 1780528 9 189505
1 986 32 144754
1 2000000 90 95859
1 653840 4 39546
1 2000000 82 169648
1 2000000 76 91087
1 1678 41 144764
1 2000000 60 22688
1 2000000 99 102574
1 2000000 29 144751
1 2000000 51 109036
1 2000000 31 144750
1 2000000 65 4180
1 17 4 144751
1 2000000 85 101766
1 79 10 77335
1 2000000 65 117952
1 788 28 62268
1 99 21 35218
1 4096 64 144763
1 2000000 26 27896
1 5477 74 187356
1 22 5 144750
1 6241 79 37442
1 3033 95 18778
1 2000000 79 49690
1 5929 77 144755
1 5037 71 144777
1 36 6 98397
1 1517 94 94194
1 8840 94 145482
1 212 79 144757
1 2000000 39 144763
1 1991887 53 144762
1 2000000 78 102273
1 2000000 40 88769
1 2000000 56 58836
1 363 35 144763
1 4970 81 144771
1 1500 46 144776
1 9216 96 49205
1 900 30 108272
1 2000000 47 144810
1 2184 90 22662
1 1255 96 144776
1 522607 56 144757
1 8468 92 63719
1 2000000 16 187067
1 2000000 19 42181
1 5477 74 185341
1 758881 78 22308
1 6 2 144778
1 2502 50 144754
1 617316 21 144759
1 2000000 51 114651
1 2000000 4 45992
1 9 3 54910
1 10000 100 81666
1 370 61 144778
1 645 39 22587
1 219 38 144766
1 6 1 11025
1 8836 94 144776
1 885 60 172393
1 37 8 144761
1 2000000 18 19732
1 2000000 4 14850
1 293 40 144775
1 2920 54 144758
1 446 21 112655
1 3136 56 144754
1 236 18 144765
1 1283974 32 177958
1 524 23 144753
1 3486 59 144765
1 4761 69 158358
1 2000000 72 156853
1 2400 49 144750
1 2017 79 166270
1 1521 39 144777
1 20 5 158532
1 439487 79 144772
1 2000000 44 119274
1 3724 61 144775
1 908126 13 144753
1 1 1 90770
1 63 19 199014
1 4101 64 141517
1 9604 98 166721
1 1849 43 136878
1 3723 61 185471
1 1156 34 114450
1 4489 67 144764
1 485 22 121840
1 2000000 93 47162
1 2000000 71 144754
1 812593 72 144756
1 118 11 135683
1 2704 52 50860
1 8467 92 75420
1 2000000 24 196878
1 3136 56 144753
1 904237 65 144762
1 10000 100 144751
1 8649 93 144749
1 2000000 66 113883
1 2000000 28 69942
1 1634894 2 122708
1 7055 84 163671
1 2809 53 68837
1 800 45 127760
1 4095 64 2731
1 3283 71 194897
1 2304 48 144748
1 219240 72 144763
1 2000000 76 114941
1 2000000 76 64530
1 2000000 28 189673
1 1942511 75 63677
1 53 7 144758
1 1605894 74 3723
1 6 12 144772
1 6724 82 85313
1 859 72 137246
1 2000000 92 78650
1 60 10 144755
1 9221 96 119884
1 3843 62 113063
1 6 1 144749
1 4763 69 25541
1 994716 38 161543
1 3598 60 65500
1 169 13 144755
1 2000000 15 185752
1 1429660 62 144764
1 3249 57 183488
1 289 17 144760
1 600 25 113619
1 2000000 11 32444
1 1261090 100 103827
1 256 16 132143
1 166178 76 141400
1 4385 82 7944
1 2000000 72 86094
1 2000000 43 143894
1 810567 71 144756
1 9028 95 144754
1 1169 50 67386
1 2830 63 119602
1 4763 69 63913
1 546 42 145493
1 2000000 80 52379
1 2000000 89 23286
1 3960 77 144764
1 8199 99 174218
1 2115 46 149624
1 7922 89 144775
1 8836 94 144757
1 1024 32 144770
1 1367 66 144763
1 6889 83 6143
1 5476 74 115142
1 1315 61 144770
1 1681 41 106840
1 6084 78 45803
1 850721 26 52953
1 2044 53 163985
1 2000000 42 144765
1 1096150 49 144755
1 2000000 75 91818
1 4100 64 144777
1 1 1 144758
1 395 20 144748
1 19 9 144771
1 2000000 96 144770
1 7225 85 127283
1 1600 40 144762
1 1155 34 30241
1 17 4 97470
1 1249188 52 144762
1 2000000 37 45988
1 640 27 144758
1 6561 81 144749
1 3481 59 8625
1 1521 39 144750
1 389 64 144751
1 2000000 17 85781
1 1764 42 65668
1 484 22 144763
1 2000000 7 181797
1 3366 58 144756
1 2000000 25 122932
1 402 27 151927
1 2000000 35 144772
1 3469 65 187925
1 27283 94 144758
1 2505 50 22214
1 576 24 144758
1 17 10 144770
1 1877 80 144764
1 2000000 55 144758
1 2000000 55 121603
1 6241 79 144771
1 203 21 115875
1 198221 80 11288
1 2000000 63 98464
1 3025 55 6687
1 2000000 32 144775
1 849720 36 144751
1 438 21 144772
1 31 6 144762
1 2000000 50 29008
1 1775787 42 144774
1 7327 94 127768
1 2647 52 123879
1 1652 86 144770
1 1384503 53 144759
1 68 8 144751
1 141 16 144755
1 2000000 19 80078
1 517 27 144769
1 4306 70 65491
1 5773 76 7919
1 727 27 144753
1 114 11 101817
1 1 1 144778
1 1528237 31 144761
1 6400 80 25981
1 54 7 40241
1 1598 40 144766
1 2704 52 83627
1 1296 36 49325
1 3991 73 144776
1 1686 41 144777
1 2000000 2 42435
1 4789 94 67986
1 1132 59 144777
1 2000000 74 144763
1 7056 84 144772
1 7399 86 190206
1 2406 49 144754
1 9655 100 16101
1 782 28 84506
1 2000000 23 144774
1 4761 69 144769
1 289 17 36457
1 392 20 144772
1 2602 51 144758
1 428623 89 21579
1 21029 91 74829
1 2000000 17 17007
1 474884 54 52391
1 2000000 15 195239
1 2704 52 144772
1 4088 65 152476
1 2760 66 162524
1 335677 24 144766
1 3252 57 66099
1 495289 39 144768
1 1473 61 130292
1 361 19 84084
1 25 5 136812
1 2000000 13 65155
1 2000000 26 131596
1 5630 75 19348
1 2000000 8 144775
1 3846 62 82716
1 2000000 45 7680
1 400 20 144752
1 81 9 27478
1 5598 85 144757
1 118 11 144775
1 1710827 82 144770
1 730604 6 144770
1 17 8 144767
1 7221 85 144759
1 957 31 144772
1 6084 78 144770
1 50 7 56729
1 196 14 99976
1 1054 45 195809
1 324 18 70665
1 6885 83 144771
1 2000000 2 68549
1 5752 89 177591
1 3025 55 144772
1 1543967 62 144767
1 7568 87 24759
1 1764 42 179158
1 6083 78 151078
1 1397714 80 119857
1 1 2 2207
1 366386 73 167073
1 2028 45 144759
1 399 20 144752
1 2000000 60 144757
1 441 21 66804
1 1891007 80 144758
1 2000000 2 98195
1 1449450 46 144748
1 9025 95 144755
1 3161 78 96893
1 2000000 10 54330
1 7921 89 59549
1 2000000 15 60390
1 5930 77 144767
1 2000000 2 78798
1 1073638 66 144774
1 197 14 113108
1 1965845 39 144763
1 59 8 56977
1 633389 32 144773
1 2000000 21 195716
1 1639 69 43760
1 82 9 129717
1 121 11 144776
1 636 59 95227
1 200 14 58846
1 100 10 46689
1 156 49 20273
1 2000000 63 25232
1 6087 78 144769
1 5929 77 67329
1 1352 50 149576
1 3138 56 74
1 22 28 73639
1 6084 78 144770
1 320 18 185086
1 2024 45 144754
1 1008167 42 162681
1 70 92 144749
1 8464 92 128316
1 1824647 64 144769
1 2000000 79 144772
1 225 15 35480
1 942331 81 144766
1 4 6 144774
1 7051 84 144768
1 9 3 95548
1 2549 70 142537
1 2022 45 144760
1 10000 100 144758
1 12 10 161543
1 7266 98 144767
1 8649 93 144750
1 3365 58 144749
1 3481 59 2968
1 2000000 72 144752
1 6889 83 144748
1 1764 42 3547
1 726 27 150306
1 2000000 51 144770
1 1225 35 69760
1 2000000 96 88749
1 5776 76 185386
1 2000000 65 122624
1 9215 96 29040
1 9025 95 144772
1 1020 32 144761
1 5 3 46086
1 137 12 144756
1 6238 79 144748
1 836 29 184686
1 2000000 27 144778
1 2000000 94 144767
1 2000000 41 94540
1 2000000 38 274
1 2000000 91 25279
1 749212 91 144757
1 225 15 41599
1 210 60 120012
1 2000000 82 117311
1 2025 45 192821
1 2000000 10 89475
1 2000000 7 144769
1 687 78 68381
1 1548877 3 144751
1 69736 43 25143
1 14 4 144760
1 712 44 144771
1 222 15 66218
1 45000 11 5544
1 1627 45 15302
1 6 2 144749
1 3605 60 78239
1 5623 75 144771
1 905 50 18418
1 2000000 38 66969
1 2000000 32 144766
1 1111167 67 57340
1 1990922 18 144761
1 289 19 4871
1 2000000 66 144775
1 85825 97 144768
1 1156 34 144664
1 2000000 83 55798
1 2000000 14 56116
1 2000000 31 179269
1 1448 38 144759
1 8649 93 144764
1 5929 77 98874
1 1296 36 144757
1 1760 42 144753
1 2 2 144772
1 81 9 130830
1 2000000 39 115903
1 1222 35 144777
1 2000000 50 123430
1 3278 59 6525
1 5929 77 144753
1 962 31 109502
1 3364 58 144772
1 841 29 39296
1 18 7 172530
1 2259 66 99346
1 2000000 42 67129
1 2000000 22 99462
1 32 7 144774
1 1279728 65 187526
1 7225 85 29301
1 3716 61 144763
1 2000000 56 115767
1 1449 38 144757
1 641 59 8866
1 128 13 186206
1 4529 93 144775
1 2000000 13 144771
1 2000000 31 128925
1 2000000 74 93496
1 2208 47 73435
1 1774341 16 144769
1 2000000 4 115445
1 6241 79 144359
1 289 17 144764
1 1781819 11 144767
1 10004 100 144778
1 2000000 10 118738
1 2000000 84 71852
1 2807 53 70035
1 30 5 65701
1 6889 83 10792
1 2000000 18 98229
1 2000000 51 72550
1 676 26 170206
1 418 46 144761
1 1764 42 64671
1 2000000 92 144759
1 9801 99 123673
1 2000000 56 37134
1 4489 67 89549
1 2000000 29 10416
1 784 28 144768
1 1024 32 190309
1 328 18 187304
1 4762 69 144771
1 2500 50 144775
1 144 24 126667
1 1979016 59 135134
1 68 12 144755
1 1152 34 81228
1 1024 32 165484
1 9409 97 89668
1 5477 74 144754
1 8647 93 144771
1 114527 14 120028
1 1482897 46 144756
1 400 20 144775
1 842 29 144753
1 1647 81 39820
1 535 65 3964
1 16 5 164432
1 2000000 36 144778
1 2000000 81 31074
1 2000000 10 165628
1 1316 61 28229
1 4096 64 144774
1 2000000 7 76582
1 2000000 25 187589
1 7913 96 144774
1 2000000 46 144770
1 6236 79 144765
1 140 12 6288
1 5554 89 105753
1 4947 80 144760
1 95 10 144777
1 2000000 16 164074
1 1089 33 144769
1 1836920 15 144778
1 2000000 8 144762
1 2000000 60 120425
1 7569 87 144756
1 2000000 31 77564
1 1 1 144770
1 2000000 99 64114
1 2401 49 144751
1 1600 40 83916
1 1600 40 134924
1 837 54 63998
1 1702624 46 144755
1 1116290 94 67974
1 2000000 22 58532
1 3134 56 144767
1 187 73 144767
1 728 27 144774
1 6403 80 144759
1 919462 75 144776
1 1688745 96 144757
1 484 22 144772
1 5175 74 144774
1 3983 87 154357
1 2000000 17 24081
1 2000000 47 114119
1 484 22 40185
1 2000000 96 144620
1 2000000 38 144776
1 1965951 34 28855
1 1578016 36 144775
1 4898 70 144754
1 2000000 66 61039
1 2000000 86 138649
1 2504 50 144772
1 16 4 25020
1 354 48 85421
1 2000000 93 144762
1 478 31 144777
1 1035766 92 144757
1 1373 37 144762
1 285 21 90602
1 409 27 144774
1 1286029 28 144777
1 3719 62 144771
1 3723 61 89924
1 52 25 72810
1 671 26 144772
1 899 30 75870
1 6720 82 26868
1 2074 55 121058
1 4310 94 186356
1 1681 41 144766
1 2000000 15 144771
1 10001 100 76245
1 2401 49 51313
1 1716 62 144752
1 7747 88 168189
1 1684 41 144765
1 2604 51 126050
1 144 12 144778
1 13 6 144777
1 21 4 144758
1 7 58 144753
1 3249 57 82462
1 2000000 48 61419
1 8100 90 192179
1 2000000 51 144759
1 1544354 93 150248
1 6400 80 144760
1 6395 80 144769
1 6082 78 144759
1 9801 99 143142
1 137 20 119081
1 5 4 144756
1 320421 98 144776
1 3969 63 75575
1 289 17 144750
1 6080 78 128257
1 775653 53 144749
1 3969 63 24616
1 3136 56 144773
1 1755 63 144765
1 266274 30 94557
1 5329 73 166794
1 192070 44 89830
1 2000000 14 144772
1 915 35 144773
1 2000000 91 8280
1 2001 51 144763
1 2000000 74 144777
1 2209 47 119326
1 2308 48 54580
1 645424 95 189967
1 436086 93 144748
1 2809 53 62646
1 2000000 59 57898
1 903 30 147311
1 865 42 144763
1 2000000 91 144762
1 1936 44 72402
1 2000000 77 121203
1 4900 70 144763
1 134 15 164794
1 8649 93 6100
1 37 13 51256
1 8463 92 82408
1 2000000 2 41478
1 2601 51 68511
1 2000000 3 39676
1 2000000 94 158767
1 2000000 98 78844
1 2529 62 35758
1 3364 58 144766
1 1268 77 144766
1 28 5 144760
1 9801 99 126695
1 6241 79 113177
1 849040 99 144756
1 1179412 75 144768
1 7056 84 56223
1 284 17 115320
1 6087 78 184396
1 863 97 165148
1 9025 95 27397
1 14 3 193056
1 4 35 144751
1 560603 66 186199
1 8836 94 140131
1 7396 86 12813
1 8649 93 144768
1 2000000 99 121297
1 9604 98 144751
1 1214758 51 144778
1 5813 91 8622
1 9407 97 144748
1 9409 97 56256
1 2000000 99 78000
1 1227 37 99982
1 4976 71 37735
1 36 6 151442
1 2000000 52 12642
1 5041 71 13514
1 2000000 40 113198
1 89 15 33475
1 2000000 57 111131
1 307 46 30476
1 143 12 144768
1 169 13 144752
1 6724 82 126050
1 3246 77 144775
1 3971 63 144761
1 709 60 144763
1 2000000 67 144748
1 2 3 144750
1 2000000 85 144769
1 2000000 28 59488
1 13 78 171212
1 2000000 11 66736
1 2625 85 144762
1 166 13 25975
1 2000000 50 136194
1 1022 32 144762
1 802 81 144754
1 174727 42 144754
1 2000000 20 79150
1 94 12 144759
1 24 7 144774
1 6719 82 110953
1 2000000 34 85521
1 1282 77 144778
1 2000000 36 102477
1 1126305 35 141587
1 2121 46 8599
1 486 22 165565
1 2000000 87 42544
1 4766 69 144762
1 2704 52 144749
1 2000000 59 25748
1 2000000 89 144757
1 1769 42 144766
1 1456364 46 68872
1 9801 99 114151
1 424 74 144769
1 4354 66 144752
1 6562 81 144751
1 2000000 78 57186
1 1849 43 119909
1 2601 51 170794
1 676 26 115604
1 4752 83 108674
1 2916 54 144773
1 56696 83 144772
1 233 43 73115
1 2000000 41 192043
1 2000000 57 5901
1 897 30 144764
1 2000000 38 1775
1 49937 57 144772
1 2000000 80 39894
1 2000000 27 133149
1 1942068 28 144778
1 4225 65 126415
1 2000000 12 144756
1 1024 32 144768
1 7396 86 52344
1 1536153 82 107796
1 802311 85 144760
1 6724 82 144776
1 2000000 79 9952
1 16 5 82881
1 2000000 92 37658
1 289 17 46309
1 30 10 144752
1 2000000 4 87953
1 784 28 137489
1 398130 71 144749
1 2742 85 144945
1 2000000 32 1970
1 8099 90 144760
1 2000000 54 144998
1 1105 42 144752
1 979557 82 191888
1 7396 86 132716
1 2000000 79 14906
1 2000000 43 144775
1 4761 69 144758
1 2000000 31 66487
1 125 11 144752
1 27 6 144762
1 319 19 38263
1 4900 70 68577
1 878517 93 76807
1 785 86 144748
1 2000000 47 65873
1 2000000 32 57105
1 175 63 132004
1 196 14 125115
1 2000000 91 86563
1 4624 68 115053
1 9607 98 144753
1 2000000 99 74511
1 6828 85 60027
1 5929 77 159829
1 3360 58 15361
1 2000000 52 81549
1 9409 97 41611
1 2000000 67 144756
1 2000000 71 144770
1 1260262 63 144759
1 2500 50 166225
1 59 8 160377
1 2000000 79 43327
1 39 6 185938
1 13 3 144750
1 1327 70 144756
1 2000000 64 144768
1 83 13 144776
1 1146 36 144761
1 121 11 134397
1 1027 32 144758
1 7744 88 144775
1 3642 80 144767
1 2000000 63 95837
1 9025 95 134922
1 7397 86 144772
1 894211 69 2502
1 2707 52 176498
1 4624 68 168222
1 2000000 69 144751
1 2000000 47 97105
1 1431 50 144766
1 2000000 29 64354
1 226 36 144755
1 148 18 144756
1 81 9 139369
1 8649 93 144772
1 8464 92 57003
1 2000000 39 144756
1 5779 76 141906
1 5481 74 122883
1 1272753 91 46701
1 8100 90 144777
1 1399494 24 190805
1 10 7 144772
1 2700 52 70354
1 2000000 79 144260
1 5929 77 144754
1 2000000 90 113528
1 1595 40 51891
1 782 28 144777
1 5036 71 104251
1 4489 67 144777
1 5630 75 144751
1 7565 87 144767
1 300 18 144756
1 2000000 68 20086
1 1047866 90 144765
1 2211 47 40897
1 1518 85 144775
1 5476 74 56948
1 3969 63 14826
1 7926 89 144762
1 5223 95 144771
1 3600 60 144761
1 5629 75 73037
1 2000000 59 8648
1 39 8 144756
1 296 20 16406
1 49 12 178633
1 2000000 80 99132
1 2000000 35 114634
1 80 9 17311
1 2000000 6 196251
1 1 14 193108
1 794098 41 144766
1 343 21 93271
1 2000000 81 76813
1 1159 34 116141
1 7744 88 197842
1 143 19 144775
1 8840 94 144766
1 3641 69 20125
1 19 11 144748
1 16 4 144776
1 1357808 54 144763
1 25 5 144766
1 97354 42 144748
1 770413 71 144773
1 1397 52 144753
1 16 6 146151
1 441 21 108708
1 484 22 144752
1 122 31 144769
1 225 15 144757
1 1268428 2 144759
1 846130 79 144758
1 62 8 144750
1 2000000 90 124682
1 3369 58 93143
1 2000000 82 82939
1 8836 94 16038
1 81 9 85348
1 6268 81 71574
1 2000000 40 5957
1 2276 90 144762
1 260 16 25340
1 2000000 7 67033
1 789 89 144752
1 2301 48 52356
1 5929 77 130331
1 419213 28 144765
1 5476 74 25745
1 196 14 101808
1 6400 80 144757
1 7223 85 147063
1 1309 73 176766
1 3137 56 79779
1 4765 69 44962
1 2403 49 144774
1 4118 69 144760
1 653 38 144752
1 7222 85 126919
1 1153 34 144765
1 5581 81 144750
1 3486 59 144777
1 1416771 7 144762
1 4900 70 144750
1 2125 80 103630
1 484 22 144050
1 2000000 12 42047
1 2000000 4 20022
1 2708 52 157631
1 2000000 58 97869
1 9212 96 75368
1 2000000 17 144760
1 2000000 65 59998
1 2000000 49 136448
1 144 12 144768
1 2000000 19 174064
1 9803 99 20519
1 2000000 1 144759
1 8102 90 168221
1 204796 33 144752
1 3085 74 144763
1 2000000 85 135513
1 9025 95 44903
1 6236 79 144776
1 2000000 29 126569
1 423898 53 144765
1 453386 68 42207
1 2000000 55 144770
1 2472 67 144754
1 1849 43 181783
1 16 4 144765
1 21 6 144774
1 2000000 55 141112
1 2000000 57 144755
1 2000000 41 115287
1 2809 53 95964
1 2000000 4 95020
1 5184 72 94981
1 568 72 144777
1 2000000 74 144776
1 58 35 144772
1 196 37 144753
1 2000000 4 156954
1 2026 45 144776
1 80 9 144762
1 4 2 155576
1 312030 43 144755
1 6399 80 144774
1 2000000 38 144752
1 992 35 158120
1 232 27 144777
1 5184 72 144759
1 2000000 43 14313
1 2000000 84 144771
1 2000000 68 50067
1 2000000 94 8646
1 1573 54 152086
1 1829069 82 144759
1 4356 66 71408
1 2000000 24 59032
1 1593863 33 33627
1 6238 79 114515
1 4356 66 71492
1 5184 72 162349
1 1603973 21 195836
1 86 13 144752
1 2000000 65 124916
1 7 2 45800
1 1379 84 144771
1 2000000 68 11416
1 4225 65 19434
1 2000000 14 127269
1 6084 78 66832
1 2 16 144775
1 1940 44 144765
1 121 11 54385
1 1950961 83 19891
1 2000000 68 12109
1 1173251 89 144764
1 1305318 68 144751
1 247 48 144778
1 3136 56 107273
1 2000000 52 144755
1 2207 47 177588
1 62996 44 14031
1 2000000 20 131709
1 5625 75 144753
1 3364 58 125263
1 21154 98 122629
1 2000000 79 144776
1 2000000 88 123218
1 1404818 6 144758
1 2000000 3 98332
1 2553 63 144768
1 2116 46 37025
1 2000000 48 156339
1 719 31 144776
1 8654 93 144760
1 2840 72 135724
1 2000000 65 131078
1 5927 98 144761
1 1934 44 159642
1 2387 66 144772
1 4 2 144768
1 3249 57 122848
1 2000000 98 93
1 1 1 162495
