1
71 -62
180250
1000
0 2 73 148408
1 2000000 9 11222
1 9601 98 148413
1 7392 86 173453
0 21 30 148425
1 264548 21 20927
0 45 68 163197
1 7225 85 41957
1 8281 91 144557
0 44 44 148406
0 2 35 148410
1 5529 79 105864
0 2000000 17 148418
0 2000000 25 57627
0 84 84 155569
1 64 8 108447
0 3 92 100875
1 1028 32 148401
0 29 35 148428
1 1835 65 160435
1 194 14 148416
1 7393 86 148428
1 2000000 85 26360
1 5945 84 148424
0 6 7 148423
1 1224299 44 65369
0 2000000 55 148408
0 14 47 148423
0 58 58 148420
0 99 99 27995
1 3721 61 178601
1 2000000 95 148422
1 957 31 181528
1 2000000 59 148425
1 725 27 155462
0 3 24 148411
0 87 94 148426
0 90 90 148408
1 2000000 84 21358
1 786 28 152326
1 2000000 39 148425
0 2000000 57 116581
0 2000000 62 133230
1 2000000 99 148403
0 84 84 11789
1 6683 85 148411
1 4276 67 113697
0 35 35 79505
0 44 44 148413
0 13 11 97726
0 166954 94 44428
0 19 20 148407
1 168958 88 148431
0 12 32 148416
1 81 9 148406
1 137 23 148408
1 7229 85 148414
1 1224 35 62311
0 5 50 148416
1 7045 91 199672
0 24 83 148429
0 26 27 196444
0 22 43 30705
0 64 64 77062
1 1450905 15 148424
1 376217 43 190048
0 7 11 129984
0 64 64 88214
0 18 20 148408
0 21 30 148565
0 55 56 54035
1 94 15 94801
0 608877 8 161573
0 2000000 55 77197
0 29 29 148422
1 2000000 10 62911
1 6253 96 26435
0 1199938 49 148419
1 5455 76 148414
1 7742 88 63144
0 45 45 20706
0 570330 94 31834
1 1 1 148422
1 1460 40 99364
1 9 3 182522
0 80 80 158074
1 86829 22 53221
1 98746 91 148421
1 2000000 23 138926
1 2000000 67 148414
1 9797 99 148418
1 1505677 79 186288
1 659939 35 155111
0 22 24 148429
0 7 7 148417
0 60 63 111492
0 6 9 127346
0 63 63 148427
0 565410 39 148423
1 213 16 83794
1 734 38 148408
1 2000000 59 101782
0 2000000 17 148415
0 21 21 117441
0 53 55 148431
1 2081 96 148421
0 7 38 148402
1 2000000 88 192181
1 9604 98 148410
1 1103896 53 148411
0 2 2 191738
1 2000000 95 25944
0 43 41 148409
0 72 97 148423
1 440 21 198264
0 1072402 90 141050
0 662609 81 33440
1 2000000 4 131336
0 268991 14 191343
0 1064031 80 148412
0 68 68 1475
0 1226601 72 167168
1 7945 100 148416
0 2000000 11 830
1 2000000 11 100166
1 3947 63 174245
1 479 22 23204
1 298012 79 148418
0 93 90 148405
1 184 22 148425
1 257 16 148418
0 798486 14 33478
1 406 22 148406
0 16 16 148413
1 20 7 148412
1 919 61 49427
0 62 62 87193
1 34 6 135692
1 99846 59 151371
0 122242 90 197037
1 485749 17 191657
0 49 55 171783
0 14 63 23656
1 2000000 31 148427
1 1156 34 148414
0 13 13 122282
0 2000000 83 20314
1 2000000 25 58129
0 12 12 148414
1 3273 71 148413
1 4 1 28589
0 48 74 148402
0 82 82 140993
1 8464 92 148406
0 8 6 148428
0 1 4 148424
1 239 55 97919
1 1024 32 148422
0 2000000 51 148409
0 39 34 92134
1 674 35 168499
0 2000000 21 148402
0 2000000 3 54969
1 1444 38 148426
1 2000000 87 148405
0 9 55 182073
1 2000000 68 105930
1 12 4 148424
1 5776 76 14955
1 2000000 94 61123
0 1835982 58 60356
0 62 62 111454
0 52 50 148427
1 2415 55 75785
1 2000000 19 68669
1 2000000 35 95379
1 4457 85 95872
1 3964 63 148427
1 744179 95 148419
0 2000000 71 37237
0 2000000 84 185514
0 8 92 148406
1 2000000 34 120741
0 2000000 54 62658
1 1444 38 55040
1 620 25 148420
0 14 28 148429
1 400 20 91554
0 49 49 51355
0 50 48 148422
0 2000000 86 33976
0 81 81 118676
0 79 79 118623
1 590 55 148425
0 2000000 44 148431
1 16 4 148412
1 1845 78 148409
1 568704 18 154073
1 2505 50 148411
0 2000000 66 148402
0 2000000 76 148414
1 1542 41 148418
1 2500 50 58401
1 6722 82 148431
1 2304 48 131723
1 32 6 128802
0 64 64 148408
1 6241 79 46271
0 17 34 148414
1 10000 100 26273
0 969416 82 25089
1 2021 45 148418
1 2000000 1 60601
0 15 15 37633
0 58 58 148402
1 6 1 121040
0 17 17 124209
1 891 34 148406
0 1892828 35 148422
0 86 85 148402
1 2000000 14 106337
0 17 56 109491
1 101 10 106036
0 2000000 51 25566
0 2000000 16 148419
1 2401 49 148421
0 67 67 147004
1 6724 82 148407
0 19 19 37388
0 57 52 141616
1 364 32 30083
1 2000000 50 70002
0 60 56 148419
0 2000000 31 12246
1 172 14 148414
0 2000000 23 61355
1 1 1 34964
1 2000000 36 116730
1 2000000 69 148415
1 7 5 75225
1 1530421 77 148414
1 10000 100 148424
0 78 81 148414
1 1519004 54 118333
1 2000000 96 41776
0 57 60 173092
0 285533 16 88537
1 2000000 24 118072
0 7 9 148401
1 76412 73 148428
1 4309 78 148429
1 747 70 3833
0 51 53 148402
0 1514051 23 105476
0 284365 20 148404
0 29 25 197257
1 629586 7 110059
0 51 82 148413
1 2000000 40 148426
1 2000000 16 31618
1 773231 34 2490
1 2402 49 79216
0 69 68 148428
1 4624 68 117876
1 100 10 148430
0 299571 25 148411
0 1958739 3 44767
0 57 57 148425
0 42 41 120939
1 1296 36 41796
1 1 2 148421
0 98 98 93252
0 35 58 48779
0 27 57 148418
0 61 63 148412
0 66 66 148424
0 1557642 14 60366
0 61 61 119226
1 2000000 31 148403
1 7228 85 149807
1 2000000 91 143538
0 63 62 148404
0 2000000 79 148407
0 2000000 84 118883
0 619663 88 148424
0 2000000 34 148430
1 86 42 148407
0 4 19 81516
1 2000000 33 148419
1 965 31 170984
1 2000000 36 148428
1 899359 27 149936
1 2000000 43 166475
1 5041 71 136868
0 24 37 148414
1 961 31 25280
0 30 60 54035
0 251469 92 148417
1 2000000 16 78835
0 5 9 21937
1 374 26 148411
1 447557 24 36084
1 1024 32 106534
1 361 19 148407
0 35 89 58047
1 7385 92 51671
0 35 35 91423
1 2000000 18 148410
0 34 30 148411
0 6 5 175637
1 1018 35 156425
0 2000000 59 148405
1 2000000 25 62189
1 1050 33 131040
0 25 51 148413
1 4454 91 180963
0 37 37 98833
0 95 95 109634
0 2 43 50320
0 20 20 55964
1 418 52 70462
1 2000000 57 53292
1 192 46 75231
0 14 18 148409
0 2000000 11 148420
1 7874 93 148426
0 86 86 135431
1 796 67 148430
0 53 53 143540
0 26 26 148421
0 19 32 174499
1 2000000 32 73858
1 2221 87 65480
1 647812 69 68726
1 224 15 145800
1 625 25 63031
0 85 90 135971
1 917 72 148410
0 2000000 69 171130
0 2000000 16 49011
0 90 90 73109
1 2809 53 16767
1 547009 72 148425
1 5780 76 27376
1 3969 63 148406
1 11 4 146205
1 6893 83 76130
0 337689 98 193109
0 331290 69 148411
1 4248 86 148425
0 9 14 148423
0 61 61 148408
1 1275141 53 42534
1 2000000 17 71379
1 1294420 81 148424
0 395634 7 148416
0 2000000 42 65445
0 7 4 144359
0 17 63 148429
0 2000000 53 158209
1 2000000 51 98221
0 20 51 148417
1 832 35 89587
1 32 7 46109
1 4624 68 148429
1 6561 81 89832
0 2000000 23 197939
1 3329 65 111628
0 34 34 13316
0 1545680 59 148427
1 2000000 51 58939
0 92 87 148422
1 1794 52 148404
1 1530957 46 148408
1 480 22 148429
0 28 28 27885
1 1760 42 148405
0 4 4 148425
0 2000000 97 40969
1 680 53 148417
1 2000000 59 148403
1 256 56 118418
1 1373 58 148413
0 67 67 96320
1 579 24 148426
1 1562 63 148410
0 2000000 57 145255
1 7742 88 148410
0 1219242 11 125736
0 57 97 148407
1 3717 61 115654
0 35 35 112610
0 14 14 148414
1 6400 80 34623
0 24 24 148405
1 2000000 61 163959
1 2000000 67 83182
0 69 70 60491
0 3 6 148420
0 954883 65 4994
0 10 87 169358
0 348134 93 80276
1 2000000 92 116104
1 35 6 146427
1 584 32 90310
1 2000000 46 86024
0 2000000 5 148428
1 2000000 57 9631
0 82 82 83884
0 2000000 6 148422
1 4761 69 148402
1 361 19 148431
0 2000000 88 120904
0 2000000 44 113914
1 2023 45 88191
0 84 82 148412
0 1 74 111324
0 2000000 55 127723
1 9216 96 132034
0 1543800 73 36769
1 4223 65 174319
0 44 63 148415
0 20 57 170668
0 2000000 16 40870
0 62 62 86334
1 479 38 148407
0 1024566 62 145442
0 2000000 72 137617
1 1681 41 172184
1 4 2 148416
1 2000000 84 148409
0 1202138 90 151547
0 16 15 148425
0 1839765 6 110226
1 49 7 148427
0 29 29 38537
1 2000000 83 75092
1 2000000 28 83593
1 830 31 22311
1 50 7 159816
1 1029 32 148409
0 60 60 145685
0 58 58 48722
1 8283 91 148413
0 121344 6 148403
1 1764 42 26662
1 32 6 148424
1 2000000 73 148408
0 97 97 189440
0 29 82 190962
1 2000000 34 148403
1 1362069 70 114668
0 96 93 148405
1 797797 92 148407
0 2000000 43 46609
1 2000000 40 148428
0 15 17 3298
0 38 36 148431
1 6079 78 148402
1 8281 91 148422
0 38 52 6287
1 626 25 158997
0 2000000 44 122593
0 69 72 148418
0 35 71 98157
1 5329 73 56110
1 1345364 82 64703
0 226491 68 148429
0 2000000 71 148404
1 4357 66 147117
0 2000000 13 88197
0 1384790 7 159285
1 1766 42 148418
1 2705 52 148421
1 1441 38 148422
1 531518 95 148427
1 17 22 134439
0 2000000 54 100069
0 14 99 130228
1 8100 90 150627
1 51 8 198359
1 441 21 121779
0 45 46 116660
0 2000000 11 50775
0 22 60 169754
1 2868 54 148428
0 9 10 180311
1 1055 40 187475
1 2000000 17 158710
0 2000000 87 127903
0 461630 21 148416
1 2501 50 141932
1 1523 39 148417
0 2000000 68 148419
1 800835 81 148425
0 880891 52 148415
1 2000000 85 24347
0 89 91 164506
0 60 60 148413
1 3600 60 123487
0 50 65 130333
1 2000000 70 148408
1 8284 91 148424
1 2000000 12 98108
1 3 6 148420
1 5967 96 313
0 2000000 1 113655
1 2000000 86 167015
0 2000000 95 39932
0 43 43 126152
0 13 13 148419
0 8 43 68092
0 40 40 46853
0 2000000 71 148419
0 25 25 115634
1 2000000 18 143736
0 44 65 148405
0 1155755 79 148410
1 1521 39 148422
1 4353 66 179179
1 1521 39 57496
0 2000000 53 155332
1 530986 41 148419
0 83 83 105234
1 5 3 6112
0 42 42 131305
0 60 60 98708
0 95 95 148428
0 1872371 77 148421
1 101827 9 21330
1 196 14 38662
1 5184 72 99011
0 20 20 5438
1 289 17 73735
0 781236 98 38579
1 2309 48 13197
1 16 4 148414
0 24 24 148425
0 9 20 67369
0 822007 2 109873
1 4451 91 148418
1 987 37 153200
1 2000000 71 104012
1 2000000 32 126041
0 16 29 71898
0 19 23 148406
0 16 16 9756
0 2000000 66 148417
0 85 86 148404
0 2000000 58 77726
0 2000000 76 16365
0 57 52 148406
1 2000000 65 148431
1 2000000 48 87979
0 2000000 54 87804
0 50 81 148403
0 2000000 68 49257
1 576 24 85001
1 1502 58 111526
0 10 10 93064
0 20 23 148426
1 13 4 148418
0 2000000 61 141285
0 13 75 38515
1 20 4 148408
0 79 79 148410
1 8 3 78423
1 1936375 97 52229
1 2000000 11 52233
0 742 16 29608
0 2000000 17 30555
1 2000000 58 43864
0 2000000 90 148422
0 29 42 148420
0 2 51 148417
1 1033131 47 92150
0 50 52 148427
0 68 68 89254
0 2000000 24 52787
0 65 68 148427
0 10 10 148430
0 97 94 18246
1 1087 40 99735
1 6421 88 159323
0 2000000 29 132474
1 2304 48 73053
0 2000000 11 120866
1 172 13 148420
1 2601 51 180705
0 601366 70 148410
0 2000000 53 94292
1 1444 38 171203
0 2000000 70 28958
0 33 33 25908
1 3597 60 121768
0 64 65 148430
1 81 9 148430
0 40 40 177739
1 2000000 27 115036
0 59 57 148304
0 2000000 65 148418
1 727 27 28376
1 196 14 148406
1 197 14 86749
1 681 26 148403
0 2000000 74 67056
0 22 22 148422
1 773 67 141077
1 3779 63 148417
0 73 68 148429
0 13 10 148402
1 9409 97 5393
0 82 84 148411
0 47 49 148420
1 2000000 92 148410
1 1856 45 173630
1 1655802 78 117958
0 2000000 78 91052
0 8614 74 148402
0 15 15 148426
0 2000000 90 107980
0 38 33 77175
1 147701 86 148426
1 2000000 70 14432
0 38 36 148413
1 109960 73 148403
1 2000000 47 47065
0 2000000 62 129264
1 626 28 148404
0 36 50 171827
1 600 45 125496
0 30 33 148420
0 1573744 10 148409
0 820776 42 173871
1 2025 45 148418
0 95 95 148415
1 922973 14 24456
0 97 97 137397
0 2000000 96 93419
1 129 40 132715
1 3628 67 142516
0 22 46 148417
1 5068 87 148412
1 376667 94 148427
1 1891062 60 148414
1 642 40 148405
1 292 17 148401
0 31 31 91876
1 2000000 11 13347
0 34 62 148409
0 67 65 148426
1 11 3 148405
1 616 47 148407
0 8 10 191685
0 2000000 49 148401
1 1364 37 148408
1 2000000 97 1678
0 86 86 83165
0 1990171 72 69395
0 713597 36 148402
1 2761 53 5013
0 34 38 148402
0 13 13 146110
1 166 19 84912
0 72 71 148418
1 3 2 148423
0 2000000 48 194670
1 3842 62 142418
1 2040 73 148426
1 1084 33 148401
0 2000000 85 104197
0 13 13 148409
1 713 86 148426
0 81 79 114743
0 24 35 90961
1 1354214 18 148427
0 2 99 47429
1 2000000 80 103868
1 105 70 20771
1 16 4 148418
0 72 67 23361
0 26 57 148424
1 165 21 191778
0 31 37 148409
1 6724 82 19521
1 8836 94 38920
1 4 2 54655
0 66 95 11499
0 2000000 82 148429
1 2000000 46 86798
0 6 9 148409
1 27 10 145934
1 938714 20 74015
1 4624 68 148408
0 5 61 148410
1 1156 34 148414
0 144199 83 90007
0 332214 3 148426
1 354886 36 140253
1 6561 81 3707
0 78 78 148424
0 51 49 148429
1 2 2 148427
1 115174 69 148412
1 8469 92 154069
0 22 22 148410
1 5608 98 179381
0 428757 91 118670
0 2000000 37 143925
0 28 86 148418
0 13 13 148415
0 19 14 161557
0 34 34 2337
1 908 40 92679
1 263 23 105380
1 3177 66 148406
0 63 63 142136
0 2000000 37 148403
1 361 19 37257
0 1872541 82 148415
0 2000000 14 93062
1 578 24 148406
0 91 92 148416
1 3 3 91137
1 1270 48 148411
0 693645 48 148423
0 910176 35 163587
0 2000000 55 148426
1 2000000 56 131731
1 2000000 26 64186
0 28 28 96970
0 2000000 79 148424
0 10 47 148428
1 5625 75 199828
1 4900 70 148421
0 65 66 110514
0 2000000 77 58757
1 2000000 32 148401
1 7221 85 148423
1 1 1 182956
0 2000000 53 28971
0 37 41 85281
1 10000 100 148426
1 2000000 64 38842
0 1731291 46 148410
0 2000000 10 13100
1 1 1 59244
0 1168909 72 77023
0 2000000 14 148406
1 961 31 32769
1 9599 98 125605
1 1 2 148402
0 6 20 148424
1 1151 34 148427
1 1024 32 71659
1 2704 52 148429
1 9801 99 148413
1 4622 68 167212
0 31 36 129958
0 78 79 113986
0 9 87 148427
1 1521 39 148411
0 92 92 148409
0 57 64 148409
0 2000000 82 50126
1 845 29 132041
0 90 95 172821
0 75 75 143937
0 84 88 148421
0 26 26 17811
0 48 51 67293
1 4354 66 106650
0 2000000 63 46861
1 1521 39 101203
0 57 53 148408
1 6561 81 26412
1 10124 83 57447
1 36 6 124497
1 2000000 46 109738
0 1014784 91 55818
0 19 51 148423
1 1892075 49 145570
1 6722 82 84697
0 13 35 148413
1 3844 62 85086
0 47 47 152337
0 55 64 148410
0 80 80 35332
0 95 100 148430
0 47574 11 148418
1 2000000 85 15831
1 1936 44 148412
1 2000000 97 4567
1 6889 83 163317
0 52 52 148418
0 1 1 148424
0 94 94 148427
0 1822842 6 148423
1 2201 75 69576
1 223 15 148422
0 6 6 148410
0 35 40 176178
0 2000000 4 21902
0 45 46 148412
1 563363 46 12521
0 69 69 54393
0 31 89 148422
0 20 20 181161
0 103 98 148407
1 6400 80 128073
1 2000000 50 35755
1 205967 83 54233
1 2000000 10 47196
1 1 1 148403
1 7744 88 44769
0 2000000 57 23586
0 95 95 69729
0 2000000 67 42229
0 270778 93 148428
0 8 6 12298
1 71 10 148415
0 2000000 91 148414
0 2000000 70 100600
1 2497 2 116174
0 20 38 148427
1 6560 81 81484
1 165 13 148410
0 1 3 45532
1 16 7 148419
1 241 77 148426
1 3721 61 101277
1 2000000 94 106858
1 2114 46 148402
0 2000000 89 145375
1 2000000 22 57611
0 7 2 150782
1 3971 63 148431
0 2000000 96 148415
1 2000000 76 148429
0 2000000 33 117604
1 1933 44 148411
0 2000000 9 115931
0 18 26 148423
1 1444 38 25719
1 7755 95 13781
1 2000000 28 137662
0 2000000 63 19916
1 7391 86 148411
0 51 54 70217
0 2000000 15 34368
1 1933 44 148413
0 62 64 148418
1 396424 70 167769
0 2000000 13 20437
0 61 59 158920
0 91 91 137980
0 60 63 124855
0 85 89 148425
1 2000000 37 148407
0 68 70 148407
0 74 74 58647
0 2000000 65 148417
0 10 12 22011
1 1541 60 148426
1 5478 74 83644
0 2000000 15 159928
0 2000000 83 110276
1 434945 53 189293
0 27 45 148420
1 3250 57 148411
0 2000000 28 148419
1 101 11 129470
1 975280 52 86904
1 7225 85 148404
1 2000000 84 148411
0 32 75 148411
1 300 24 142597
0 56 61 31010
0 29 29 148429
0 23 30 76294
0 18 29 148421
1 77 9 148425
0 72 73 148795
0 17 22 148425
1 4282 67 148415
0 625273 55 145049
1 118 11 47910
0 12 64 148414
1 4358 66 196592
0 51 51 148430
1 4761 69 24756
0 2000000 64 68482
1 1680 98 148418
0 2000000 2 148418
0 57 71 148408
0 66 95 61788
1 2000000 3 142515
0 41 45 40844
0 61 61 86557
0 35 56 148426
0 63 63 7438
1 2000000 22 39063
0 1973347 83 148430
0 44 44 83252
1 2000000 99 148426
0 36 45 148431
0 6 26 19400
0 16 39 148403
1 2000000 96 16948
0 57 73 148429
1 2000000 78 64487
0 7 7 57457
0 14 52 148428
1 2000000 65 148421
0 2000000 1 73040
0 33 33 188685
0 5 1 148419
1 1041531 39 40154
0 296628 47 117018
0 43 49 60504
0 81 81 70606
0 51 53 2366
0 90 90 148401
0 106584 87 84328
1 2000000 47 81325
0 56 52 157220
1 398 40 73291
1 2000000 89 148415
1 2000000 2 124212
0 79 85 133864
1 324 20 148417
1 2000000 91 155620
1 5331 73 148409
1 3 2 33230
1 1217 93 149263
1 1576206 61 148406
1 396 20 148412
1 2089 53 64132
0 59 59 148412
0 6 7 148416
0 31 59 148427
0 1740181 19 106220
0 44 90 172832
0 57 57 118079
1 1697 45 100399
0 2000000 59 117557
0 50 53 148428
0 691689 87 148426
1 3025 55 148425
1 3137 56 148418
1 2000000 57 132882
1 2000000 7 68073
0 55 65 61427
0 60 55 148411
1 4902 70 148412
0 430376 75 148428
0 32 35 34135
1 2 2 81431
0 2000000 54 148424
1 7921 89 148401
0 32 32 10121
1 6084 78 148408
0 6 27 116122
1 1689 54 148415
0 1 1 17609
1 9410 97 137179
0 2000000 87 148414
1 2000000 88 53389
0 2000000 81 24778
1 9216 96 33291
0 40 81 1794
0 50 50 123179
0 5 38 116879
1 2000000 18 50719
0 98 98 101940
1 2000000 16 72392
1 322 18 148411
1 9215 96 163650
0 2 2 5600
0 83 90 148407
0 3 21 98039
0 2000000 43 148407
0 22 41 198117
1 2 4 148413
1 2000000 37 51296
1 5042 71 148409
0 2000000 21 133030
0 13 13 75842
0 1802165 30 95793
0 19 20 148430
0 83 84 154838
1 2948 75 92804
0 57 57 33243
1 3237 57 148419
1 2000000 31 121472
0 22 63 39673
1 2000000 4 148403
1 1332501 17 22177
0 31 31 45426
1 1296 36 13058
