440
-70 10 51 77 26 60 -35 -69 55 81 80 2 -77 -16 77 -48 -94 0 9 19 -57 -58 56 -11 26 3 -88 -1 -40 12 -37 -39 79 87 74 -90 97 7 84 87 49 13 -62 -86 51 -54 98 -47 23 -13 -71 -92 10 76 -85 -88 -15 3 97 12 54 -51 -41 -35 -38 77 -11 -86 -50 55 18 11 49 -88 -52 2 -33 -4 56 -63 -67 -88 40 -49 20 -96 -88 -49 -59 23 -100 -13 63 95 -54 -45 -51 89 18 30 -54 19 34 97 39 -74 -46 -5 -38 40 20 83 92 45 -22 11 50 -59 50 -38 -98 -46 -67 89 88 -31 16 88 -100 -77 16 -74 -38 5 37 -53 39 -53 -49 -80 -49 -64 -17 68 -82 -71 -52 45 -25 -86 55 -89 77 77 36 -67 29 63 91 86 -94 -79 -15 78 64 54 -56 -3 -90 -29 30 -37 -64 -46 -99 28 39 81 56 69 -66 76 -67 -57 -37 -86 -75 -24 38 -5 78 -22 96 -91 -81 33 -21 -69 -77 53 -44 63 -79 -13 2 -62 73 94 16 -45 -10 -95 31 71 -62 75 2 0 89 50 -57 -65 -1 81 -47 57 -57 -46 90 -63 -55 100 -89 -90 -22 84 -82 -25 89 -39 38 -73 4 63 -90 10 16 -8 37 93 53 62 -14 40 -88 14 -79 10 27 -52 34 -42 -37 -15 -22 -29 50 1 -6 -29 95 -30 43 0 79 47 -48 53 -12 34 0 -14 93 47 -65 3 77 25 83 45 -38 -8 92 9 79 60 32 15 7 82 66 -68 -90 -39 -80 66 -34 50 84 -61 -50 81 84 54 45 73 37 -48 79 -26 95 -22 13 79 0 80 -45 -50 -32 86 -18 -46 22 27 -48 39 -56 60 46 24 29 87 -70 43 18 -25 73 11 -57 -3 -32 -88 33 63 -48 -21 41 34 -74 -15 -52 -100 77 -14 -7 84 89 66 19 -94 98 62 -35 37 43 93 75 99 -80 27 70 -22 24 54 -30 -38 56 -48 58 97 -31 -71 4 -68 64 -40 -29 12 -53 22 93 11 50 55 11 -37 -93 -60 39 47 -15 -15 -83 30 67 -80 53 5 73 -34 -100 -33 74 -45 72 -32 -92 -87 -88 -64 16 0 94 40 43 -89 17 -24 44 -23 42
146244 151055 197115 151557 149633 163828 147857 196352 199478 153864 193661 150431 181340 154633 171677 179531 163688 162509 161693 182589 173341 149184 162296 152537 170640 174884 161043 164096 171393 156202 184328 154717 159505 177484 197692 143463 197386 144390 149526 163065 147277 191116 191818 164102 172257 158367 163230 143415 155562 194344 145893 150571 182942 196063 142179 189666 165783 171113 145814 153978 181567 184802 183400 186852 171931 197596 169135 157109 160469 176411 150399 149391 192585 180067 165811 184239 177132 170537 169785 162662 149464 155161 191810 197729 161653 176925 194599 189887 189428 178501 183906 142611 157291 157114 198586 176583 161094 144735 178814 169030 180600 169091 165258 171147 198462 188357 168482 148272 192496 159818 165329 190156 199348 155686 162356 199773 192662 187239 176084 146735 156310 160993 145364 186607 189423 190584 195764 198045 197582 150942 169159 174210 174449 166362 199126 163167 171473 171830 184007 180828 179049 178138 169807 186630 174112 166378 184728 196821 166771 179708 146235 182498 182197 156756 198503 161243 155197 161802 193308 171682 154175 149455 153341 169882 170499 167837 155451 158174 180257 178110 179796 149528 156223 197193 181193 177430 172155 146749 178952 174756 193474 191824 165419 186605 177473 150050 147351 150082 192160 164463 192318 168154 163718 156000 191373 189497 194007 187679 170646 189376 150746 173342 186755 195446 160763 189700 150213 185402 178170 145308 143731 156247 185766 161984 167332 181671 194827 155327 176676 199032 197808 160055 171812 146470 153342 185701 181210 182619 164591 180492 195382 187501 171004 172925 146879 172592 168024 197058 148282 168805 178387 162626 165422 151341 195347 155022 164623 185816 162466 186788 197819 182710 147238 144543 189012 179145 149423 186352 192423 192592 199841 167312 184967 156014 186036 143783 188592 164413 189062 197083 161241 145588 165192 143999 152090 172453 185110 171128 183571 151656 193034 145400 179915 153110 184329 187006 193233 181631 163006 162671 190999 151153 165392 187548 175333 152930 176089 168185 156215 143045 168258 146839 171861 179298 198655 178775 178064 194670 157350 168578 177616 142876 149815 175911 144728 199738 185005 163580 189131 156588 155810 187125 196051 159004 171113 198322 149937 158809 146059 193906 151547 195225 190530 193131 199853 183723 171752 168351 171487 179653 196879 194278 172370 192126 195518 179321 165990 163405 190710 144889 173135 156993 183339 148322 157917 190463 154079 173301 173490 166699 165786 177906 160712 163392 148816 164226 167640 152579 187329 199074 181320 144044 148333 177546 164221 148248 178526 192259 182594 157612 196597 148317 172620 184617 180937 166050 192744 142354 193773 152134 174580 178885 184227 154125 172686 152478 157584 197528 159095 144414 156824 160216 143449 182198 153976 155149 180566 163854 171447 196736 170163 153058 185325 148393 189578 159152 174548 159402 187112 197371 181534 154926 153963 180482 190096 151011 142745 188435 198164 143489 193852 149877 189616 189217 166336 152503 198253 183619 169488 189002
552
1 591775 59 142095
1 1599532 97 102594
1 677970 93 142065
1 679 2 142086
1 2000000 74 107052
1 8330 7 142070
1 38992 56 129106
1 501364 28 97482
1 632570 61 71763
1 2000000 60 122858
1 1700004 100 53549
1 2000000 23 142085
1 425003 50 166569
1 80005 44 142077
1 1713605 83 142077
1 148494 46 106269
1 2000000 57 5531
1 1199520 84 142082
1 632567 61 142072
1 49127 17 188206
1 1407770 91 172917
1 1451854 58 191380
1 344254 45 142082
1 185126 33 24925
1 833000 70 142083
1 174080 32 186313
1 923951 82 86067
1 1034280 78 142092
1 42191 18 79162
1 1537737 20 183111
1 1525 3 82218
1 552438 68 164280
1 61365 19 107495
1 2000000 65 128707
1 272000 40 182747
1 2000000 81 142092
1 1417157 94 142074
1 1377000 90 142085
1 2000000 82 75148
1 38249 15 142071
1 1165829 42 191574
1 2000000 56 57421
1 303252 88 144350
1 404537 66 142087
1 2000000 82 5811
1 674730 63 142078
1 416994 55 93147
1 19848 15 143825
1 124411 45 196172
1 552330 57 96058
1 408170 49 142090
1 1260375 67 142082
1 55079 18 142093
1 533117 56 84368
1 2000000 8 52036
1 956250 75 114573
1 79137 43 170603
1 211133 39 94162
1 27984 14 53092
1 495721 54 71146
1 1143082 82 142074
1 1088003 80 142080
1 2000000 1 142092
1 363572 57 106882
1 696320 64 142081
1 33323 14 55416
1 758355 94 173677
1 2000000 23 52282
1 98856 31 138772
1 1407770 91 123880
1 43916 21 142070
1 408170 49 133508
1 2000000 87 142066
1 632570 61 142076
1 798617 76 142081
1 6119 6 155147
1 2000000 35 142068
1 881285 72 58724
1 535941 67 11692
1 153000 30 142085
1 82275 22 71382
1 2000000 19 142087
1 2000000 59 142079
1 930925 74 100688
1 612000 60 43973
1 2000000 66 192314
1 1034276 78 142083
1 2000000 32 10393
1 24477 12 142081
1 359720 46 112118
1 932968 10 14869
1 359720 46 142070
1 1696303 8 142075
1 552330 57 38878
1 976475 93 142070
1 2000000 17 22067
1 1935961 80 142083
1 591770 59 11914
1 2000000 89 142093
1 647834 20 142071
1 61370 19 145823
1 2000000 54 85032
1 1805290 77 142084
1 856970 71 114812
1 591766 59 103417
1 800919 5 142076
1 6408 43 142080
1 1028347 79 142072
1 55084 18 179906
1 359720 46 56610
1 97860 24 142082
1 391680 48 40064
1 1632680 98 7579
1 277798 72 142085
1 1906464 43 142077
1 2000000 43 150325
1 1502120 94 142065
1 2000000 33 107901
1 1143077 82 30283
1 425000 50 57865
1 240843 57 142082
1 295497 9 142090
1 514427 95 142074
1 20575 11 142093
1 2000000 12 28466
1 115311 78 133139
1 37058 17 142082
1 713068 38 142066
1 329120 44 142082
1 13770 9 15498
1 2000000 100 142076
1 329116 44 65213
1 55080 18 142068
1 256669 56 142065
1 2000000 65 78582
1 142970 29 142093
1 106247 25 96271
1 346797 67 162531
1 1599530 97 142088
1 13772 9 142074
1 2000000 3 188288
1 881280 72 47264
1 1679651 77 142073
1 2000000 77 142078
1 375530 47 93708
1 1566723 96 142069
1 442170 51 15620
1 2000000 30 143438
1 2000000 54 2997
1 612000 60 142078
1 142970 29 120933
1 1657362 10 168585
1 6120 6 142069
1 2000000 67 142082
1 2000000 10 126912
1 2000000 32 6540
1 881283 72 142090
1 220320 36 127144
1 8657 22 142072
1 2721 9 142070
1 221579 57 65759
1 2000000 62 118335
1 653485 62 128492
1 941939 84 26241
1 227119 87 4481
1 170 1 138158
1 1018436 38 156706
1 272000 40 55028
1 2715 4 15581
1 114174 28 105418
1 317497 80 127499
1 556222 78 86404
1 1680796 100 3137
1 2000000 32 67803
1 763130 67 142083
1 726613 100 142094
1 487252 92 48685
1 1495335 72 103078
1 210087 50 142083
1 202 4 19638
1 33320 14 111163
1 313111 55 137339
1 396215 96 17097
1 908158 53 142088
1 921743 90 13746
1 1380267 82 55619
1 82285 22 51944
1 2000000 29 12546
1 967921 88 142073
1 2000000 9 16494
1 33320 14 14724
1 2000000 52 63161
1 1958571 89 27060
1 123930 27 142069
1 2000000 33 86636
1 2392 4 183447
1 2000000 55 142088
1 1346567 89 142066
1 55077 18 1606
1 786078 68 142094
1 2751 28 142067
1 613868 94 142068
1 259405 43 26489
1 2000000 56 77117
1 299880 42 90115
1 718245 65 142067
1 2000000 63 73551
1 1037088 91 142066
1 2000000 64 142075
1 2000000 51 47656
1 2000000 84 142072
1 811920 77 116848
1 1115370 81 142073
1 2000000 31 6565
1 329121 44 142092
1 917294 100 148177
1 1666170 99 89119
1 1531982 63 142091
1 2000000 97 191871
1 226037 87 66339
1 1098291 92 142076
1 2000000 20 142068
1 245480 38 94975
1 61370 19 113509
1 2000000 17 142068
1 5097 14 142075
1 653480 62 129151
1 738559 55 44853
1 856970 71 46995
1 2000000 58 117150
1 89925 23 97131
1 1502120 94 30104
1 1666170 99 142070
1 1502120 94 142079
1 675614 74 142081
1 35360 1 14269
1 1615222 24 142065
1 2000000 80 61369
1 2000000 8 197580
1 382072 34 142076
1 375535 47 142077
1 391677 48 172118
1 2000000 39 142086
1 2000000 1 117863
1 2000000 1 142079
1 1470334 93 72316
1 612001 60 142083
1 17005 10 3146
1 254708 62 142081
1 391684 48 146354
1 2000000 21 127665
1 2000000 50 142081
1 1227384 74 142078
1 763130 67 142092
1 2000000 73 109652
1 890329 89 142068
1 299885 42 142087
1 21809 25 62269
1 308035 69 142076
1 1385259 66 142071
1 718251 65 59160
1 842106 99 174740
1 2000000 50 18003
1 133282 28 145352
1 925395 1 142072
1 4250 5 142081
1 1007933 77 89341
1 4252 5 177181
1 14988 26 142077
1 2000000 26 42148
1 1316476 88 96936
1 1286378 89 142069
1 97920 24 142079
1 68000 20 185029
1 19101 13 57657
1 981925 76 142070
1 2000000 35 142088
1 2000000 23 24228
1 28730 13 142079
1 763126 67 142094
1 1194676 100 142079
1 2000000 54 142081
1 32494 61 142069
1 359720 46 104750
1 2000000 68 99991
1 40018 49 142089
1 1492632 97 42630
1 1339532 92 76464
1 552330 57 6352
1 133280 28 962
1 1394991 52 142065
1 1407766 91 62490
1 2000000 43 142082
1 690469 79 142077
1 124017 49 4240
1 856970 71 108583
1 2000000 19 49081
1 273996 42 142094
1 88324 51 142093
1 1502123 94 4364
1 2000000 60 142086
1 81723 38 108275
1 762436 88 142083
1 722217 85 142072
1 1199518 84 142072
1 2000000 83 142089
1 830052 39 139160
1 956250 75 196583
1 459676 52 25211
1 2000000 90 142085
1 571880 58 131841
1 2724 4 70823
1 271996 40 172928
1 30766 45 142075
1 2030 7 142095
1 1228253 85 142091
1 1699999 100 142070
1 639499 85 172999
1 38250 15 127741
1 833000 70 142088
1 425000 50 59778
1 329120 44 44732
1 833641 91 121511
1 138348 80 28309
1 1871092 12 142091
1 1638464 34 142076
1 1034275 78 142082
1 14249 11 142079
1 772500 40 140592
1 49133 17 131435
1 2000000 8 142094
1 2000000 96 8447
1 174077 32 142081
1 1699997 100 142071
1 2000000 49 177907
1 185130 33 142085
1 611999 60 132405
1 1257320 86 142068
1 314332 43 142843
1 1377000 90 24339
1 196520 34 40568
1 430335 82 187272
1 174080 32 76955
1 187773 35 188905
1 2000000 71 148417
1 1115368 81 142092
1 981918 76 12654
1 856969 71 142089
1 2000000 98 142081
1 10030 27 142080
1 299882 42 102278
1 646418 7 142092
1 632565 61 142081
1 114921 26 142085
1 111 15 142065
1 625164 63 142076
1 329119 44 142065
1 1187851 18 84527
1 137186 33 142089
1 2000000 93 122844
1 1346565 89 142078
1 2000000 28 43678
1 2000000 51 21631
1 3978 22 16218
1 329120 44 142080
1 1346570 89 64717
1 682 2 142076
1 245480 38 142085
1 1034280 78 142076
1 8330 7 142086
1 1502120 94 142073
1 391680 48 80347
1 2000000 34 58371
1 314334 43 120104
1 185133 33 142074
1 1257320 86 59672
1 4066 15 185724
1 148399 94 142070
1 1171130 83 142086
1 15734 27 142094
1 94734 43 199433
1 344253 45 111896
1 1566722 96 71760
1 131967 42 2815
1 2000000 10 62096
1 2000000 90 60804
1 1470334 93 78634
1 305353 72 85645
1 833002 70 142085
1 930920 74 112130
1 163370 31 142068
1 2000000 64 49440
1 391680 48 142070
1 2723 4 142069
1 2000000 85 43294
1 1060944 83 135128
1 2000000 76 42787
1 733183 97 142076
1 533125 56 142068
1 2000000 13 157927
1 77630 54 142081
1 2000000 69 106924
1 118931 6 163237
1 375793 52 66134
1 2000000 1 142072
1 1060970 79 142076
1 2000000 49 41420
1 740519 66 142075
1 616812 74 83204
1 142171 38 142071
1 49130 17 31782
1 2000000 88 142084
1 2000000 78 142094
1 2000000 44 32493
1 359720 46 142077
1 1060971 79 86043
1 2000000 35 120991
1 184293 33 142091
1 2000000 15 51512
1 1566720 96 31169
1 2000000 93 175004
1 533120 56 142094
1 174080 32 52046
1 74965 21 15660
1 1530 3 50343
1 2000000 4 142080
1 21255 28 142085
1 24477 12 142066
1 74970 21 135282
1 2000000 31 142079
1 61506 33 131866
1 290365 70 185255
1 1382900 36 142070
1 114918 26 142083
1 881280 72 158266
1 1034280 78 142083
1 73470 96 142081
1 85426 47 88782
1 261948 85 33556
1 43523 16 101712
1 280030 81 142083
1 2000000 66 142095
1 2000000 4 142092
1 329120 44 34424
1 2000000 66 92686
1 885977 78 142074
1 246470 46 187033
1 1534250 95 78666
1 833000 70 131843
1 336838 44 142079
1 774882 73 147203
1 929695 6 142084
1 65226 21 142080
1 481986 82 69523
1 1759798 39 160309
1 2000000 20 23222
1 1796226 24 85330
1 2000000 53 116767
1 1008717 80 142066
1 672456 72 142068
1 1007928 77 142075
1 1088000 80 5895
1 1485963 77 181110
1 113890 85 203
1 133280 28 142089
1 76245 36 142079
1 412300 86 180239
1 2000000 4 69234
1 1471269 97 142084
1 2000000 79 142094
1 296039 56 127698
1 2000000 17 124418
1 514250 55 47860
1 258567 39 142077
1 344250 45 83246
1 14389 22 142072
1 568280 67 67474
1 854557 48 42614
1 335846 59 142082
1 2000000 67 33858
1 168419 59 179561
1 344247 45 115591
1 232733 37 36542
1 359720 46 142094
1 302841 55 165888
1 8330 7 85351
1 74470 48 189867
1 696325 64 142083
1 24480 12 41227
1 722499 28 129563
1 833000 70 150683
1 2000000 61 117416
1 591767 59 142078
1 1088000 80 92448
1 2000000 93 142085
1 285770 41 114743
1 1994887 30 142085
1 1112820 28 139378
1 40283 19 142067
1 2000000 79 142074
1 2000000 23 37658
1 1599532 97 142074
1 994185 72 142072
1 2000000 86 82778
1 153434 75 52352
1 1034280 78 100934
1 604 2 142065
1 2000000 3 179140
1 2000000 53 75669
1 680859 90 96402
1 410078 97 71678
1 14707 10 23383
1 1214 13 142083
1 2000000 85 99757
1 245480 38 142083
1 390778 61 142075
1 3580 5 50739
1 696320 64 181489
1 41959 25 142067
1 459680 52 35576
1 1034280 78 105200
1 174080 32 142078
1 77851 25 142077
1 885389 48 142080
1 74974 21 142078
1 208246 35 148176
1 2000000 63 3978
1 881280 72 142067
1 425000 50 142066
1 442175 51 130559
1 2000000 79 127871
1 1219922 60 139419
1 774113 85 42986
1 174076 32 177164
1 194899 51 142071
1 1376704 92 142070
1 31275 26 153218
1 1297069 31 142069
1 740520 66 142075
1 1666170 99 116546
1 113962 32 127278
1 1470334 93 96551
1 219896 36 142067
1 2000000 57 49983
1 2000000 49 142083
1 2000000 32 122710
1 425000 50 142085
1 2000000 27 56318
1 2000000 92 55872
1 459680 52 40205
1 82276 22 190010
1 2000000 49 142080
