254
96 26 47 15 67 77 46 91 64 51 29 54 40 83 66 74 71 98 25 1 51 12 30 87 58 94 82 45 7 11 22 3 77 88 30 62 55 87 16 8 82 73 40 65 64 63 55 43 61 89 56 27 95 81 57 77 33 76 27 41 24 80 50 94 85 85 78 60 47 83 9 8 8 71 99 41 92 78 30 57 19 28 95 62 42 62 75 60 29 63 10 44 92 95 27 89 11 33 99 50 40 64 88 0 21 17 58 86 6 40 28 96 99 3 38 18 46 24 33 25 60 0 50 12 31 35 69 83 68 62 36 29 63 25 96 73 91 99 11 12 38 55 30 9 38 83 56 64 57 46 41 1 32 12 38 75 49 79 11 59 17 67 44 50 94 43 53 12 7 95 76 93 28 21 93 23 81 32 73 90 41 3 93 81 16 41 89 85 95 99 47 24 58 83 27 39 61 28 5 79 61 90 56 48 47 92 60 38 60 61 50 18 4 63 30 14 94 5 47 44 50 39 8 54 87 100 73 15 14 22 71 33 82 29 45 98 62 26 52 72 82 33 63 76 12 8 2 16 90 50 48 79 40 48 16
1 7 12 1 8 1 13 14 14 2 15 10 15 21 25 22 17 25 10 23 24 22 22 22 28 33 21 34 28 34 25 32 40 28 25 26 41 44 47 45 48 41 34 51 55 48 46 38 47 53 48 58 55 49 64 62 48 52 62 60 69 68 73 66 65 59 68 66 70 62 80 82 80 76 79 69 70 80 74 74 80 84 85 84 91 76 77 90 86 97 84 98 93 93 98 96 101 105 91 105 94 98 98 110 97 110 105 117 117 101 118 102 122 117 114 118 124 116 109 113 122 119 124 121 115 120 135 126 122 123 125 138 141 142 143 137 139 145 142 133 148 136 142 144 137 141 148 156 145 160 150 151 152 147 146 151 160 152 154 158 152 156 170 172 157 169 169 172 179 179 170 180 169 183 165 183 185 182 175 176 175 181 193 175 190 180 191 178 187 188 186 188 186 188 185 194 204 197 198 200 204 197 211 202 212 206 200 210 219 215 216 212 219 210 212 224 218 214 228 220 221 229 214 218 224 230 226 222 221 223 224 228 239 237 241 231 242 248 241 241 246 239 238 251 255 236 244 251 247 243 243 243 261 261
104
1 3175 46 74282
1 14616 94 101176
1 56 30 74298
1 11985 80 74274
0 7 50 11000
1 20736 72 14786
1 7 17 74279
1 14870 67 74288
0 354 94 74276
1 7365 99 74282
1 2145 60 103366
1 324 9 64287
1 33124 91 4325
1 12299 66 166297
1 576 12 34736
1 942 16 74287
1 97 10 87790
0 265 70 74282
1 2000000 96 42283
1 25600 80 74006
0 145 38 74294
1 12128 95 54945
0 79 39 74288
1 2000000 23 45761
0 98 61 157468
0 53 26 175981
0 19 13 2281
0 9 11 74270
0 16 18 74294
1 3 1 74280
1 1171 70 74288
1 17460 96 125764
0 82 31 74270
1 318 12 74290
0 37 81 80297
0 265 92 173008
1 2283 30 131905
1 996 23 75316
1 10200 59 74295
1 2000000 36 2616
0 185 74 53437
0 205 79 113130
0 117 49 74272
0 2000000 4 38439
0 152 95 74289
0 2000000 60 11942
1 13543 93 74271
1 5776 38 25685
1 2006 59 74295
0 306 85 48755
1 94 7 25042
0 45 76 198642
1 4900 35 70995
0 354 89 74278
0 130 53 74283
1 24684 99 74281
0 2000000 29 1508
0 16 4 89921
0 91 66 176745
0 290 85 149077
1 140 21 94793
1 33124 91 56751
1 11130 78 94969
0 25 60 2378
1 15802 80 88349
0 3 18 138644
1 2969 98 104325
1 2000000 73 55347
0 248 62 26170
0 17 71 74272
1 4041 49 74269
1 645 39 103362
0 221 56 74284
1 7746 84 41376
1 431 12 74269
0 363 97 146976
0 138 57 168035
0 145 38 74288
0 19 12 167086
0 21 13 70376
1 2000000 89 42944
1 2762 38 74274
0 183 91 74293
1 2 1 74286
0 31 14 19977
0 168 42 16510
1 757 14 74273
1 997 22 122413
0 93 82 145281
0 12 56 74271
0 29 88 74284
1 5007 54 74277
0 356 89 58218
0 143 75 41195
1 1 1 74296
0 146 79 74273
1 7056 42 40366
0 144 40 74268
1 2000000 52 42143
1 2026 49 79130
1 2602 27 47343
0 104 26 52363
1 10878 67 74272
0 121 91 74274
