1
4 -5
2
1000
1 12 6 84492
1 6266 88 142009
0 5 5 14225
1 105 26 37006
0 60 66 84430
1 499 53 22876
0 2000000 40 37999
0 40 65 142031
0 7 37 142014
0 8 63 142030
0 72 96 97589
0 15 45 142013
0 19 50 103622
1 4227 84 157516
1 256 59 120341
0 100 100 37931
1 340 27 179306
1 2000000 39 99324
1 3613 86 131086
0 2000000 38 73935
1 2000000 34 9720
1 762 39 142024
0 18 26 142011
0 4 56 142028
1 2665 55 77643
0 27 51 142023
0 53 99 30423
1 19 9 142032
1 128 20 142003
0 47 61 142011
0 91 91 37345
1 21 8 16647
0 56 85 113714
1 54 9 76751
1 1125 70 1855
1 2000000 37 139200
0 23 23 148952
0 2 3 26671
0 2000000 88 20112
0 2000000 34 767
1 94 18 142033
1 2 2 142022
1 1623 49 142031
1 5776 76 37205
0 6 11 4709
0 90 90 4177
1 3193 63 197089
1 273 27 142014
0 57 68 88084
1 2000000 89 43246
1 2000000 92 93588
1 2000000 55 74312
1 5373 91 142003
1 6007 92 142015
0 74 79 66003
1 1311 54 142019
1 259 31 142010
1 529 23 133280
1 6561 81 118589
0 12 39 142016
1 2000000 35 128607
0 34 52 100201
1 255 22 142020
0 29 47 109232
1 256 42 195174
1 1787 100 59874
0 14 41 199179
1 155 13 142026
0 2000000 90 108955
1 1680 59 94517
0 2000000 34 122265
0 32 37 142027
0 1 11 175113
1 2664 65 56392
1 3506 78 142005
0 46 56 142016
0 5 67 142021
0 5 23 142021
1 2375 77 52230
0 41 46 50078
0 2 49 142026
0 33 34 142007
1 3969 63 126258
1 2000000 21 38824
1 99 35 142029
1 4131 69 178674
0 3 23 80208
1 53 28 93131
0 20 26 71141
0 5 96 142017
1 609 33 42543
1 650 88 142014
1 2500 50 59367
0 35 57 142024
1 125 74 142003
0 2000000 20 61184
0 7 8 142022
0 42 71 142005
1 1560 61 8
0 2 48 27761
1 582 38 75723
1 972 33 114962
0 58 94 164059
1 384 28 11373
0 67 85 142010
1 128 18 142022
0 16 44 142019
1 2430 54 168179
0 64 65 76161
0 65 85 142012
1 2000000 49 141434
1 775 34 18396
0 3 27 129439
1 55 13 187715
1 81 17 17147
0 14 38 138173
0 2000000 48 89439
1 14 4 24337
1 452 65 114905
1 6084 78 14709
1 1521 39 111417
0 3 8 142025
0 9 43 125345
0 2000000 1 89513
1 9126 99 69782
0 32 68 19328
0 2000000 42 26528
1 519 28 142014
0 79 96 117614
1 430 22 142028
0 69 97 142028
1 2000000 31 108681
1 20 8 142015
1 259 25 601
1 506 34 142032
0 69 93 157498
1 8464 92 34554
0 13 40 5268
0 49 56 142022
1 1418 70 142027
1 3456 88 46262
0 15 49 142012
1 23 11 142007
1 30 9 10611
1 3097 63 25193
0 21 81 142016
0 28 59 142027
0 7 7 16165
0 28 62 77068
0 25 28 101998
0 82 94 142018
0 21 94 128859
1 2352 58 140728
0 54 72 31597
0 14 17 146424
0 28 46 142003
1 986 47 142014
1 137 12 142029
0 6 13 142028
0 38 38 36672
1 483 50 113281
0 14 65 183413
1 1502 60 142029
1 268 36 130847
1 677 51 97831
1 6 3 142019
1 66 29 142033
0 1 21 139406
1 2000000 74 444
0 62 86 26748
1 3146 58 142007
1 1024 32 92660
0 32 43 142027
1 1381 97 43098
0 1 13 142024
0 92 92 142014
1 15 5 142003
1 4600 87 142018
1 1177 41 142005
0 64 71 40797
1 1033 39 142011
0 1 9 82040
0 16 16 136907
0 70 88 134734
0 80 81 156256
1 12 5 7285
0 13 26 142008
1 1 1 142026
0 2 14 140362
1 3873 97 142024
0 27 33 136816
0 9 56 4660
1 1191 50 111371
1 3864 94 132480
0 2000000 10 84333
0 57 62 142028
1 178 36 115867
0 5 42 70527
0 73 84 79469
0 7 68 5028
1 138 15 142012
0 12 25 70340
0 11 87 142013
1 8594 100 49913
0 25 78 179969
1 5588 78 158612
1 710 34 142006
1 336 53 142007
1 760 28 142033
0 15 27 142017
1 2663 55 142019
1 2905 67 119138
0 15 48 142009
0 49 80 142010
0 2000000 13 36735
0 1 63 142022
1 89 16 142008
1 2000000 88 79155
1 162 22 19930
1 89 18 142009
0 2000000 23 5217
1 1335 51 93477
1 670 37 142024
0 15 20 165199
1 2000000 41 43364
1 5036 74 22395
1 2000000 12 42054
1 167 82 142017
0 85 91 65277
0 35 45 186253
0 46 58 136683
0 2 23 142013
0 1 43 142029
0 2000000 35 94054
0 3 3 64620
1 4058 78 127860
0 2000000 6 39148
0 3 30 32762
1 6241 79 121132
0 7 55 156822
0 64 64 85229
1 2726 61 142006
0 50 77 142024
1 6561 81 19300
0 2 2 79754
1 78 36 30312
1 3481 59 122734
1 195 17 47955
1 2742 83 199653
0 41 46 142028
1 2628 66 179846
1 2199 81 142031
1 3080 65 182007
1 194 18 184372
0 51 53 147732
0 2000000 30 131432
0 2000000 19 109489
0 2000000 63 9764
1 34 87 32247
1 1241 49 142031
0 16 49 154625
0 68 78 75518
0 64 89 123564
1 3782 76 123285
1 484 22 142009
0 18 43 142003
0 19 19 22001
0 2000000 80 27153
1 953 33 142003
1 2000000 36 116043
1 1 2 142003
0 17 17 37798
0 8 37 142006
1 2000000 72 131672
0 3 5 168907
1 5848 79 142027
0 65 96 142009
0 14 49 111667
0 4 6 165514
0 47 54 20778
1 1952 56 142031
0 60 86 20935
1 2005 76 181021
0 63 63 128066
0 19 29 73343
0 46 79 84715
1 1093 42 164497
1 2304 48 98467
1 2000000 21 6903
1 3017 62 71792
0 38 65 21720
0 74 96 129984
0 6 9 164043
0 25 25 51834
1 4020 88 142006
1 137 37 142019
0 26 28 24045
1 184 18 142011
0 2000000 22 125764
1 479 42 35494
0 25 83 142007
0 28 72 54324
0 24 64 140035
1 11 5 142025
1 144 12 33455
1 6684 86 142024
1 699 46 142006
0 46 62 7157
1 1236 51 162610
0 1 1 142031
0 4 4 153117
1 2000000 57 86913
0 4 23 142011
1 568 38 46731
0 3 3 23144
0 3 20 142027
1 1101 37 153953
1 2601 51 103478
1 1702 45 142008
1 409 21 102802
1 2000000 26 132465
1 230 60 142021
0 1 5 142008
1 3574 60 142887
0 43 79 98723
0 76 78 148391
1 2710 58 142017
0 40 59 139076
1 522 57 166728
0 49 57 142012
0 2000000 31 119939
1 1350 47 25465
0 69 99 142030
1 667 63 42709
0 37 52 26853
1 672 29 142004
1 15 4 183914
0 20 32 142012
0 64 66 130537
1 2768 70 142029
1 569 27 18660
1 2851 90 132955
0 67 75 198385
1 61 8 44667
1 2202 51 154745
0 62 69 142030
1 3844 75 29114
1 3 5 142013
1 2000000 30 139932
0 37 47 142009
1 4454 71 142005
0 8 59 84621
1 124 14 142025
1 646 28 175688
1 65 10 133969
0 44 69 142623
1 8092 91 184068
0 1 31 142010
0 77 88 142017
0 85 85 65199
0 81 81 65035
1 404 36 142017
0 32 32 27142
0 52 59 119198
1 1866 50 177391
0 11 54 156393
0 53 53 142007
1 37 20 131255
0 52 52 18564
1 8225 96 82374
0 5 37 142008
1 5793 97 142010
1 213 66 142031
0 1 11 12307
0 55 73 138092
0 23 82 81777
1 2638 56 50031
0 3 13 180255
0 20 22 142008
1 81 9 99736
1 2000000 15 10589
1 2209 47 98590
0 78 98 142003
0 6 45 143932
1 3578 63 142003
0 21 60 142031
0 26 46 17529
1 184 17 142020
0 10 29 142029
0 10 18 142005
0 2000000 29 102144
0 17 21 142028
1 236 40 81929
0 5 28 142027
0 2000000 22 128748
0 67 85 129153
0 26 57 98694
0 46 69 142014
1 409 54 142026
1 5741 83 142033
0 2000000 90 102353
0 100 100 142030
0 2000000 46 129183
0 12 79 107862
1 2000000 27 104805
0 32 87 107716
1 33 7 68966
1 1424 57 125544
1 980 63 170214
1 3075 84 142014
0 19 70 132266
1 1477 94 113830
0 78 91 155905
1 278 20 26685
0 21 23 142011
0 39 61 142019
0 57 76 142015
1 3402 62 14493
1 1505 40 142027
1 228 31 1499
1 2000000 5 20859
0 6 6 139318
0 16 60 142031
0 2000000 50 61048
1 2825 54 193556
0 24 84 142015
1 4493 83 142011
1 7744 88 9876
0 65 80 158659
1 2000000 76 98923
1 105 52 142028
1 4256 93 4830
0 2000000 80 17939
1 2000000 6 68827
0 54 54 32741
0 57 79 59272
0 36 48 142033
1 5553 85 142024
0 64 74 88465
0 14 15 142021
0 11 28 142031
0 4 4 162701
1 333 21 138158
0 2 4 75108
0 9 9 142018
1 4885 84 142026
0 17 60 142027
0 4 8 19555
1 917 33 142022
1 8281 91 115976
1 8044 94 142030
0 2000000 31 63346
1 8324 99 142029
0 72 75 142023
1 2521 100 142014
1 124 13 142004
0 5 90 142007
0 13 14 142021
0 17 29 172019
0 3 41 11744
1 14 9 142028
1 570 90 88246
0 1 1 142027
1 2000000 41 91119
1 2000000 6 56161
0 24 29 152258
1 7442 100 189794
1 362 32 163358
1 2677 71 131248
0 13 18 142011
1 1834 60 138432
0 4 5 174575
1 2000000 12 14308
0 17 24 142020
1 189 28 16797
1 837 49 149324
1 486 92 25301
1 4271 84 142003
0 19 62 85095
1 3481 59 135585
1 2688 66 142019
0 37 40 195260
1 24 5 35205
1 2000000 56 101038
0 64 89 82477
1 394 39 32885
1 1557 85 142032
0 14 43 172650
0 2000000 2 5590
0 8 8 38586
1 397 20 142027
0 40 53 164710
1 169 13 33514
0 26 29 148860
0 2 10 95819
0 48 83 142027
0 17 43 172835
1 4789 74 142017
0 20 60 142015
1 3386 81 142011
1 3513 63 142020
0 51 98 142028
0 44 44 116631
0 6 42 128213
1 2000000 46 45347
0 17 73 69210
0 7 58 142008
0 4 6 70021
0 15 65 142024
1 439 25 142010
1 777 55 149760
1 8 8 142024
1 6 4 158912
0 98 98 8355
1 306 21 142019
1 3701 68 198759
1 2000000 68 131470
0 21 55 120258
0 1 54 118700
1 5125 75 31326
0 68 79 174414
0 30 56 142007
0 37 42 30411
1 60 98 142005
1 2000000 46 8184
0 2000000 35 21333
1 260 27 142030
1 2000000 3 122994
0 22 22 729
0 14 15 183601
1 35 6 142012
0 2 21 142029
0 21 22 142031
1 1419 82 195444
1 1485 39 138791
0 2000000 3 130344
1 400 20 36873
0 13 56 168273
0 2000000 20 49759
0 37 64 142030
1 475 27 67179
0 6 78 142022
1 8312 97 130289
0 25 54 142009
0 46 58 142025
0 57 57 65635
0 63 72 186803
0 15 57 166885
1 12 52 105922
0 13 24 169619
0 18 35 72249
1 274 28 147599
1 2000000 54 139336
0 67 67 141079
1 8 5 102742
0 25 46 1191
0 22 76 142021
0 15 57 142011
0 12 14 31157
1 6391 82 142028
1 3019 86 114721
1 7 8 113094
1 2000000 59 21922
1 146 59 139137
0 40 40 87849
1 57 9 142026
1 482 68 152805
0 3 3 142032
0 2 20 24000
0 55 82 142008
1 2000000 66 7049
0 21 49 71620
0 45 92 142018
0 23 93 142011
1 48 8 142003
1 6691 82 85248
0 68 68 77001
0 32 83 142012
1 2 4 13566
0 15 29 142024
0 71 100 142028
0 49 56 142010
1 2000000 94 107441
0 6 21 142029
0 2 16 73855
0 17 74 142012
0 44 89 172038
0 4 19 18755
1 3267 68 142031
1 6101 97 40403
0 36 48 142012
1 5269 90 142015
0 2 33 142024
0 49 49 63640
1 4 5 182681
1 149 49 142014
1 100 13 133201
0 4 5 141961
0 97 99 142019
0 8 18 142015
1 721 27 142021
1 310 34 142028
1 2000000 36 133857
0 35 39 142017
1 4872 82 101892
1 2000000 31 34868
0 2000000 57 67740
0 6 7 142020
0 16 71 130825
1 61 15 42086
0 2 59 142007
0 4 72 50278
0 59 72 123010
0 2000000 93 48870
0 21 96 142012
0 1 8 48038
0 9 76 142011
0 27 60 52136
0 9 26 142014
0 2000000 92 44404
0 10 97 91858
0 5 27 142006
1 5382 86 142023
0 43 52 142033
1 230 20 6895
1 8723 100 142015
0 22 52 142019
0 26 31 91172
1 1138 64 172868
0 3 64 142006
0 36 49 48724
0 74 92 167223
0 58 67 142028
1 951 82 116034
0 40 50 119804
1 892 82 142014
0 89 97 75565
0 60 60 117738
1 25 5 71004
1 1444 71 142024
0 39 48 70292
0 2000000 35 101304
1 6007 86 42090
0 93 93 131182
0 39 39 115746
0 43 94 142027
0 82 97 142024
0 12 12 142019
0 53 64 73325
0 13 17 172398
1 233 32 142009
1 31 8 142021
0 64 78 94353
0 13 26 110282
0 3 95 193116
1 1267 50 142010
1 409 54 142027
1 2000000 40 24220
1 2651 63 137321
1 3647 87 39226
1 29 8 142029
1 2000000 30 119522
1 350 46 142011
0 17 27 142027
1 4624 68 23846
0 4 7 142026
0 3 11 89183
0 41 52 142008
1 2000000 100 113408
1 1249 94 142004
0 21 29 142032
0 33 36 142008
0 2 69 95753
1 98 20 142021
1 24 10 119747
1 3675 62 193646
1 1013 42 142009
1 2000000 46 65149
0 14 89 83831
1 569 24 142009
1 2000000 36 32995
0 35 94 114038
0 69 82 142031
1 12 7 62292
1 2645 89 142010
1 2475 51 142033
0 1 1 142008
0 2000000 71 103199
1 2704 52 50303
1 869 52 170610
0 8 8 164177
1 2000000 4 119597
1 3795 77 158365
1 860 49 142005
0 1 5 142022
1 1 1 154642
0 20 32 142005
1 2881 61 107140
0 5 89 142007
0 27 33 142021
1 2417 62 100363
1 148 46 142025
0 2000000 41 72665
0 31 81 194725
0 37 75 36748
0 19 44 113216
1 3 2 142005
0 12 34 26192
1 88 17 142033
1 485 29 142021
0 25 74 142019
0 1 1 57532
0 35 69 142031
1 1181 44 142008
0 59 92 16483
1 743 50 142017
1 1247 94 142027
0 6 32 142027
0 78 99 142031
1 2504 60 101520
0 33 36 18740
0 50 65 3673
1 1778 70 63821
0 14 29 142028
1 58 18 184274
0 44 73 142018
0 7 28 106020
1 210 18 142024
1 2088 74 142019
1 199 24 171046
0 68 68 7068
1 1175 99 142011
0 35 69 142019
1 70 15 16797
0 8 23 45310
1 4930 78 20549
1 103 42 142026
1 2289 58 142033
1 1 1 56632
0 27 76 41582
1 315 54 142003
1 851 43 142033
1 1388 48 108747
1 1752 84 142033
1 163 15 153402
1 538 29 199484
0 12 46 96493
0 37 100 142022
0 1 57 103684
1 1081 35 3602
0 51 53 97237
1 384 36 142026
1 2134 54 142696
0 24 68 142003
1 5545 82 107835
1 247 18 142015
1 31 6 100029
1 4563 76 142033
1 3025 55 94004
1 2000000 71 81373
1 5995 88 142031
1 961 31 118915
0 43 57 142019
1 100 10 142030
1 1115 40 147185
1 1 1 176682
0 61 95 162495
0 2000000 69 72773
1 768 53 142032
1 112 14 45038
0 18 43 41818
0 2000000 82 131951
0 15 21 83398
0 58 58 701
1 3408 70 142007
1 963 45 136131
0 47 47 46818
0 57 98 188232
1 3872 71 142019
0 16 24 142007
0 7 70 142019
1 1389 85 42671
1 7060 89 142026
0 22 64 185499
0 41 41 2760
1 1277 44 82290
1 2000000 99 107527
0 38 49 189647
1 2599 97 142029
1 2674 80 142026
1 9493 100 142032
1 478 93 160583
0 74 87 142010
1 4077 80 176993
0 42 79 142032
1 1677 48 102499
1 29 22 142028
0 9 58 142030
1 1369 37 52929
1 229 69 160665
0 6 7 186411
1 2509 81 106448
0 2000000 56 23785
0 12 50 78066
0 8 9 76285
0 9 68 142023
1 4096 64 82169
0 8 8 142018
0 10 61 142019
1 1909 73 142025
0 2000000 16 112712
1 2000000 27 119522
0 47 48 142026
0 17 18 142033
1 119 23 154319
1 2655 91 142009
1 2 2 142003
0 53 53 139118
0 24 27 157765
0 2000000 55 30111
0 1 21 142008
1 544 24 103069
0 73 83 191070
1 7684 91 142032
1 15 5 186228
1 2929 76 142020
1 3013 89 15076
1 673 45 12313
0 31 59 142027
1 73 35 8983
1 249 21 142014
1 8 5 147913
1 2000000 94 118086
1 11 6 54680
0 2 17 142006
0 2000000 5 50431
0 4 81 142017
0 11 24 198554
0 39 65 142024
0 25 28 51269
0 2000000 47 7127
1 2436 83 142018
0 39 42 142006
0 2 10 142013
0 7 28 118889
0 2000000 49 87132
1 1380 92 142027
1 2000000 73 42204
0 69 81 4747
0 1 4 142024
0 5 16 142007
1 109 55 142010
0 59 59 144183
1 2000000 29 62467
1 145 23 142022
1 18 6 148244
1 7596 88 158666
0 59 100 193804
0 3 55 15876
1 488 34 142024
0 73 73 24504
0 3 38 142029
0 39 43 92903
0 2 40 148794
1 35 8 142004
1 1516 49 142013
0 4 9 142004
0 3 3 73701
1 4514 79 7893
0 28 40 142003
1 4586 89 41296
0 28 33 142009
1 1150 39 142010
1 51 18 142013
0 39 73 142029
0 43 97 142009
1 1046 43 142003
0 6 52 132231
1 1936 44 130772
1 2601 51 53340
0 28 36 155440
0 25 25 142014
1 844 36 114254
0 29 44 142029
0 53 70 84837
0 30 83 142019
1 43 52 127851
1 1583 41 142005
1 2000000 24 133297
1 3555 63 142012
0 45 50 114426
1 2000000 18 89627
0 56 62 67985
1 610 40 196093
1 5329 73 116726
1 250 20 142007
0 22 28 142010
0 37 99 142013
0 29 68 142022
1 14 14 142014
0 8 92 142025
1 8615 98 34587
1 3448 78 142018
0 80 99 137703
0 39 55 142008
0 45 66 142021
0 6 14 189467
1 1369 37 79495
0 14 25 142032
1 2000000 56 136540
1 290 19 142007
0 23 23 105375
0 11 51 110882
0 44 47 142026
1 99 43 142023
0 68 84 142012
1 2154 80 147216
1 185 46 142018
0 52 54 142013
0 17 26 142024
0 24 70 142023
1 6572 89 60453
1 70 13 166569
1 1005 68 95911
0 55 67 81328
0 7 8 142028
0 27 59 81882
1 263 22 142025
1 1780 52 113570
0 2 21 142011
1 541 40 142011
1 2000000 13 78776
0 34 86 28088
1 3 3 187595
0 23 58 142007
1 514 45 142024
0 38 38 142017
0 15 29 142023
0 16 92 142018
0 62 80 68995
0 89 89 55786
1 4410 80 149530
1 6813 83 142007
1 1012 33 142014
0 21 21 7998
1 8 3 34848
1 79 27 142016
1 602 73 189519
0 26 51 37639
0 10 70 142022
1 222 78 50459
1 72 9 142032
0 13 13 122252
1 2000000 37 138616
1 95 88 146880
1 1391 78 93213
1 165 13 142023
0 21 83 72267
0 10 45 133453
1 359 29 128667
1 363 37 198987
0 35 38 142017
1 1417 41 74509
0 7 68 142013
0 69 71 151484
1 2101 52 83581
0 4 13 167925
1 4184 81 196
0 42 61 142031
1 285 24 142026
0 33 85 106686
0 2000000 12 79349
1 568 27 142005
1 2 6 178049
0 23 84 198815
0 35 47 142004
0 39 55 142003
0 27 95 142015
0 48 65 10701
1 845 83 184859
1 1067 77 155270
1 4578 72 142006
1 4244 71 84865
1 840 81 21199
0 3 3 17006
1 2284 55 142020
0 49 49 121823
0 93 93 552
1 25 5 142007
0 46 63 133152
1 7056 84 116841
0 1 1 34461
0 26 72 142004
0 13 31 142018
0 58 95 142010
1 102 15 36425
1 1460 49 142009
1 900 30 110523
1 1727 55 142017
1 1004 60 129225
