1
23 -70
144678
1000
0 52 52 97659
0 53 53 408
0 23 21 97668
0 37 37 21129
0 23 33 60233
0 64 67 115174
0 2000000 9 120403
0 72 72 97667
0 11 85 97647
0 2000000 52 10700
0 26 91 97667
0 10 12 119575
0 98 95 147557
0 2000000 51 1606
0 7 11 97647
0 2000000 39 17370
0 2000000 39 83103
0 6 6 97662
0 1168390 6 104959
0 2000000 83 146586
0 8 19 97654
0 70 73 90537
0 97 94 186865
0 1705556 17 97644
0 45 45 158389
0 1 66 163519
0 274242 2 36458
0 2000000 85 74999
0 31 46 97660
0 2000000 64 97655
0 2000000 48 97665
0 52 51 96230
0 123929 7 97643
0 34 34 168711
0 2000000 34 3518
0 26 28 97670
0 33 34 97668
0 13 14 97666
0 1748343 88 21278
0 82 81 97653
0 1687825 4 2586
0 80 75 97660
0 1 2 83390
0 1325623 43 97648
0 13 56 78401
0 23 23 97652
0 81 81 51593
0 1985789 25 97649
0 100 99 103743
0 56 59 97653
0 66 69 97658
0 32 75 97668
0 57 58 97667
0 81 90 118082
0 12 23 22347
0 93 92 97664
0 32 69 29334
0 392 73 97650
0 2000000 79 58552
0 88 90 97645
0 2000000 56 14923
0 22 45 97660
0 34 32 33645
0 81 81 97656
0 2000000 45 97658
0 52 52 148044
0 33 86 27349
0 21 31 40951
0 20 21 97651
0 13 13 96295
0 25 50 97644
0 23 24 52077
0 38 55 97659
0 2000000 7 97663
0 49 49 176356
0 24 22 97642
0 81 77 97652
0 376948 98 114777
0 2000000 52 18954
0 14 23 97663
0 92 94 36793
0 90 90 51591
0 55 65 97646
0 71 82 97668
0 2000000 75 163291
0 34 44 164803
0 1595700 56 131728
0 2000000 74 97667
0 1856964 27 97663
0 45 49 97663
0 2000000 12 193948
0 60 82 68879
0 20 46 70857
0 95 95 5139
0 2000000 93 86427
0 58 58 170583
0 25 71 77670
0 6 6 30476
0 65 65 51430
0 5 5 97669
0 24 21 97650
0 1200126 3 97650
0 38 38 97650
0 42 65 167472
0 3 21 78037
0 2000000 91 97643
0 79 78 188769
0 9 42 97641
0 82 83 97666
0 19 14 97659
0 2405 26 97647
0 2000000 39 138216
0 26 26 81240
0 31 29 97670
0 142581 56 97649
0 1436463 63 97642
0 2000000 12 144381
0 3 5 8730
0 13 10 68258
0 96 96 97644
0 55 67 97661
0 752906 35 97649
0 81 84 127429
0 40 40 124212
0 15 44 142016
0 6 6 9408
0 839422 48 97656
0 25 26 186159
0 16 20 70823
0 51 51 97670
0 39 39 97655
0 41 41 17584
0 89 89 72946
0 87 87 61841
0 32 32 97648
0 61 61 91206
0 2000000 25 79525
0 46 41 123166
0 40 69 97656
0 2000000 59 89456
0 69 71 97647
0 2000000 60 61266
0 36 49 97654
0 77 77 34716
0 76 76 97657
0 12 14 22466
0 9 66 97669
0 12 20 97651
0 71 73 97663
0 2000000 3 68308
0 2000000 57 134804
0 1020853 80 168430
0 33 58 97657
0 25 71 69766
0 38 38 97660
0 1130895 75 97659
0 2000000 58 59736
0 7 7 149002
0 2000000 90 49944
0 103 98 97670
0 70 74 134870
0 69 73 97660
0 6 6 68859
0 39 53 97661
0 1247983 76 97646
0 56 57 97669
0 2000000 93 86894
0 46 49 97655
0 52 52 57600
0 67 70 97666
0 33 69 181200
0 3 13 97645
0 62 84 23157
0 39 44 130528
0 53 53 83690
0 40 57 13771
0 83 86 97652
0 6 6 199223
0 2000000 76 7767
0 68 70 14344
0 2000000 66 15841
0 1 6 185851
0 37 87 97663
0 22 44 97662
0 2000000 89 22255
0 34 39 97661
0 95 95 31975
0 6 7 97645
0 2000000 39 83268
0 56 52 97666
0 8 8 35825
0 42 42 110307
0 2000000 39 97642
0 46 48 112062
0 38 40 97656
0 98 95 97653
0 2000000 97 65439
0 10 15 22785
0 66 83 97657
0 2000000 61 111574
0 56 54 194171
0 2000000 72 104268
0 2000000 80 2711
0 1125789 43 78045
0 580837 89 30584
0 98 95 97652
0 64 73 22073
0 26 54 97658
0 129353 47 70902
0 2000000 55 9600
0 2 8 97662
0 2000000 69 97653
0 69 69 97645
0 85 87 19387
0 20 18 97659
0 953122 63 197656
0 35 55 75791
0 59 63 10665
0 91 96 45376
0 40 40 68672
0 6 1 97660
0 11 64 97667
0 12 43 123466
0 30 31 115085
0 44 44 97654
0 13 28 126234
0 1726757 55 49283
0 62 62 97651
0 2000000 2 97645
0 28 78 97641
0 2000000 80 27228
0 79 79 97667
0 25 26 109082
0 46 46 55978
0 6 11 40404
0 5 53 179237
0 37 41 97652
0 72600 64 33660
0 43 43 44474
0 57 56 54413
0 2000000 57 97662
0 28 37 193256
0 2000000 48 98490
0 60 60 97658
0 12 14 97670
0 17 74 124506
0 97 97 81711
0 2 4 58365
0 36 58 97653
0 2000000 71 90963
0 90 87 15573
0 59 59 2807
0 4 54 97662
0 2000000 87 196148
0 55 83 97653
0 37 40 97657
0 79 74 38148
0 2000000 54 178149
0 28 28 97644
0 1796848 77 97663
0 21 70 97645
0 2 7 44430
0 76 76 5989
0 8 10 97649
0 54 54 34614
0 15 15 29382
0 38 95 97668
0 52 54 159323
0 72 72 97649
0 73 68 97655
0 80 80 11543
0 12 55 68185
0 91 89 97645
0 6 6 79504
0 6 6 19783
0 6 15 52218
0 39 96 97647
0 20 91 130710
0 42 42 73662
0 8 93 97646
0 71 75 97666
0 2000000 4 23208
0 24 100 164882
0 31 27 97652
0 2000000 14 5295
0 5 28 97646
0 30 30 14094
0 68 65 97658
0 22 58 97670
0 4 4 120316
0 62 63 97650
0 126506 39 97658
0 892032 21 97661
0 88 91 97659
0 11 86 97642
0 39 34 97643
0 1242475 67 97671
0 2 1 97671
0 76 76 97669
0 98 98 15718
0 834995 25 97658
0 8 15 97666
0 19 72 97668
0 2000000 45 40934
0 93 93 68944
0 55 63 43793
0 4 4 97645
0 47 90 4491
0 12 14 177234
0 1 25 97656
0 1 13 2606
0 2000000 26 64363
0 57 99 33512
0 17 46 76859
0 512088 96 45696
0 2000000 85 97660
0 88 84 97658
0 2000000 83 97641
0 11 12 85466
0 23 35 97662
0 20 67 142280
0 45 46 168496
0 15 19 97641
0 20 18 97670
0 23 27 97658
0 3 4 97657
0 2000000 85 6323
0 2000000 16 97667
0 94 95 97655
0 2000000 54 153768
0 8 62 97656
0 17 18 140102
0 565320 10 97665
0 11 19 97643
0 1032898 52 178185
0 2000000 37 87583
0 2000000 45 82643
0 11 14 97659
0 72 72 17271
0 20 20 97650
0 21 34 49097
0 25 53 97661
0 134990 13 69664
0 69 73 97651
0 2000000 50 137626
0 69 85 97660
0 57 67 97643
0 82 87 30087
0 14 24 168490
0 2000000 90 50174
0 28 26 97647
0 76 79 88667
0 58 59 134109
0 2000000 8 26094
0 1492419 53 94688
0 2000000 23 31526
0 2000000 41 97642
0 1128534 51 97664
0 24 19 44852
0 17 70 97644
0 1115896 81 174037
0 79 79 103873
0 1 5 97661
0 2000000 16 93828
0 2000000 81 97663
0 1132578 72 97658
0 4 4 54850
0 76 75 45748
0 32 40 56296
0 15 18 96085
0 69 97 97651
0 63 62 97652
0 29 60 24091
0 4 13 97669
0 88 88 97657
0 2000000 59 23457
0 36 36 52409
0 538713 36 97645
0 994115 61 97670
0 2000000 95 107403
0 18 23 197294
0 91 91 83289
0 15 16 7311
0 4 14 97644
0 34 40 97657
0 2000000 55 88359
0 12 13 97653
0 2000000 46 98781
0 2000000 17 90957
0 2000000 31 97642
0 16 27 97658
0 96 96 97653
0 12 79 39919
0 2000000 69 97643
0 1052974 13 12583
0 13 12 180432
0 3 43 97667
0 42 42 73752
0 48 48 97646
0 2000000 44 27566
0 1 71 97656
0 54 59 97654
0 2000000 44 58599
0 78 76 97647
0 2000000 1 18858
0 1222022 92 97643
0 17 15 186456
0 47 47 72525
0 27 29 33646
0 1803888 30 97641
0 6 6 33793
0 86 81 117633
0 21 21 149301
0 2000000 27 97662
0 2000000 14 97653
0 2000000 38 28028
0 28 28 97664
0 62 62 67797
0 18 86 55866
0 23 26 97653
0 2000000 66 12695
0 18 17 97661
0 19 19 97671
0 32 88 150385
0 5 26 121882
0 77 76 187748
0 16 57 13499
0 75 73 199033
0 95 93 29833
0 2 18 38415
0 2000000 37 75235
0 2000000 61 83401
0 2000000 2 20895
0 2000000 23 59087
0 22 79 72560
0 3 72 144043
0 16 16 42042
0 88 89 97661
0 61 58 97656
0 98 98 50663
0 92 92 52839
0 86 85 22515
0 18 21 124329
0 75 78 97653
0 94 96 97641
0 71 97 97650
0 1356099 48 151501
0 40 40 152753
0 1252657 22 97660
0 2000000 89 97657
0 2000000 80 97645
0 1193923 98 97659
0 16 21 198398
0 81 86 97641
0 2000000 99 66957
0 44 70 136192
0 24 26 97660
0 1 1 28449
0 20 26 97653
0 19 21 97664
0 82 82 51055
0 12 62 97649
0 2000000 71 17473
0 8 12 97655
0 33 33 97663
0 2000000 74 67544
0 2000000 37 60692
0 100 96 33389
0 15 14 97659
0 24 24 179755
0 1818486 38 26318
0 33 33 97656
0 26 25 121568
0 8 41 97653
0 2000000 37 85251
0 1 31 57999
0 53 93 11154
0 1451425 33 197920
0 8 16 195205
0 2000000 30 189046
0 1450363 20 125745
0 52 61 15960
0 120912 88 92335
0 63 65 174119
0 79 79 32562
0 24 44 97658
0 2000000 30 43302
0 74 78 97671
0 944914 1 121762
0 95 95 9346
0 86 90 97660
0 35 32 97657
0 33 33 24782
0 42 63 97652
0 37 87 52271
0 2000000 93 147983
0 22 51 97650
0 69 69 97641
0 18 50 97660
0 26 32 24792
0 2000000 66 4885
0 1 1 73735
0 2000000 6 43211
0 41 59 97663
0 98 97 31980
0 72 92 97650
0 77 80 175838
0 94 90 177835
0 11 11 97647
0 53 70 75839
0 57 67 97646
0 17 21 97649
0 1654016 92 109168
0 2000000 58 82304
0 14 12 97642
0 40 40 97671
0 1939526 68 97651
0 69 72 89339
0 2000000 4 70545
0 2000000 23 1404
0 2000000 37 30719
0 44 44 79502
0 62 71 97667
0 11 11 79821
0 2 7 97669
0 319155 22 36323
0 2000000 10 9
0 2000000 16 168099
0 63 63 84261
0 129555 57 97641
0 5 62 97663
0 95 99 97649
0 69 98 97670
0 41 77 97650
0 69 69 121764
0 25 27 88431
0 70 72 158236
0 2000000 79 97644
0 88 88 84450
0 3 8 5104
0 37 37 63767
0 5 51 97665
0 2000000 75 4802
0 67 67 72420
0 58 58 97668
0 40 52 97641
0 46 42 97654
0 5 29 40699
0 7 45 97652
0 71 76 159025
0 2000000 94 12902
0 65 63 97648
0 31 31 97643
0 3 11 27428
0 86 91 97649
0 2000000 56 76952
0 51 51 42888
0 2000000 44 168409
0 2 13 97670
0 99 99 97654
0 2000000 11 14364
0 1736933 18 12479
0 62 62 4658
0 77 73 38899
0 43 41 175517
0 55 59 189535
0 2000000 51 190565
0 51 55 97642
0 8 8 14521
0 53 53 6837
0 48 52 97658
0 1196696 86 97660
0 1404317 66 97659
0 2000000 83 97469
0 2000000 26 78
0 70 70 95244
0 2000000 90 29482
0 19 47 97652
0 87 86 97671
0 71 88 21461
0 2000000 22 8351
0 94 92 97644
0 4 4 5883
0 2000000 46 86448
0 2000000 100 119858
0 2 2 179709
0 75 75 97660
0 91 99 191188
0 8 12 97665
0 28 30 46176
0 2000000 39 70143
0 70 70 53786
0 203514 90 79899
0 2000000 10 97669
0 2000000 98 97644
0 92 87 144032
0 69 69 65628
0 22 32 160
0 2000000 5 12909
0 14 9 21101
0 825056 61 97655
0 57 57 189501
0 29 25 105599
0 2000000 31 97657
0 20 24 97661
0 82 82 97666
0 18 17 97665
0 3 3 3956
0 75 75 97665
0 2000000 62 62431
0 88 87 97657
0 2000000 29 40130
0 14 17 97643
0 856727 57 118991
0 2000000 70 97651
0 82 82 97642
0 87 88 29004
0 2000000 66 97665
0 27 27 65933
0 8 42 97662
0 31 39 97664
0 58 63 97642
0 33 32 102274
0 76 76 2542
0 59 58 194323
0 16204 38 97645
0 97 97 97646
0 5 6 97666
0 24 47 97668
0 2000000 52 54642
0 13 12 97646
0 2000000 90 18726
0 79 79 97648
0 664142 31 155396
0 52 75 104943
0 10 24 97654
0 45 45 199195
0 94 89 97644
0 84 80 86519
0 30 99 136978
0 2000000 36 65560
0 85 85 69475
0 32 33 97654
0 2000000 79 18340
0 69 69 97654
0 21 21 46519
0 100 100 97667
0 21 88 97652
0 1591388 46 53201
0 26 27 30529
0 2000000 21 97670
0 59 58 121651
0 20 17 97660
0 74 74 97666
0 68 68 78366
0 8 4 97657
0 24 32 107015
0 449645 29 97663
0 53 54 199823
0 23 21 97652
0 15 15 55304
0 26 26 44052
0 2000000 14 37533
0 10 67 97643
0 6 9 59311
0 28 28 97666
0 2000000 90 1285
0 10 19 107625
0 60 60 51113
0 65 62 97668
0 68 66 97669
0 69 68 111216
0 2 3 97662
0 6 27 100847
0 56 52 30823
0 2000000 98 20344
0 3 7 162980
0 2000000 49 136608
0 57 57 97654
0 56 56 57917
0 36 79 187830
0 61 62 139181
0 64 66 97644
0 202597 10 97642
0 51 51 58936
0 1200789 96 11594
0 2 65 97646
0 91 96 6861
0 446843 87 29049
0 2000000 63 171121
0 2000000 66 97661
0 2000000 91 11664
0 68 69 97668
0 79 78 97655
0 2000000 51 6613
0 22 20 165816
0 3 4 19577
0 2000000 14 97644
0 14 31 97670
0 2000000 55 6945
0 92 95 141771
0 98 98 97663
0 2000000 54 93478
0 2000000 77 45422
0 40 41 97660
0 1681412 51 97655
0 32 72 107270
0 2000000 74 88122
0 50 86 97645
0 2000000 4 3093
0 1813223 45 97658
0 136458 67 25199
0 2000000 64 97647
0 1840421 90 155832
0 38 38 97663
0 28 28 72073
0 16 17 97662
0 2000000 93 97663
0 84925 34 28754
0 7 10 97651
0 70 73 94759
0 42 42 77538
0 2000000 46 97669
0 65 65 66831
0 86 90 5949
0 77 77 13761
0 71 86 97667
0 92 90 97658
0 2000000 12 520
0 898731 80 44852
0 2000000 12 91074
0 2000000 50 97660
0 75 70 97647
0 408352 2 14107
0 57 57 97671
0 2000000 14 16761
0 48 57 35035
0 20 88 97668
0 93435 69 170469
0 83 78 97648
0 33 29 54293
0 91 91 117630
0 68 65 97641
0 2000000 95 21518
0 14 11 97644
0 49 47 97644
0 2000000 57 91453
0 40 36 16381
0 1669788 6 97652
0 27 42 97643
0 44 50 97641
0 2000000 14 97658
0 22 86 97653
0 2000000 71 84171
0 2000000 74 97652
0 639291 41 170852
0 2000000 29 88325
0 1309960 51 97647
0 1236639 13 97642
0 93 93 97647
0 22 22 97646
0 451921 76 97407
0 101 97 97657
0 23 26 97657
0 7 16 97661
0 48 48 43362
0 52 52 139375
0 967484 62 97648
0 70 71 97664
0 33 43 43877
0 7 58 97666
0 2000000 85 76741
0 13 70 97664
0 2000000 41 186954
0 8 29 51045
0 2000000 58 23342
0 17 19 15110
0 74 74 72547
0 2000000 47 48392
0 80 79 97642
0 78 78 97664
0 2000000 38 97649
0 52 80 97668
0 94 94 105188
0 29 29 24119
0 2000000 98 55824
0 47770 12 97650
0 2 2 130704
0 32 32 129265
0 6 6 174411
0 37 37 33533
0 27 27 32760
0 10 10 97653
0 2000000 37 46912
0 2000000 17 79943
0 41 40 97653
0 92 92 51196
0 24443 76 97660
0 94 94 75994
0 71 71 98565
0 679227 66 30181
0 61 61 97651
0 55 55 181359
0 61 59 178542
0 2000000 67 97670
0 4 6 97658
0 70 70 44932
0 2000000 70 64102
0 2000000 71 67590
0 2000000 74 97668
0 34 50 97670
0 28 23 167806
0 296998 9 68101
0 2000000 74 97661
0 56 61 112637
0 2000000 7 97663
0 7 54 97667
0 2000000 46 39806
0 2000000 73 4697
0 34 34 930
0 64 64 98694
0 20 21 45918
0 2000000 37 43640
0 18 18 8543
0 1735132 34 73545
0 56 56 97670
0 1439023 47 97648
0 100 95 41856
0 83 83 97656
0 40 39 110238
0 53 55 97660
0 2000000 23 32162
0 34 89 97649
0 4 4 61934
0 2000000 59 1933
0 2000000 59 26815
0 534366 29 97656
0 89 90 109377
0 2000000 21 19943
0 62 80 80861
0 14 32 114068
0 59 59 35192
0 43 43 86813
0 13 43 97641
0 2000000 83 79361
0 11 12 97661
0 9 81 97669
0 92 92 43841
0 73 82 166488
0 9 4 172968
0 57 78 97650
0 68 64 97648
0 21 88 97666
0 18 18 48833
0 2000000 94 97671
0 27 27 87753
0 3 6 97649
0 1388627 52 161498
0 2 23 78277
0 36 38 97648
0 76 72 97648
0 2000000 49 158165
0 1872761 13 97668
0 2000000 6 97663
0 651039 58 193643
0 79 94 97664
0 89 89 15077
0 775224 52 97655
0 57 57 58003
0 95 95 97671
0 1297229 53 30875
0 396582 50 97651
0 96 96 94501
0 765082 87 152456
0 16 73 97656
0 78 74 123807
0 2000000 29 192106
0 10 18 97668
0 48 62 185580
0 78 75 71877
0 2000000 28 97655
0 31 26 97664
0 2000000 36 2695
0 35 35 65950
0 49 52 17897
0 976020 32 101660
0 13 73 97641
0 51 53 83212
0 18 18 152159
0 1835400 42 97656
0 59 59 174148
0 24 93 97652
0 19 53 97643
0 26 46 97659
0 1905458 18 97649
0 70 70 22810
0 37 52 53882
0 16 16 160936
0 13 18 13796
0 3 4 97664
0 69 67 97651
0 27 57 187949
0 2000000 18 97185
0 100 100 97664
0 51 65 97645
0 2000000 22 97663
0 93 90 97663
0 25 79 152352
0 3 1 97667
0 1290993 91 97662
0 2000000 59 97657
0 26 64 97655
0 2000000 100 34935
0 21 16 189357
0 13 28 193259
0 34 36 99952
0 53 81 97662
0 52 74 58722
0 302022 78 97641
0 2000000 68 97667
0 2000000 23 67051
0 2000000 14 1544
0 2000000 36 44583
0 35 35 39785
0 2000000 81 32851
0 2000000 26 21241
0 2000000 36 60564
0 98 98 88817
0 2000000 38 69131
0 49 45 98257
0 1260125 23 187217
0 2000000 98 97658
0 63 65 97643
0 19 19 133109
0 40 59 126858
0 2000000 72 42769
0 2000000 39 47154
0 1064469 27 26134
0 75 75 97670
0 19 25 179782
0 43 46 97642
0 39 51 120737
0 2000000 45 97669
0 5 22 97655
0 3 3 97642
0 22 22 97670
0 54 51 97654
0 48 52 97662
0 2000000 2 165767
0 7 7 97660
0 32 67 38878
0 74 70 97653
0 45 45 102015
0 21 26 97663
0 4 4 80665
0 2000000 47 52620
0 75 74 97657
0 2000000 77 84068
0 57 57 50293
0 2000000 56 751
0 26 73 97649
0 19 44 127610
0 950068 100 12948
0 56 91 109688
0 17 31 109819
0 87 87 97661
0 92 92 97654
0 2000000 51 102593
0 7 26 97660
0 2000000 15 30973
0 11 18 174542
0 51 49 101498
0 60 96 85246
0 77 90 97670
0 58 58 59156
0 71 93 97655
0 2000000 20 93856
0 63 63 101121
0 40 38 97668
0 276641 10 138291
0 43 43 134385
0 13 13 68505
0 31 31 32661
0 84 84 105542
0 4 4 17633
0 2000000 36 188593
0 2000000 4 97665
0 7 19 190861
0 2000000 41 37372
0 11 19 58675
0 18 39 97666
0 1893173 15 86185
0 93 98 135110
0 2000000 95 6182
0 1325740 45 16652
0 12 12 97668
0 1306913 90 156037
0 795292 47 97659
0 1658580 16 171024
0 1192277 96 36176
