1
92 96
148407
1000
1 576 12 114903
1 19599 70 128082
1 298522 37 128065
1 2000000 20 79022
1 18496 68 128067
1 2000000 70 76966
1 500 15 43676
1 2000000 16 94853
1 12 2 146535
1 2704 26 111833
1 23104 76 140565
1 35344 94 128086
1 2306 24 155692
1 102 7 186936
1 17960 67 128059
1 2709 26 128079
1 1074083 93 128080
1 12561 77 86442
1 364381 12 49233
1 473 11 128068
1 484 11 20557
1 2000000 85 128085
1 31684 89 57017
1 2000000 13 31698
1 3365 29 128070
1 216 8 128065
1 1338289 25 196432
1 2000000 28 109896
1 37 19 192352
1 4096 32 92666
1 18493 68 128072
1 153440 76 128059
1 1164 29 63149
1 25597 80 84956
1 2000000 77 128058
1 1011926 9 174254
1 2000000 69 5122
1 4624 34 185729
1 6659 59 84653
1 13096 65 128058
1 1660499 5 128080
1 324521 89 128081
1 14485 66 38944
1 1730148 18 153167
1 71 59 128081
1 7056 42 128071
1 6724 41 128084
1 11708 66 98420
1 1600 20 35346
1 87981 42 86661
1 101 5 128075
1 6832 63 49830
1 2000000 69 94312
1 456924 50 128065
1 19791 78 90591
1 89237 66 133954
1 1382704 6 192011
1 2000000 71 90751
1 324 9 62230
1 6600 87 40297
1 1444 19 128076
1 35343 94 128085
1 272575 83 128063
1 2000000 20 33849
1 2000000 71 49
1 1024 16 83364
1 1866 35 128067
1 759910 87 128083
1 13921 59 128066
1 92 10 128059
1 2704 26 127952
1 1676331 81 128079
1 2000000 59 128079
1 5188 36 128075
1 2000000 100 86988
1 15380 62 128066
1 1024 16 180423
1 1658 47 64536
1 39204 99 58781
1 31684 89 128069
1 23713 77 196048
1 10761 88 140998
1 12604 72 53364
1 2000000 34 17561
1 2000000 67 109631
1 4 7 128082
1 22500 75 62116
1 2321 37 128076
1 17730 80 163926
1 11668 54 90970
1 2000000 31 128056
1 4189 35 128082
1 36100 95 128076
1 2000000 5 20062
1 752243 29 56588
1 2000000 83 10894
1 17956 67 104553
1 11667 54 128081
1 25600 80 103522
1 2000000 65 45944
1 13457 58 128075
1 405 38 53107
1 36 3 128080
1 4353 33 128062
1 5992 63 128067
1 2000000 36 189938
1 1743689 51 128065
1 1575558 80 128063
1 36904 97 128070
1 201 7 128078
1 4660 44 128057
1 4225 33 47527
1 13924 59 91449
1 2000000 67 82934
1 2000000 21 120311
1 7095 68 128070
1 2000000 64 128070
1 2000000 78 66966
1 112 70 128067
1 2000000 74 132744
1 12991 57 128085
1 11626 79 94816
1 11676 95 128075
1 30976 88 65371
1 1956502 17 128062
1 36863 96 14171
1 41 3 76285
1 29584 86 180195
1 1219 18 1344
1 11270 82 150342
1 1165 24 75332
1 1158 17 156856
1 4369 39 65552
1 2891 58 60023
1 5476 37 128078
1 35349 94 58328
1 1472270 69 53380
1 549286 77 111374
1 3364 29 33544
1 2304 24 66249
1 7744 44 128073
1 314 9 61150
1 9604 49 80735
1 6084 39 35552
1 17427 66 33785
1 2000000 45 65813
1 1022 16 128062
1 200352 51 81950
1 1245540 89 38952
1 1311 62 50634
1 5480 37 128056
1 2699 26 47962
1 10654 55 85565
1 2000000 86 79449
1 713 20 128072
1 2000000 20 89274
1 766 85 106700
1 4357 33 86656
1 618 59 128058
1 7059 42 128061
1 116 7 128086
1 2000000 68 128081
1 2000000 92 128068
1 2000000 91 49393
1 6700 58 128086
1 2000000 72 62365
1 2492 34 6556
1 15182 67 61249
1 2000000 51 112154
1 25603 80 128059
1 2500 25 150768
1 7029 59 36921
1 1234464 31 128074
1 16 2 128085
1 2000000 16 84531
1 28903 85 30273
1 1880338 38 128057
1 1447 19 174984
1 2000000 60 122574
1 2000000 60 120689
1 1686395 76 128063
1 2000000 32 128070
1 1940 22 128058
1 638 16 1566
1 10816 52 36374
1 26891 82 128071
1 8465 46 128071
1 14807 97 66068
1 3136 28 87594
1 2000000 100 28103
1 2000000 9 128079
1 3942 50 128071
1 2000000 11 11326
1 27556 83 76423
1 1261 37 182919
1 3040 35 128081
1 9269 51 16641
1 1705 28 128083
1 3141 28 199522
1 2000000 59 128074
1 2000000 18 7017
1 16900 65 132839
1 34598 93 128069
1 32400 90 128065
1 2630 48 128077
1 618852 15 128071
1 2000000 52 50585
1 1200 38 61309
1 2000000 5 128065
1 900 15 15165
1 11233 63 65608
1 5 1 104112
1 858 22 159485
1 13072 63 194483
1 1225100 88 128059
1 1319423 81 111151
1 1600 20 128064
1 19260 85 166836
1 1816676 65 128086
1 7056 42 49833
1 18492 68 128058
1 6399 40 77717
1 2000000 23 20551
1 5471 37 186760
1 2000000 26 56083
1 2305 24 165070
1 28225 84 73595
1 3994 36 128059
1 1444 19 19261
1 1765 21 72683
1 32766 92 128084
1 10817 52 128063
1 1149007 17 84301
1 14884 61 66807
1 2000000 83 2464
1 1937 22 122515
1 36100 95 13968
1 678795 54 128081
1 1998708 80 38374
1 2000000 30 96089
1 8466 46 128071
1 31687 89 128076
1 15373 62 128070
1 570 36 98277
1 9216 48 55422
1 9272 67 98935
1 17681 77 128083
1 11052 55 128073
1 14 8 196335
1 2000000 7 115578
1 2116 23 157568
1 2000000 15 189144
1 33855 92 56416
1 2000000 78 806
1 39128 100 128061
1 937 39 128084
1 2000000 69 64959
1 35349 94 199378
1 4899 35 128063
1 16856 76 128073
1 2304 24 11837
1 2119 23 47009
1 26244 81 128069
1 486 11 118943
1 2000000 80 128061
1 2448 25 128075
1 8464 46 128086
1 17956 67 37368
1 22500 75 32904
1 10813 52 121004
1 28900 85 58026
1 2000000 35 48257
1 30629 95 190503
1 400 10 59869
1 24964 79 128086
1 2304 24 128077
1 20169 71 96809
1 1448 19 128082
1 2000000 96 19624
1 22500 75 128064
1 1301 18 187483
1 3017 39 128077
1 2000000 12 62646
1 2000000 28 127542
1 5773 38 128070
1 20164 71 128062
1 7056 42 128071
1 6402 40 154762
1 23721 77 128078
1 2000000 18 5650
1 1600 20 128066
1 14887 61 128062
1 1662792 61 112266
1 1080624 24 44692
1 2000000 13 69550
1 33856 92 128080
1 1951076 51 192167
1 1151 17 128084
1 1350579 36 128057
1 16 2 128072
1 2000000 16 128067
1 30276 87 78027
1 1296 18 19771
1 877933 76 128065
1 25595 80 53353
1 6784 42 128069
1 18492 68 128085
1 8404 90 128082
1 9145 94 128062
1 35600 99 24390
1 21903 74 128063
1 23716 77 25124
1 26892 82 171921
1 6403 40 42161
1 5295 71 128076
1 6414 58 128062
1 1415356 46 66645
1 6084 39 128083
1 2000000 6 45280
1 2570 29 128069
1 2000000 3 128064
1 1989708 71 69810
1 2585 48 146576
1 2000000 62 20877
1 16044 66 60003
1 10000 52 128085
1 12098 55 134481
1 6223 54 128068
1 1835088 89 128057
1 12948 65 119696
1 134430 50 128071
1 15406 94 128062
1 1587 24 175649
1 1025 16 126315
1 481 11 128068
1 2000000 69 70844
1 64 4 128084
1 2000000 83 128063
1 7745 44 128078
1 961005 10 128073
1 2000000 67 96955
1 2000000 89 128081
1 2000000 72 143097
1 327 9 191876
1 2000000 31 161119
1 1061637 22 128071
1 786151 66 131068
1 195 7 128057
1 196 7 5009
1 2000000 56 28897
1 3926 35 41157
1 4300 45 128066
1 2000000 7 128083
1 39204 99 128057
1 99 6 128072
1 12544 56 128086
1 14 2 82058
1 2000000 51 128073
1 2000000 56 22839
1 2000000 13 62474
1 1378 34 128057
1 908076 5 128074
1 1449 19 121944
1 53 5 28454
1 1799284 70 36857
1 14880 61 128067
1 130 14 128083
1 1291 18 11551
1 2000000 51 128082
1 2704 26 74174
1 696 15 128079
1 23100 76 82813
1 400 10 161058
1 2000000 18 128076
1 142 6 128084
1 14399 60 53786
1 12537 60 47564
1 13456 58 77178
1 1964744 22 40327
1 2107 46 128074
1 8102 45 156001
1 2000000 61 169424
1 1142 29 128069
1 25600 80 128077
1 7056 42 128069
1 1007975 36 128072
1 1525733 71 128083
1 2000000 87 128079
1 6650 45 128061
1 2000000 43 145931
1 29354 86 128061
1 2000000 96 128086
1 9604 49 100483
1 30972 88 42519
1 1600 20 128083
1 322 18 88326
1 2000000 48 128060
1 63 4 123524
1 5476 56 128061
1 11585 54 128084
1 2000000 57 128059
1 2000000 12 128066
1 26 4 44337
1 1744084 64 95236
1 2000000 100 32801
1 2000000 55 40828
1 2000000 68 108924
1 6083 39 128069
1 31689 89 128066
1 6082 39 128075
1 3136 28 128060
1 1296 18 104312
1 16 2 128069
1 4489 44 128072
1 2000000 74 128080
1 15377 62 128066
1 675 13 128078
1 142 6 128056
1 2000000 16 93917
1 16900 65 197842
1 2000000 16 128074
1 199 7 169868
1 473452 51 128078
1 569644 13 128085
1 10442 54 180699
1 10388 89 154752
1 36867 96 88012
1 1764 21 171485
1 9221 48 50904
1 2000000 99 128058
1 1656 28 128081
1 877833 71 128085
1 40000 100 42043
1 2000000 45 65984
1 2000000 38 134861
1 34599 93 128082
1 2000000 87 3171
1 2000000 77 128077
1 148 6 128081
1 527 21 128079
1 1448 19 128079
1 36865 96 128056
1 8831 47 44589
1 187 17 128084
1 37636 97 78629
1 26316 33 128057
1 4356 33 10252
1 105441 5 128075
1 12640 84 128076
1 2000000 83 142266
1 2000000 29 103258
1 2111 23 165323
1 2272 31 128064
1 6570 84 128086
1 19044 69 24327
1 3845 31 159148
1 19044 69 73270
1 2000000 88 99586
1 26244 81 128074
1 8101 45 128073
1 663 58 128083
1 1851 42 128066
1 754536 68 183572
1 391924 71 89524
1 26244 81 128077
1 13458 58 128080
1 2000000 29 55962
1 2000000 67 128074
1 1345 66 128078
1 20741 72 75542
1 2000000 59 128067
1 22 24 128083
1 30275 87 128084
1 4624 34 35648
1 3594 33 128079
1 2000000 27 162901
1 13112 68 123533
1 895 15 128060
1 2000000 97 109347
1 12314 98 128071
1 922 16 128065
1 20166 71 128056
1 2000000 64 2645
1 22496 75 128071
1 2000000 40 146559
1 2500 25 62699
1 5366 53 177391
1 19600 70 128080
1 576 12 146163
1 1760 21 52731
1 493631 70 105508
1 2000000 88 113008
1 14404 60 9109
1 1231 18 128084
1 33124 91 128077
1 3263 31 128071
1 21 3 42914
1 33119 91 128076
1 36095 95 128083
1 1609862 21 102698
1 30972 88 128068
1 2912 27 128064
1 2667 32 178611
1 2000000 16 118251
1 5415 51 128066
1 32405 90 124706
1 2000000 57 17893
1 3136 28 80881
1 2304 24 85204
1 20733 72 145275
1 2000000 44 128073
1 2000000 99 110376
1 538579 5 122105
1 2000000 50 76266
1 2000000 13 27586
1 3849 31 185759
1 22500 75 128084
1 2308 24 88501
1 8105 45 128078
1 10455 58 143440
1 504 30 5271
1 2000000 46 128080
1 10406 51 128081
1 618 49 29757
1 2000000 90 160538
1 927755 28 128083
1 2855 80 71962
1 11457 93 128076
1 40000 100 128062
1 893665 11 171668
1 2000000 11 128073
1 151014 4 151204
1 19603 70 83812
1 812675 37 128082
1 36095 95 146455
1 20164 71 83222
1 413983 40 128065
1 1633447 80 128078
1 25599 80 128075
1 2000000 60 128061
1 14 2 140134
1 1653 47 128061
1 35346 94 128070
1 2000000 71 128057
1 10404 51 128060
1 2000000 4 54291
1 30977 88 128063
1 34591 93 128063
1 4356 33 128075
1 569502 29 128065
1 2719 50 128062
1 39207 99 128080
1 1458 21 61146
1 23716 77 47578
1 1642 30 128082
1 9804 88 128082
1 482 11 128073
1 60 40 128083
1 1739249 27 128066
1 18501 68 128077
1 309687 44 128076
1 1961180 76 128056
1 28222 84 119802
1 13920 59 64212
1 2000000 21 192792
1 659256 54 128079
1 1764 21 128057
1 144 6 13033
1 1227068 20 128068
1 4453 39 128069
1 5 1 128072
1 19600 70 40208
1 36105 95 95228
1 10596 52 128068
1 2000000 87 106068
1 780 35 13482
1 40000 100 108329
1 13924 59 11286
1 2115 23 128068
1 9528 62 128080
1 5781 38 53762
1 74 25 99208
1 68 4 153834
1 5302 63 128086
1 2000000 93 128064
1 2000000 74 12093
1 2000000 53 41056
1 28229 84 124034
1 1076321 87 128056
1 2691 28 128071
1 1764 21 37536
1 1563 47 41744
1 2000000 14 20730
1 27557 86 146722
1 657140 9 82997
1 2000000 53 111594
1 2000000 95 128060
1 2000000 17 128062
1 12999 57 128072
1 2000000 39 128067
1 32400 90 58906
1 564 61 128086
1 872 37 128076
1 4900 35 51739
1 784 14 128083
1 2000000 74 10779
1 6084 39 125425
1 24963 79 128063
1 2000000 47 128074
1 216 9 41298
1 307871 96 60450
1 375972 19 128080
1 5188 36 139204
1 2299 24 128073
1 484 11 17166
1 20734 72 33797
1 2000000 1 76179
1 25459 90 128086
1 8507 59 115468
1 10402 53 128067
1 7744 44 128065
1 2704 26 85151
1 1934 22 128079
1 2000000 69 141666
1 371 11 128071
1 2000000 66 114539
1 2000000 4 98762
1 2000000 62 67584
1 11236 53 100748
1 28223 84 135156
1 8100 45 128065
1 7744 44 128066
1 1764 21 78120
1 13451 58 128083
1 4621 54 61812
1 3136 28 111589
1 39204 99 20086
1 7396 43 74766
1 2000000 86 128074
1 2000000 22 7042
1 2000000 71 58021
1 2379 52 63732
1 27560 83 128084
1 2000000 60 101935
1 3136 28 42182
1 19600 70 147954
1 3141 28 11179
1 26244 81 128066
1 12996 57 128062
1 9520 57 6098
1 4 1 128072
1 6400 40 114600
1 12544 56 128066
1 2000000 66 184281
1 140 6 128081
1 2000000 35 53858
1 4350 90 128069
1 1957629 22 133104
1 34596 93 128059
1 11231 53 128081
1 8836 47 33951
1 12540 56 128081
1 16900 65 44321
1 3844 31 103218
1 1140 58 125235
1 400 10 128074
1 2000000 32 128062
1 2000000 3 96599
1 680868 27 128056
1 478 31 128067
1 6102 54 128072
1 28900 85 15115
1 34596 93 65213
1 2000000 63 184089
1 18783 80 128068
1 19046 69 184952
1 14 2 52158
1 9604 49 128061
1 36097 95 32092
1 2000000 96 128069
1 1520604 55 128062
1 2000000 28 128076
1 4095 32 128080
1 33124 91 89776
1 100 5 82845
1 17424 66 86939
1 2000000 98 79450
1 4351 33 128075
1 2000000 77 128057
1 21904 74 12263
1 18497 68 171143
1 50 6 166324
1 8097 45 92823
1 2000000 33 39629
1 2000000 3 107652
1 2000000 11 64929
1 2000000 43 128061
1 2000000 56 39580
1 139 6 150513
1 1762 21 128078
1 41 3 145832
1 2557 33 152102
1 25600 80 96799
1 59 4 137329
1 2000000 92 50202
1 664779 15 91728
1 34600 93 199028
1 4355 33 73958
1 7058 42 51477
1 2000000 8 29909
1 2000000 67 128077
1 7391 43 128077
1 7584 66 128065
1 900 15 128079
1 2000000 49 94055
1 2000000 49 34830
1 1832603 59 128081
1 2000000 68 41885
1 1997362 9 166573
1 2000000 98 12547
1 1486603 45 49202
1 827 15 128060
1 24336 78 159473
1 15378 62 8869
1 2004 42 22671
1 1251951 14 190399
1 520 31 128081
1 6932 56 34772
1 2000000 48 28179
1 2489 66 13536
1 660 21 73629
1 385048 81 128081
1 4178 72 153978
1 1274877 69 10660
1 37638 97 78463
1 2000000 90 128072
1 33853 92 69622
1 9606 49 128061
1 23718 77 128082
1 29579 86 128082
1 21781 74 128062
1 2691 49 128077
1 934 35 74228
1 14404 60 195129
1 2000000 71 3579
1 2000000 18 26138
1 2000000 91 88337
1 2000000 18 82359
1 37631 97 39054
1 36864 96 53092
1 15876 63 128059
1 2597 64 128058
1 2000000 100 128057
1 24336 78 23218
1 26244 81 128062
1 2000000 64 94315
1 196 7 108585
1 942798 26 193952
1 10018 60 196437
1 122 16 86943
1 3839 31 77684
1 2121 23 36652
1 794 22 151623
1 676 17 104127
1 968 21 128066
1 2000000 59 13147
1 2000000 47 31311
1 15376 62 128076
1 32395 90 57389
1 2000000 2 189202
1 847 28 128068
1 2000000 80 100797
1 25599 80 51326
1 34596 93 126248
1 580 12 128071
1 11236 53 121640
1 3511 35 128080
1 1392872 68 128086
1 25993 89 40649
1 8464 46 128083
1 248641 27 128075
1 12631 58 128084
1 2000000 92 36472
1 16900 65 24628
1 2000000 21 128076
1 17424 66 49976
1 88 37 108239
1 2000000 72 55382
1 4356 33 128074
1 2289 42 117488
1 4356 33 175150
1 14560 79 124349
1 25604 80 128076
1 23107 76 128066
1 1600 20 128076
1 2852 45 51829
1 24340 78 178973
1 2304 24 189379
1 324537 80 128068
1 576 12 128082
1 17426 66 128075
1 2000000 25 73806
1 157991 30 75190
1 1889192 37 128057
1 2000000 37 94149
1 3136 28 105612
1 1298 18 128065
1 337 16 160071
1 2000000 16 25276
1 1368860 52 128080
1 16899 65 128084
1 400 10 30369
1 2000000 51 132230
1 2000000 73 123385
1 39207 99 128085
1 10814 72 172771
1 67 4 80434
1 18091 90 128074
1 26792 90 19929
1 11661 54 128066
1 24332 78 9631
1 677 13 48604
1 1890191 69 128077
1 484 11 68181
1 359177 98 128082
1 15372 62 48750
1 12411 57 128062
1 9604 49 128072
1 320125 99 128065
1 2000000 13 128071
1 28224 84 107415
1 3139 28 128080
1 14400 60 73771
1 2704 26 121660
1 2605 26 128069
1 24335 78 179124
1 98 6 128085
1 1444 19 63714
1 1584861 77 128083
1 13453 58 128072
1 320 10 128082
1 33124 91 42266
1 7395 43 128081
1 170 16 128085
1 2000000 40 29729
1 11010 62 185992
1 7396 43 158496
1 2000000 14 186388
1 2000000 74 195998
1 37636 97 67917
1 32400 90 53819
1 2000000 58 17791
1 2000000 84 93418
1 16 2 3873
1 2000000 65 51942
1 825 36 95087
1 900 15 128073
1 534 14 41476
1 2123 49 39995
1 618918 30 128060
1 16382 64 45313
1 2000000 14 128068
1 10000 50 128072
1 15876 63 22069
1 39205 99 188120
1 6400 40 158542
1 653 14 57839
1 2000000 34 38792
1 3790 52 183447
1 2000000 53 128062
1 547 21 128072
1 13454 58 76613
1 30278 87 128062
1 484 11 128062
1 4443 44 30764
1 2000000 52 152124
1 2000000 15 128078
1 844 40 128061
1 15876 63 66731
1 1296 18 128077
1 1444162 23 128070
1 39204 99 128078
1 1449 19 137692
1 11237 53 128082
1 3655 51 128059
1 2000000 78 83783
1 31687 89 148371
1 2000000 89 73505
1 2000000 93 128065
1 15880 63 62599
1 2116 23 128079
1 2000000 74 116624
1 3364 29 111468
1 747743 94 99573
1 2000000 64 68256
1 2000000 80 52445
1 35341 94 61565
1 324 9 128066
1 17908 68 128080
1 8834 47 142869
1 4903 35 103450
1 16900 65 128085
1 1352076 90 190788
1 71 14 40174
1 2000000 29 89957
1 16895 65 139411
1 507100 18 65087
1 2000000 13 128058
1 20736 72 3954
1 33121 91 128067
1 4624 34 87956
1 5184 36 84584
1 2000000 60 59699
1 25800 90 128083
1 2000000 59 59277
1 1478405 2 128074
1 278 11 128059
1 2115 23 128062
1 2000000 89 27387
1 2000000 21 127374
1 20801 76 128064
1 10812 52 126703
1 19600 70 71536
1 34 3 128064
1 12993 57 128070
1 33119 91 128078
1 451 56 108963
1 2000000 35 90424
1 80695 60 116949
1 8190 70 142185
1 2000000 93 68585
1 4046 34 128079
1 3360 29 128076
1 196 7 197349
1 1328403 23 128074
1 2000000 38 38662
1 1292 18 60007
1 1850283 37 128081
1 2000000 62 45668
1 8076 98 69697
1 29664 99 115051
1 144 6 64453
1 93 28 57048
1 16 2 128056
1 830864 26 128083
1 2000000 99 162426
1 3 1 87166
1 1366697 45 128360
1 26244 81 128074
1 2000000 61 34470
1 2000000 86 128084
1 1820292 35 128080
1 30273 87 128065
1 23000 86 153770
1 845125 37 148583
1 121025 80 128083
1 2000000 40 128079
1 9608 49 187865
1 21316 73 126320
1 8982 72 158450
1 1046988 26 70848
1 23106 76 180679
1 328 9 128075
1 20924 80 168726
1 501 73 128066
1 2000000 63 35479
1 10 3 150030
1 6400 40 27154
1 1011429 76 156180
1 9995 50 136935
1 18676 78 128059
1 2000000 90 50452
1 918 39 128064
1 15763 69 166926
1 18496 68 128078
1 2000000 35 25433
1 30976 88 128079
1 5781 38 158241
1 974105 62 128075
1 2000000 59 84529
1 23774 89 128056
1 24441 85 123435
1 30973 88 128079
1 25 3 128064
1 2000000 26 55971
1 5472 37 157386
1 5513 67 128083
1 2000000 18 98882
1 1762418 19 99169
1 3324 63 169681
1 12100 55 128072
1 2000000 59 88598
1 890773 14 131410
1 1212969 46 128085
1 16505 72 128057
1 4621 34 128085
1 897 15 128063
1 35340 94 128061
1 28898 85 149751
1 675 13 1338
