1
69 91
169815
1000
0 262 14 78667
0 454953 48 123675
0 2179 99 27266
0 176 8 123679
0 2000000 77 122044
0 1202508 79 76199
0 994512 38 69121
0 1460548 51 95525
0 1259999 78 123663
0 521 64 123665
0 5 22 123676
0 138342 31 123677
0 1430 65 123690
0 670717 91 123687
0 1490 71 175261
0 2000000 56 123668
0 2000000 25 148893
0 378 17 123660
0 1384 63 123673
0 110 5 114625
0 2000000 17 136112
0 1012 46 84110
0 1047 87 123673
0 1628 74 47100
0 2112 96 136726
0 190798 40 123677
0 1058 48 54525
0 1372 67 9944
0 636 55 50346
0 2000000 61 123671
0 1444 88 123664
0 143 16 123666
0 2 4 82194
0 548 25 1122
0 1430 65 72820
0 1979301 35 123686
0 1169 53 185983
0 2000000 8 43045
0 272 28 123680
0 285 79 123687
0 88 4 42636
0 2000000 37 2619
0 159094 15 124784
0 528 24 123686
0 893955 76 123666
0 272 34 22887
0 211 47 123669
0 70 71 130757
0 1652 75 2405
0 2000000 64 101656
0 950 43 123672
0 252291 78 8158
0 995 78 11373
0 2000000 97 123670
0 2156 98 123688
0 1668 76 123688
0 1018 85 179295
0 2000000 3 154176
0 121270 43 123667
0 2112 96 91452
0 637 29 123680
0 1518 69 123688
0 2000000 63 123674
0 1735242 46 21851
0 504298 12 123679
0 1035 49 40745
0 1913 87 123674
0 1650 75 163119
0 1073 87 37873
0 404 62 123669
0 1628 74 83016
0 1651 75 19082
0 994 45 123678
0 2000000 52 115626
0 281 13 199676
0 313 81 123666
0 2000000 12 108427
0 726 33 57558
0 52 6 19701
0 48 3 160754
0 1683317 16 149049
0 547 25 123662
0 22 1 47902
0 1716 78 123663
0 242 11 136624
0 352 16 92065
0 2000000 31 114633
0 2000000 64 123689
0 1672 76 40355
0 435 20 83457
0 1474 67 123671
0 2000000 94 101860
0 2000000 26 18521
0 1672 76 123683
0 1474 67 67676
0 231 93 67796
0 246322 61 123683
0 2000000 42 123688
0 1650 75 123672
0 616 28 96847
0 2000000 64 39964
0 2000000 60 121508
0 2000000 75 49196
0 2158 98 123681
0 1633 74 33661
0 1783 81 123669
0 771 96 123673
0 549 54 123668
0 2000000 24 195969
0 2000000 66 123677
0 440 20 123666
0 293 69 7535
0 2000000 28 119114
0 1804 82 20228
0 1056 48 117824
0 1516 69 123689
0 42 32 123662
0 1164 65 123689
0 636 29 9545
0 700 53 111482
0 793 36 141823
0 757 39 123683
0 242 18 50228
0 305 14 199441
0 195 17 123664
0 926186 96 32339
0 2176 99 123673
0 690 72 123683
0 1650 75 123670
0 366014 72 123688
0 2004 91 54448
0 2000000 58 123674
0 518 78 123685
0 2000000 86 88933
0 584 79 123687
0 2000000 23 22404
0 441 20 123690
0 1276 58 123677
0 1187 54 123672
0 239 77 123680
0 1847085 15 123687
0 2021 92 123663
0 1892 86 70215
0 527 24 19860
0 164 56 194076
0 1396 74 83943
0 804 44 165095
0 66 3 123682
0 2090 95 80172
0 2000000 49 53072
0 105 5 123682
0 1982 90 123676
0 880 40 22285
0 2000000 60 112630
0 1144 52 61363
0 1452 66 123664
0 506 23 109724
0 374 17 124315
0 2000000 69 123674
0 315 21 51952
0 1050 91 123670
0 1166 53 70858
0 616 28 116244
0 2000000 12 157911
0 612 64 123684
0 2178 99 33405
0 1206 55 123662
0 749 34 99483
0 709 32 22988
0 1782 81 117084
0 84 9 4167
0 396 18 62398
0 592 28 133598
0 2000000 22 115837
0 2113 96 23754
0 103 16 150680
0 147 25 123670
0 1012573 4 183360
0 2000000 6 113086
0 2000000 10 158129
0 817 84 184991
0 1765715 44 123671
0 2000000 10 123317
0 1914 87 123684
0 2000000 10 116058
0 1602 73 123677
0 1985 90 116490
0 2156 98 123686
0 2000000 31 74054
0 581 69 135424
0 1871 85 171752
0 2068 94 52680
0 2000000 61 99248
0 2025 92 123675
0 2000000 3 56203
0 2065 94 109608
0 281 22 123685
0 2046 93 123690
0 1716 78 123668
0 1482 84 125409
0 1496 95 123677
0 2000000 83 59231
0 1848 84 179591
0 2068 94 123667
0 1672 76 108915
0 2000000 99 123685
0 1301 59 33665
0 723 33 123661
0 2000000 94 44371
0 7 37 29991
0 646 35 124485
0 242 11 367
0 2112 96 15430
0 1192373 93 91336
0 731511 30 123675
0 2000000 2 148726
0 149 36 123669
0 2000000 16 123661
0 2000000 99 181040
0 968 44 29609
0 895 68 91780
0 2000000 37 123436
0 484 22 74759
0 553917 22 96087
0 1207391 97 123665
0 1138 67 188256
0 2000000 60 123670
0 1593 81 147332
0 2000000 68 46117
0 1386 63 33051
0 345 28 23978
0 1585 72 123680
0 1439548 69 199648
0 1298 59 172433
0 470752 1 123676
0 2000000 85 117857
0 2000000 79 103394
0 1449 66 123679
0 523 40 69235
0 1296 59 113691
0 1669 76 123679
0 131 6 84156
0 1034 47 195529
0 264 12 123673
0 500 64 123676
0 731 33 123661
0 1044 67 123670
0 1123 62 34740
0 1386 63 97949
0 328 16 123679
0 673126 97 130114
0 848 61 123680
0 713055 42 157086
0 2160 98 140889
0 470 24 123674
0 2000000 54 123670
0 132 6 114665
0 2178 99 123676
0 1019 67 182316
0 740142 59 191104
0 371 17 107468
0 2000000 93 21519
0 616 28 123687
0 2000000 29 114457
0 1582 72 123667
0 36 7 185846
0 504 27 130239
0 2000000 24 74720
0 2000000 65 68
0 722252 96 123683
0 736829 81 123676
0 1015181 95 123661
0 76 11 38034
0 1768615 5 123689
0 555 25 123679
0 286 13 117149
0 590 27 123664
0 2000000 96 123672
0 77128 28 123674
0 1956 89 123683
0 1540 70 123683
0 2000000 9 98384
0 853 39 129456
0 575 26 123683
0 1849 84 123683
0 2000000 85 123662
0 1276 58 18764
0 2000000 7 70474
0 550 25 81178
0 275191 62 123673
0 1808 82 48692
0 47 62 123671
0 682 31 123669
0 601 98 123661
0 2000000 58 72653
0 2000000 22 123660
0 2000000 2 16761
0 643454 82 159721
0 505 23 123688
0 134 54 123666
0 2000000 42 87109
0 2000000 75 94939
0 2000000 37 24978
0 2000000 17 66671
0 2067 94 98949
0 1914 87 123677
0 83 4 123676
0 332088 26 123682
0 2000000 81 78608
0 166 36 73936
0 960402 56 197839
0 1188 54 123678
0 805 82 178808
0 1486936 98 123671
0 1052 48 155190
0 2000000 39 95326
0 106 5 123661
0 1268946 76 123670
0 2000000 65 123662
0 2000000 27 35631
0 119767 74 123661
0 2002 91 178558
0 1033225 15 131145
0 1690 77 123669
0 987 45 195820
0 1310459 69 123678
0 550 25 72153
0 480 52 17389
0 1100 50 180473
0 1457 66 123666
0 1615539 16 97114
0 202 9 123670
0 1760 80 178487
0 2156 98 54690
0 2000000 41 123660
0 445557 91 118390
0 481 62 182988
0 1649 75 182694
0 2000000 70 123680
0 528 24 123677
0 484 22 123667
0 17 5 123687
0 1650 75 123688
0 2000000 88 57400
0 2000000 96 16677
0 2000000 25 123686
0 2000000 19 146018
0 2000000 54 99730
0 9 44 123684
0 406 31 123663
0 1210617 4 150062
0 1564 71 48836
0 1561 71 44479
0 1208752 21 123663
0 150 7 123677
0 1270 63 123688
0 705 32 123662
0 132 6 102696
0 2000000 53 77739
0 811 38 166424
0 2000000 58 120089
0 431610 36 32170
0 1056 48 123688
0 228 65 110590
0 1131232 49 82044
0 2000000 81 123675
0 2000000 21 126406
0 1210 55 123686
0 83778 97 134348
0 140 38 123685
0 2000000 27 123687
0 1711 78 180141
0 155 51 3344
0 1035 47 123681
0 2000000 49 13347
0 2000000 59 15651
0 1760 80 123673
0 2000000 27 51909
0 583284 25 123688
0 704 32 169894
0 677 31 97200
0 1210 55 123688
0 550 46 123682
0 902 41 74671
0 374 17 51599
0 1540 70 123669
0 2000000 47 94144
0 994483 79 14177
0 205568 55 168509
0 975 62 6496
0 201 9 102357
0 1674 76 60008
0 2000000 68 189131
0 2000000 36 173927
0 21 5 123674
0 2000000 43 51162
0 2178 99 67447
0 836 38 148391
0 1120 70 123664
0 832 38 123680
0 432 36 123687
0 1032 47 146481
0 594 27 194346
0 1939 88 123669
0 1413 77 123671
0 1322 60 123662
0 2000000 97 123661
0 382 41 123660
0 62 5 183478
0 2000000 1 62691
0 88 4 190969
0 515502 68 7946
0 2000000 42 100499
0 765944 9 123680
0 2000000 71 121063
0 1347 74 18435
0 1543 70 107808
0 2000000 61 99573
0 2000000 40 123676
0 2000000 74 21494
0 1979475 56 123674
0 1580 72 116214
0 704 32 123661
0 208 93 166576
0 2000000 93 195381
0 2000000 65 177308
0 333 15 123686
0 872 57 123684
0 2000000 39 111434
0 968 44 42988
0 827 46 123686
0 77 6 123682
0 1352470 95 123684
0 638 29 65214
0 794 53 156219
0 2000000 32 56675
0 365 54 190825
0 181 43 123687
0 1579 72 34258
0 305 24 130788
0 2000000 100 59116
0 729 52 94289
0 217 10 105863
0 2000000 74 20941
0 1975 90 123686
0 902 41 65773
0 129 92 6591
0 2000000 12 53626
0 2000000 65 45250
0 20 16 123684
0 2000000 93 48504
0 2000000 35 15629
0 2000000 17 105394
0 566 58 119684
0 2000000 66 57355
0 440 20 123620
0 1844 87 55467
0 1984 90 123686
0 2000000 35 123674
0 2000000 59 123661
0 1848 84 123669
0 1866076 72 81642
0 1082515 8 64311
0 2000000 68 47772
0 796 36 167907
0 1803 82 126933
0 1535 70 123679
0 266 57 123670
0 985 45 15351
0 2000000 28 85501
0 2000000 62 123682
0 2000000 98 41687
0 2000000 93 123667
0 1381 63 123665
0 2000000 7 123682
0 476 64 78942
0 2000000 40 32370
0 1364 62 123682
0 572 26 12726
0 1050 57 41866
0 405 83 36870
0 550 25 123682
0 484 22 41778
0 2000000 12 58175
0 334 15 103960
0 286 13 123681
0 2000000 11 116520
0 1408 64 123663
0 2000000 3 22442
0 1628 74 123670
0 84 4 13036
0 1969185 88 86979
0 504 23 123672
0 1144 52 123664
0 110 5 103232
0 793695 3 145423
0 110 5 172346
0 2000000 54 169121
0 67 4 123675
0 1607 73 144092
0 1831 83 150472
0 1034 47 123678
0 149 70 123667
0 370 17 180106
0 1211 55 123787
0 1602 73 123683
0 1276 58 104249
0 2000000 10 123055
0 618646 1 123671
0 2178 99 123686
0 1746245 1 123685
0 1808 86 123668
0 2000000 48 123674
0 2000000 7 123683
0 2000000 12 32174
0 2000000 75 130191
0 2000000 59 14053
0 853 39 123689
0 2000000 73 23552
0 1144 52 123663
0 2200 100 123674
0 1584 72 113225
0 1540 70 46885
0 229 85 150234
0 1953 97 179624
0 706 32 123681
0 664 30 123680
0 1320 60 40303
0 33 12 27442
0 20096 31 123679
0 1232 56 123672
0 310 66 81109
0 32 89 600
0 1598 98 123664
0 1581 72 34214
0 321551 94 78390
0 2155 98 123688
0 127 28 68291
0 572 26 94413
0 2000000 40 8262
0 652 38 123684
0 1182299 24 179212
0 505759 99 123664
0 154 7 5350
0 1865388 48 10649
0 1996693 32 123685
0 1496 68 123677
0 668 51 143916
0 2000000 25 123684
0 347 20 191412
0 214925 24 61284
0 2000000 16 51640
0 2000000 71 163518
0 53802 89 148435
0 2000000 12 17217
0 2000000 48 123689
0 2000000 11 123684
0 2000000 5 191491
0 541 54 123685
0 2000000 20 123663
0 1692 77 123685
0 946 43 34516
0 242 31 123686
0 477414 96 53518
0 834 38 66483
0 281 14 123669
0 431 35 123690
0 2065 94 123678
0 970 44 179771
0 1710 84 123673
0 1015 46 180422
0 1736 79 123688
0 245 11 123681
0 2000000 22 123667
0 2000000 100 123670
0 1364 62 123669
0 41891 1 123690
0 220 10 123668
0 285 13 123685
0 1545 100 182332
0 88 4 28494
0 82 22 113215
0 704 69 123669
0 2000000 51 68265
0 176285 55 139283
0 13 2 43021
0 2000000 71 33976
0 1626 74 103830
0 528 24 123669
0 2000000 54 112561
0 1610 73 123668
0 1231 56 123676
0 862 48 29737
0 616 28 160835
0 172 8 123684
0 179060 30 83830
0 2000000 95 70791
0 2000000 43 123671
0 1254 57 52160
0 2000000 82 101450
0 972 44 123661
0 2000000 62 62835
0 2000000 8 122733
0 878614 14 123661
0 2200 100 101602
0 1232 56 123670
0 275 20 123680
0 438930 80 123679
0 2000000 5 111414
0 1008 46 123689
0 1850 84 123676
0 364 25 108999
0 1298 59 122948
0 2000000 98 6396
0 1366 62 22407
0 1595406 8 99810
0 1379353 39 158478
0 581150 51 173460
0 2000000 89 922
0 1738 79 123666
0 880 40 121881
0 748 34 123678
0 644 58 123665
0 813183 72 123679
0 2000000 74 123690
0 630 61 157606
0 1452 66 43528
0 2000000 11 123662
0 2156 98 123672
0 2000000 2 16157
0 1959153 3 123677
0 2000000 10 123668
0 2000000 37 50965
0 2000000 6 83294
0 794753 50 140734
0 151 7 123666
0 1826 83 66387
0 2000000 94 93360
0 2000000 23 123665
0 2000000 67 123661
0 528 24 44915
0 1917629 24 186868
0 1210 55 98360
0 674377 22 123665
0 1098 75 123690
0 2000000 35 123671
0 856 39 175403
0 482593 67 123689
0 1581 72 92187
0 55 92 123669
0 1276 58 123684
0 2000000 40 85706
0 2000000 38 123690
0 1211 55 58445
0 57 7 123681
0 1742 79 123685
0 1838569 6 104592
0 2000000 82 151160
0 764357 3 123669
0 2000000 8 83545
0 992 45 123687
0 704 32 43600
0 705741 15 122479
0 1922 90 170348
0 1997 91 123677
0 1615 92 123675
0 620 28 32446
0 2000000 63 99707
0 2000000 2 123689
0 1430 65 149290
0 559293 39 184271
0 1298 59 123688
0 2000000 8 110406
0 2000000 52 67225
0 2000000 41 182840
0 1204 71 115155
0 600 40 122472
0 1149 52 123689
0 579109 86 93267
0 1520 69 31718
0 1784 81 123662
0 87773 13 123680
0 1491 68 85471
0 1386 63 82578
0 877 40 20246
0 571 39 118038
0 2000000 13 69599
0 2046 93 43354
0 1626407 88 79370
0 1608 73 123687
0 1844 84 124485
0 2000000 56 60023
0 153 7 123669
0 664 57 158091
0 399 18 123689
0 2000000 88 121352
0 64 93 75416
0 623102 71 123683
0 247 43 123661
0 883223 2 123685
0 817 92 123662
0 1220 85 136478
0 716 52 123672
0 613 33 188477
0 2000000 66 49384
0 814 37 16855
0 287654 6 32639
0 731 84 123661
0 763 40 123682
0 992 45 70412
0 1672 76 84855
0 727 33 123662
0 1341 61 123685
0 1044 82 176444
0 1724 85 99886
0 2000000 57 123677
0 418 19 123669
0 1434 95 71105
0 1734275 28 44646
0 2042 93 123684
0 216 10 123677
0 1474 67 123664
0 2000000 25 18428
0 1435 65 128104
0 308 14 142969
0 1755 80 123667
0 2000000 2 73752
0 22 1 123670
0 374 17 123684
0 1585 72 7757
0 2000000 42 72539
0 701 32 123682
0 1741539 1 123662
0 372 17 166877
0 1850 84 138833
0 1677 76 807
0 839838 77 123669
0 98 16 168031
0 1605 73 123676
0 2000000 22 97181
0 1760 80 123688
0 48 2 123682
0 459 21 153542
0 1256 73 123677
0 455 46 123676
0 1801012 34 123660
0 2000000 63 114649
0 1563 71 123690
0 61 3 123667
0 1869 85 123662
0 328 23 170835
0 2000000 66 5540
0 1036 47 88850
0 1100 50 30469
0 193 9 123682
0 2000000 69 123672
0 518 31 16108
0 2000000 63 123685
0 1699 77 123667
0 510 23 187002
0 154 7 62903
0 2046 93 123663
0 1889 86 91532
0 2000000 8 123674
0 1007 50 123685
0 1932 88 111378
0 2000000 46 74798
0 275 98 123666
0 2000000 70 163600
0 242 11 3219
0 2000000 14 46528
0 2000000 7 123666
0 2000000 35 177188
0 136 26 123679
0 2000000 72 94354
0 1739 91 140558
0 352 16 37619
0 731 46 87667
0 1183 73 123676
0 1435 65 123690
0 56 28 123668
0 524 24 146938
0 462 21 123673
0 688 35 123677
0 374 17 80708
0 41 2 123673
0 418 19 123667
0 1782 81 59615
0 198 9 123666
0 2175 99 28180
0 1826 83 29203
0 1305 63 123672
0 660 30 40162
0 916 75 123686
0 56455 15 62209
0 220 10 32475
0 1076 50 57585
0 1632 74 78389
0 2000000 36 36893
0 272 20 87050
0 25 2 149889
0 989 45 123667
0 195 9 123673
0 139 19 90380
0 2000000 47 123678
0 2000000 28 123688
0 212 65 46205
0 999835 36 3934
0 1780 81 123660
0 1669 76 123679
0 1712 78 187827
0 1171 57 39977
0 110 5 123682
0 1078 49 123672
0 191397 8 123679
0 924 42 113418
0 2000000 51 4976
0 2000000 92 47324
0 1369813 64 181700
0 2000000 95 37417
0 182902 96 95215
0 398 18 123687
0 87 19 123666
0 2000000 79 40542
0 1922922 25 123671
0 242 11 70451
0 2000000 74 123661
0 792 36 107130
0 1870 85 183182
0 668 44 58495
0 1038 47 123690
0 1141 52 38671
0 1516 69 123662
0 1149 52 123689
0 578 34 53441
0 1214 55 123667
0 670 83 123690
0 1564 71 123673
0 179 8 123679
0 1277 58 26453
0 1320 60 22180
0 1853 84 123669
0 1561 71 54069
0 3 51 123686
0 106 18 118217
0 2068 94 59745
0 2000000 5 123674
0 1854285 61 123675
0 1175 62 123689
0 484 22 23521
0 1235998 44 123682
0 2000000 34 99032
0 1072502 18 37833
0 171930 58 123678
0 2000000 63 98262
0 1408 64 100770
0 245 24 123662
0 2000000 29 172882
0 1587 82 53383
0 1985 90 123684
0 690125 79 123663
0 878 40 123666
0 2000000 73 113706
0 1889 86 123665
0 1251 57 3747
0 2000000 50 105776
0 466 21 123679
0 984228 61 123667
0 1249 57 95631
0 1423 65 123678
0 137 40 112791
0 2000000 45 98588
0 1721107 29 18616
0 660 30 123672
0 2000000 99 123670
0 993 45 123673
0 1740 79 123660
0 2000000 83 2078
0 2000000 92 55644
0 967 44 125206
0 586 60 123671
0 550 25 59271
0 2000000 54 173544
0 2000000 100 39974
0 711 40 123675
0 43 2 148333
0 23 92 43488
0 2000000 39 123684
0 1475 67 123664
0 242 11 123672
0 2000000 58 129967
0 1048792 98 197092
0 883 50 121087
0 135055 32 109109
0 1980 90 123663
0 935 94 135518
0 2000000 92 89390
0 88 4 123676
0 939 44 123689
0 31 5 190049
0 838 70 123668
0 633 31 123668
0 308442 3 123685
0 545251 75 123667
0 2000000 22 121574
0 2000000 51 123688
0 327 67 123675
0 2000000 44 128914
0 1914 87 114110
0 118 57 7477
0 596 48 123685
0 790 36 92531
0 2000000 90 104370
0 258 18 171987
0 947 45 123661
0 557042 44 123682
0 2000000 17 86629
0 2000000 57 108741
0 684 91 187649
0 701 32 82243
0 1721 78 123680
0 1804 82 31011
0 2000000 56 54546
0 319 39 123680
0 468387 26 123686
0 948 43 123660
0 168826 1 123668
0 1366 62 171704
0 880 40 58892
0 2000000 46 184992
0 2068 94 63136
0 1887 86 180389
0 137 6 151527
0 725344 70 100978
0 558 47 123663
0 66 3 65560
0 589 27 123666
0 1085 88 155418
0 174 45 123663
0 462 21 123685
0 2000000 36 61464
0 949 45 123672
0 2111 96 123667
0 354 16 123682
0 2000000 15 122850
0 1602 73 166576
0 1649 75 181268
0 320 17 138579
0 1985 90 105778
0 440 20 40461
0 1738 79 123684
0 386 59 5450
0 1959 89 123666
0 525 90 123665
0 418 19 3061
0 974422 14 123685
0 1452 66 188266
0 918 42 69278
0 2027 92 97926
0 2000000 50 86111
0 27 1 123676
0 1254 57 82608
0 2000000 88 123661
0 2000000 31 123661
0 816 37 123663
0 642 55 123683
0 1738 79 123688
0 308 14 123679
0 475 58 101390
0 88 4 123664
0 2000000 58 123674
0 537 34 123675
0 27904 85 123662
0 2151 98 123660
0 2000000 39 128497
0 1608 73 65590
0 1100 50 102445
0 1717513 4 165696
0 2000000 14 123686
0 533943 52 123690
0 2000000 12 26266
0 2000000 98 62962
0 1407873 71 58869
0 2000000 65 96349
0 1052 48 158446
0 1493 68 77890
0 1917 87 47759
0 115 46 9036
0 112 6 123675
0 2000000 38 19304
0 1042 78 123680
0 1892 86 123666
0 999 100 123682
0 427 66 112458
0 1144 52 123670
0 2000000 62 148968
0 727 33 126106
0 2046 93 9371
0 2000000 33 101622
0 217785 18 123683
