1
-97 76
157784
1000
1 249812 38 130170
0 2176 22 156815
1 2000000 13 83731
0 8998 52 111496
0 16435 95 100368
1 1107200 80 130149
1 204115 50 130166
0 7781 45 9698
0 2000000 50 128091
1 126117 27 127682
0 2004 63 130172
1 861879 76 19704
1 17305 10 130166
0 9170 53 87114
0 16089 93 130148
1 776597 67 151255
0 15224 88 101790
0 2000000 49 130148
1 1217865 87 130156
1 370987 69 156527
1 108125 25 130149
1 155701 30 44963
0 6405 37 44813
0 2000000 8 127143
1 113439 93 194760
0 2000000 25 130159
1 1079693 79 99109
1 1191797 83 70084
1 432500 50 7512
0 3118 18 161185
0 2000000 98 30107
0 15743 91 130158
1 4328 5 130175
0 84575 76 22657
0 2000000 14 130147
0 2592 15 9528
0 9688 56 49051
1 1024250 87 130176
0 1852 72 160145
1 105707 32 130158
1 1079693 79 130157
1 128575 43 18088
1 312380 36 148711
1 1496279 93 24491
0 13669 79 130164
1 1081561 20 115663
1 776597 67 130158
0 3287 19 130148
0 2000000 36 146047
0 2000000 38 107316
1 1220688 84 130152
0 3458 20 130167
0 774574 8 130151
0 1903 11 130160
1 1191797 83 145255
0 4360 47 136164
1 449975 51 148063
0 14708 85 5345
0 8654 50 179466
0 2421 14 27870
0 1210800 59 130169
0 618478 20 130152
0 16608 96 130168
0 1518716 12 130163
0 3441 26 130165
0 6919 40 155160
1 1339714 88 130173
0 7953 46 26215
0 7615 44 120440
0 2000000 93 65035
0 6396 37 130154
0 2000000 100 130168
1 138712 59 130150
0 2000000 19 130150
0 124389 54 98424
1 2000000 34 16182
0 2000000 9 77556
1 420840 78 130170
1 1557 3 130155
0 9690 56 94728
1 70145 60 43875
0 2000000 77 86022
0 9690 56 192685
1 1446791 72 5562
0 12458 72 130172
0 2000000 28 62107
0 7785 45 130157
0 3979 23 98107
0 15570 90 162128
0 2000000 81 127538
0 1410 36 43924
0 6574 38 130167
0 9952 91 140499
1 526744 2 52631
1 1528626 94 13079
1 2000000 92 130170
0 4498 26 116649
0 10204 59 130150
0 10381 60 50574
1 2000000 15 23835
0 14186 82 174940
1 1511596 4 130162
0 9169 53 118293
1 1466746 85 130150
1 2000000 82 130148
1 2000000 83 101001
0 2000000 42 56728
0 6403 37 149603
1 2000000 95 95917
0 14190 82 130171
1 2000000 45 40085
0 7783 45 130169
1 1695573 99 130151
1 2000000 48 84719
1 542528 56 130167
0 106506 5 74057
0 2000000 19 86427
0 2000000 20 129421
1 1052529 78 176115
1 2000000 60 41494
1 91517 23 198865
0 310 2 46763
0 1845 33 130161
1 523327 55 130177
0 11072 64 130149
0 1555033 51 45748
1 7028 94 13078
1 212319 39 130149
1 26381 40 130162
1 62457 19 188497
1 145493 29 130150
1 1220683 84 130171
0 2764 37 190021
1 504468 54 111651
1 2000000 19 21677
0 2000000 30 129982
0 278 17 56880
0 2941 17 130164
1 692 2 130150
1 2000000 6 50240
1 2000000 36 28136
1 1578525 88 130161
0 5125 88 130157
0 2000000 3 130152
1 20938 11 159893
1 145492 29 130162
1 2000000 40 29009
1 1730000 100 107720
1 83728 22 97232
0 2423 14 62398
1 183601 60 51466
0 11075 64 25483
1 622799 60 38671
1 2000000 95 4736
1 2000000 70 39041
1 730921 65 130159
1 2000000 84 101088
0 2810 46 127378
1 1052533 78 186841
1 135632 28 130173
1 753590 66 130171
0 1556 9 36399
0 16262 94 54747
0 2000000 65 130161
1 155698 30 188985
0 6750 39 193397
0 1218 51 130160
1 2000000 57 130159
0 2000000 74 30750
0 1598 25 130176
0 5363 31 130152
1 987337 58 130171
1 166253 31 130177
0 864 5 130148
1 2000000 19 19035
1 823653 69 115276
1 776597 67 52568
0 1725 10 31230
1 209457 50 130159
1 1139375 94 130174
1 107960 33 170622
1 99648 24 130160
1 398593 48 188057
1 350271 69 130162
0 6889 71 130163
0 4842 28 16384
0 4844 28 130170
0 347 2 33629
0 12505 92 26747
1 20933 11 36815
1 388769 73 198844
1 1107200 80 130147
1 1279510 86 130166
0 1786718 29 130165
1 305169 42 109358
1 2000000 15 38443
0 7270 48 130170
0 1413165 3 49447
1 2000000 76 127588
0 15055 87 54153
0 15050 87 130154
1 523329 55 130173
1 921920 73 130170
0 2000000 83 188642
1 118694 48 130156
0 518 3 147474
1 2000000 38 64146
0 2740 16 73935
1 2000000 26 130168
1 1731209 8 68924
0 2000000 83 40053
0 2000000 89 48801
1 686637 63 130169
1 415373 49 55290
1 1173845 6 94850
1 2000000 34 130172
1 135635 28 39802
0 8131 47 130148
0 7817 50 56650
1 1594373 96 130161
0 7439 43 9328
1 686637 63 130163
0 2000000 61 108168
1 896832 72 130150
1 24912 12 130157
0 12456 72 245
0 1643194 2 130154
0 577991 99 165826
1 177157 32 130173
1 1135055 81 130153
1 564540 22 34111
1 2000000 29 64010
0 2000000 84 97470
1 2000000 69 50098
0 346 2 130147
0 1570 34 130151
0 7081 95 119746
0 3115 18 9237
0 2000000 97 111568
0 6922 40 130166
0 1232 70 130163
1 1408680 22 88331
0 2000000 21 140077
1 51701 30 130173
1 2000000 100 37290
1 2000000 44 81644
0 5017 29 130150
1 694947 69 29388
1 523321 55 99556
1 2000000 34 130157
0 1778490 3 111767
0 2000000 5 70262
1 2000000 19 130157
0 3851 99 130171
0 6994 52 165289
0 1297 92 130164
1 706842 75 130164
0 14359 83 12108
1 140676 33 130176
1 523320 55 17820
1 221827 39 166923
1 2000000 50 130156
1 1889987 94 130175
0 1603657 18 6627
0 14999 98 99908
1 449968 51 130151
0 2000000 95 44740
1 173 1 126306
1 99646 24 130162
0 964931 34 90771
0 3635 21 130176
1 116948 26 37774
1 1496277 93 110865
0 2000000 88 130153
1 2000000 35 19782
0 2000000 10 130167
0 2000000 84 20328
0 15046 87 135543
0 2000000 2 19851
1 601331 49 38147
1 1748105 23 119676
1 2772 4 109534
0 5511 100 6143
1 305175 42 130164
1 2000000 94 44261
1 350321 45 58918
0 9515 55 130163
1 271995 77 130153
1 2000000 85 62581
1 1370333 89 130164
1 2000000 32 130165
0 1939 32 23148
0 2000000 73 40421
1 2000000 40 55595
1 776594 67 130166
0 7616 44 98303
1 62458 19 8366
1 594576 63 100966
0 11935 69 130160
1 24912 12 134214
1 1279508 86 182248
1 799948 68 129203
1 11077 8 138405
0 613456 72 130159
1 2000000 15 105629
0 9347 54 130160
1 2000000 33 77854
0 10034 58 130166
0 2000000 22 44944
1 24912 12 168241
0 107676 37 130165
0 11118 100 130174
1 1309436 87 130164
0 1739496 11 130153
0 2590 15 130172
0 1380 8 157885
0 9517 55 104483
1 56397 24 130175
1 2891 14 130169
1 170 1 130168
1 14013 9 64390
1 1661492 98 159175
0 2000000 87 37375
0 15397 89 130171
1 177451 59 130150
1 389480 80 130157
1 415376 49 93597
0 4637 84 71807
1 2000000 89 120199
1 166257 31 85474
1 305172 42 109421
1 1850044 72 177184
0 14656 96 76529
1 433631 59 130157
0 2000000 32 119871
0 2000000 22 130177
1 126113 27 59120
0 4341 94 130175
0 1515 9 158287
0 233746 95 130173
0 15916 92 130172
1 249812 38 130169
1 177148 32 104758
1 2000000 87 129962
1 2000000 34 111302
0 2000000 94 65457
1 116010 84 70870
1 1560305 34 130148
1 2000000 31 31947
1 155700 30 124482
0 1439506 99 130149
0 1038058 9 130161
1 2000000 60 84421
0 4375 81 190919
0 6400 37 130147
0 2000000 28 130153
1 535015 68 28914
1 38929 15 112405
0 7095 41 112413
0 15224 88 23087
0 14448 98 8971
1 700878 71 130161
0 3638 21 130157
1 129779 37 130171
1 18858 35 193758
0 2000000 72 130164
1 29237 13 111820
1 1561 3 146363
1 44288 16 130149
1 1432613 91 182086
0 1435974 7 130170
1 2000000 92 130167
1 1432613 91 130149
1 1353379 17 130167
0 12108 70 103877
0 1725 10 130172
1 204433 52 143661
1 1464272 92 115530
1 947348 74 53498
0 222631 13 21004
0 2418 14 70357
1 2000000 62 92328
1 315901 52 94482
0 2000000 57 130164
0 1730 10 20015
0 2000000 58 42925
1 621706 81 130150
1 1336588 82 130164
0 2595 15 39438
1 30895 69 130170
1 366067 46 130163
0 1557 9 36861
1 2000000 93 130168
1 2000000 76 70843
1 108128 25 130177
1 2000000 86 132519
0 13148 76 198999
0 5488 62 130175
1 1052527 78 53762
1 2000000 67 75792
1 108125 25 119168
0 873175 90 162849
1 78589 44 130177
0 48670 23 45493
0 734243 39 130173
1 973123 75 130151
0 5537 32 130162
0 2000000 88 61823
0 16262 94 138788
1 1271651 60 7980
0 2000000 16 130154
0 15569 90 54650
1 279493 55 164833
0 15743 91 130160
0 14705 85 120921
1 2000000 25 109516
0 689055 28 191162
0 1646 82 130171
0 8650 50 186281
0 4612 57 130174
1 839567 90 198434
0 2000000 90 109398
1 841821 64 130174
1 126112 27 135984
1 1496279 93 130149
1 91246 40 102998
1 1012589 36 2875
0 2000000 59 123362
0 4325 25 181692
0 2000000 9 118341
1 11967 15 130164
1 8199 15 155617
0 491 17 105683
0 338 15 130148
1 150516 70 130148
0 5677 77 96078
1 370032 51 13840
1 859816 88 94139
0 2000000 44 130168
0 5190 30 23251
1 260853 88 130165
1 2000000 29 130148
0 1040 6 130167
1 1272926 86 130149
1 2000000 7 74848
1 2000000 14 130167
1 291449 81 130177
0 3528 39 73440
1 2000000 85 69660
1 387931 34 162504
1 170 1 147413
1 2000000 51 51586
0 10805 98 130159
1 1464274 92 185998
1 56053 18 137583
0 2076 12 189565
1 2000000 91 48735
0 2000000 60 25200
1 24907 12 159912
1 236837 37 130175
1 2000000 29 81416
0 8823 51 79904
0 2000000 83 127776
1 1879736 64 130151
1 248974 62 173815
0 6747 39 130168
1 2000000 51 130171
1 334923 44 161690
0 665475 59 110888
0 2000000 60 130177
1 14964 39 130160
0 5809 60 130150
1 398588 48 196774
1 97531 55 76694
1 80213 33 88683
1 2000000 20 36932
1 108126 25 130152
0 2000000 69 181819
1 2000000 9 70337
0 6211 68 71639
1 1107203 80 130167
0 7612 44 45495
0 4173 48 165424
1 1309433 87 38956
0 14536 84 130157
1 686638 63 130164
1 29242 13 130166
1 1695573 99 119435
1 2000000 52 116271
0 9281 72 65301
1 432495 50 74684
0 3283 19 142885
0 293 8 130175
0 8645 50 23027
0 653 100 130162
0 13151 76 21965
1 1729997 100 130173
1 556371 62 130171
0 3464 20 78156
1 276803 40 130162
0 10897 63 130175
0 6916 40 34820
0 305 32 130166
1 730925 65 73675
1 398592 48 60213
1 70898 33 130158
1 51912 38 130166
1 823653 69 1466
0 2767 16 130173
0 250 27 130174
0 2000000 24 300
1 1995601 22 130155
0 3979 23 94189
1 2000000 63 130171
1 876594 27 130169
1 219774 47 130158
1 31488 26 153738
1 1309437 87 159007
0 3979 23 95722
0 6575 38 130175
1 2000000 11 130164
0 2000000 94 26574
0 8477 49 159987
0 2000000 4 123497
0 2231 23 130154
0 2000000 93 121096
0 9057 64 101565
1 177152 32 121463
0 841 14 75204
0 2000000 38 93526
1 263133 39 55877
1 17300 10 26322
0 5709 33 19051
0 7785 45 95851
0 14359 83 60592
1 8474 7 40716
0 12106 70 130162
1 831427 91 36772
1 166257 31 130160
1 592548 63 130160
0 688 4 175349
0 4165 29 6796
0 2164 19 172748
0 941 13 130148
0 2000000 59 54235
1 122166 27 155654
0 9860 57 48392
1 45374 43 130151
0 688648 95 133921
0 2000000 2 2114
1 2000000 9 130149
0 12283 71 50067
0 1401115 70 43783
1 665012 62 174768
1 53713 66 130147
0 12668 79 130151
0 1887674 86 149342
1 1718370 8 56359
0 573185 39 194675
0 10207 59 113531
1 643733 61 127422
0 3303 28 121602
1 1496278 93 130157
0 1211 7 31502
0 307344 91 130151
1 415369 49 130148
0 1767102 84 130170
1 593437 2 130174
0 5709 33 165345
1 542528 56 29991
1 1052532 78 130168
1 14013 9 2464
0 3287 19 130159
0 10034 58 53486
0 2000000 63 130148
0 15898 97 130172
1 3973 13 109677
1 504468 54 28682
1 1233107 90 106939
0 16094 93 130173
0 1292 10 130172
1 11072 8 130152
0 2000000 7 130156
0 10519 93 130153
1 954800 87 130165
0 15910 96 24009
1 868 4 185839
1 2000000 92 31957
1 602213 59 142456
0 10284 93 130147
0 2000000 100 58762
1 193942 35 130156
0 849091 1 121986
1 2000000 55 130174
0 6588 66 102120
0 3184 25 130166
0 16085 93 5625
0 17127 99 15412
0 6744 39 130163
1 276799 40 130176
0 501565 83 43160
1 2000000 28 130168
0 2000000 47 19560
0 17128 99 37996
0 16949 98 76934
0 7088 41 149529
1 115149 32 130164
0 11760 68 139541
1 62455 19 130159
1 1159469 81 130159
0 8996 52 130150
0 7093 41 164412
1 1096938 91 16885
1 1337270 100 74565
1 689731 70 130151
1 1282153 51 130164
1 2000000 90 91949
1 117493 84 71922
1 236838 37 130172
1 2000000 11 111769
1 305176 42 130152
0 2000000 11 64552
1 542532 56 130166
1 2000000 21 64956
1 89670 52 767
1 33908 14 18379
1 2000000 76 17879
1 2000000 85 75642
0 2000000 7 74139
0 439052 67 130164
0 8826 51 130168
0 6663 85 130156
1 99653 24 142580
0 1707444 26 18965
0 3111 18 50491
1 201664 35 10607
0 28 4 130175
0 8308 48 130175
1 1683503 42 130147
1 799949 68 130173
1 24217 24 130158
0 2000000 35 77798
1 320543 84 130170
0 1336602 3 46358
1 14010 9 130160
0 2000000 33 167328
0 2000000 18 102961
1 2000000 62 29970
0 2000000 9 124527
1 931703 23 130171
0 14878 86 81151
1 2000000 22 40995
1 1700106 87 130147
1 898545 83 125043
1 18842 69 90912
0 2000000 92 24376
1 319873 43 130171
1 623693 89 17523
1 2000000 18 130167
0 1857434 24 130168
0 5228 41 109374
1 305172 42 130176
0 13150 76 42188
0 2556 17 130177
0 843291 27 130172
1 2000000 65 130174
1 52326 27 61211
0 1600035 59 151261
1 155697 30 78076
0 8304 48 130165
1 155705 30 33040
1 242818 71 130151
0 4497 26 3559
0 14013 81 130164
1 11349 9 81250
0 913 42 54932
0 3460 20 14413
0 2000000 57 69791
1 21780 16 68515
0 12974 75 130169
0 173 1 130168
0 2000000 89 130155
1 576108 96 130160
0 2000000 8 164115
1 7585 31 130157
0 842796 71 130160
1 504473 54 130156
1 2000000 42 82153
0 5713 96 130171
0 6921 40 130165
1 296824 51 154173
1 2000000 59 110129
1 369281 2 155379
0 1552 9 93017
0 697 4 130169
1 12968 62 130149
0 16609 96 130153
1 2000000 64 148797
1 1370333 89 111817
1 76296 21 1966
0 15051 87 83504
1 872098 71 51324
0 4347 49 130171
1 2000000 7 187723
1 99649 24 129926
1 2000000 17 174418
1 246461 51 130172
0 16262 94 52018
1 69197 20 130151
1 1401300 90 56439
0 2000000 51 117240
0 2000000 34 130176
1 112493 53 130147
1 2000000 52 130175
0 4375 72 1613
1 345090 5 41579
0 3116 18 130175
1 38928 15 130154
0 14185 82 130172
0 610481 84 130151
1 1627757 97 124112
0 1552 63 130176
1 2000000 39 18315
0 1067 8 130149
1 999866 81 130177
1 11482 9 191089
0 1237046 1 130153
1 398590 48 130169
1 135633 28 130170
1 2000000 4 23044
1 2000000 63 664
1 452053 13 178166
1 299531 91 186150
1 523322 55 130172
1 14012 9 130173
1 1220688 84 19075
1 20928 11 141760
0 5709 33 59191
1 2000000 97 19553
1 1695568 99 120528
1 199985 34 31444
0 1233 86 126584
0 3686 86 130164
0 1038 6 22950
1 449174 60 115675
1 1720187 33 130157
1 2000000 28 36766
0 2000000 64 130147
1 1661490 98 130171
0 11957 98 168551
0 6742 39 42972
0 2000000 55 66176
0 14817 93 130150
1 307892 47 130158
0 1331545 23 34727
0 15396 89 130162
0 4103 90 197386
1 581971 58 4341
0 6574 38 130153
1 1401299 90 178784
1 823653 69 28000
1 2000000 99 170226
1 142468 50 112838
0 828 27 74550
1 469528 73 52512
1 99570 72 90611
1 481500 86 130158
1 467794 52 23490
1 1334549 6 130164
0 3216 23 130154
0 2000000 16 54983
1 1030487 92 130166
0 2000000 70 156256
0 13148 76 130152
1 606134 7 130161
1 224208 36 75639
0 3632 21 199639
0 3094 57 104734
0 3745 100 130153
0 1384 8 128381
1 2000000 34 23927
0 1049 7 172366
1 2000000 74 130171
1 1464271 92 154110
0 17127 99 130167
0 16785 97 130158
1 625198 89 130152
0 2000000 86 20991
0 2000000 24 38832
1 2000000 47 29990
0 10039 58 130169
1 2000000 34 45096
0 11413 66 130149
1 449973 51 86662
1 334925 44 13304
1 65247 73 130170
1 562077 57 130172
0 198 17 64585
1 11072 8 130171
1 2000000 41 50752
0 12110 70 52567
1 2000000 35 1532
1 76619 62 138647
1 753588 66 21497
1 696266 71 130153
0 6058 35 29385
0 1732 10 130152
1 2000000 66 130147
1 199986 34 130165
1 2000000 79 128298
0 8825 51 36927
0 2000000 9 108755
0 11338 80 18100
1 542528 56 24828
0 6809 63 11757
0 1069 17 130147
1 2000000 31 130159
0 246634 32 130154
0 16952 98 71776
1 1175962 99 11074
0 2000000 12 46379
0 565642 36 77322
1 2000000 88 18190
1 27345 20 97748
1 196111 1 32664
0 1431 15 130161
0 3632 21 87999
0 4078 54 118138
1 151376 48 142934
1 290810 41 130254
1 2000000 72 48704
0 1761115 59 130152
1 671715 85 57829
1 1695568 99 156198
1 201505 96 170917
1 531721 56 84453
0 2000000 30 30131
1 276800 40 75851
1 71056 27 115377
1 346153 30 62862
0 16786 97 43308
1 1388318 52 130162
0 1196 59 130157
1 2000000 56 49250
1 710905 85 130173
0 2000000 73 67452
1 622800 60 130167
1 2000000 55 12866
1 69203 20 130157
1 14013 9 72290
1 872098 71 124015
0 217 46 51960
1 2000000 69 81429
1 413215 51 130168
1 1627757 97 629
1 62449 19 130164
1 2000000 25 165363
1 249816 38 130151
1 17298 10 130148
1 485961 53 130159
0 2000000 29 26670
1 2000000 84 112424
1 290812 41 64826
1 1594368 96 126160
1 2000000 50 9641
1 302671 92 31037
0 15224 88 130162
0 13494 78 185633
0 2425 51 130169
1 1701546 48 130158
0 699950 9 146231
0 3460 20 130177
0 12108 70 130167
0 1778505 1 119643
0 11418 66 130154
0 2000000 58 130176
1 19569 21 130159
1 714830 66 73632
0 2000000 9 22958
0 14355 83 96907
1 236840 37 130156
1 2000000 35 154919
0 3979 23 130160
1 126117 27 130168
1 730930 65 130160
0 5682 56 130167
1 23829 19 130168
1 267197 55 130172
0 11936 69 121542
0 11764 68 63574
0 4155 24 130147
1 3120 57 154337
1 823650 69 130169
1 211925 35 64452
1 702884 37 109663
1 1730000 100 35723
0 5536 32 47434
0 14013 81 130156
1 1249926 85 66707
0 13494 78 130153
1 1627753 97 130170
0 10550 61 130161
1 1025717 77 180222
1 2000000 25 22683
1 7757 28 130156
1 602214 59 130167
0 2000000 26 23165
0 6227 36 47838
0 14013 81 152722
1 10893 8 7960
0 14878 86 130175
0 607144 93 56373
1 2000000 69 130159
0 5973 76 130173
0 1907843 50 130162
0 3088 76 26800
0 2278 27 71056
1 799952 68 130171
0 403 4 130162
1 1135053 81 158962
0 313303 91 130165
1 1432613 91 111706
0 12897 88 165394
0 787 11 130165
1 141911 81 188091
1 1499393 44 130160
1 1107196 80 56649
0 11933 69 122433
0 5889 41 130177
0 2000000 45 67537
0 3809 22 130153
1 863649 67 130172
1 562077 57 163132
1 33910 14 25973
1 2000000 64 108424
1 2000000 8 158168
0 10382 60 26284
1 1052529 78 173222
0 2000000 86 57940
1 69200 20 17464
1 2000000 93 130171
0 9342 54 40055
0 13148 76 139282
1 776597 67 130173
1 177155 32 130166
0 1171802 78 130162
0 2422 14 97296
1 1464270 92 130150
1 2000000 94 7490
1 170 1 130162
0 6781 99 130168
1 46900 25 130154
0 5714 33 130161
1 1163944 14 130171
1 1631 4 128536
1 5132 11 130149
0 7060 64 130174
0 7561 95 164948
1 398592 48 178255
0 2000000 98 30120
0 5623 37 130149
1 2000000 49 56550
1 1594368 96 111575
1 1079693 79 34627
1 2000000 14 130156
1 288337 90 130162
1 1220688 84 130173
1 2000000 72 107821
0 1035007 49 174679
0 2000000 91 173080
0 1135 8 36051
0 7958 46 116705
0 9342 54 79460
1 61888 19 148079
1 14013 9 87318
0 172 1 113343
1 14015 9 151361
1 145490 29 130175
1 776602 67 19144
1 258125 48 94735
1 2000000 23 38014
1 2000000 86 50819
0 14529 84 130152
0 3801 22 99007
0 15575 90 155110
0 2000000 73 38300
0 15916 92 127079
0 2000000 12 24339
1 2000000 36 52331
1 29237 13 19943
0 7268 42 111547
0 703706 42 182270
0 2000000 86 71716
0 4318 66 130172
0 789892 90 130162
0 14703 85 137875
0 8477 49 52831
1 2000000 14 62839
0 584070 56 148126
1 802300 92 152296
