1
67 55
194422
1000
0 7 23 163365
0 2000000 73 128666
0 2000000 90 153956
0 1 78 16002
1 506 99 120759
1 2000000 59 48400
0 85 87 113
0 9 62 120438
0 7 5 47015
0 74 75 24100
0 1896466 92 94837
1 1157 34 98419
1 6395 80 175192
0 2000000 79 81422
1 2000000 89 22568
1 4822 45 127948
0 97 97 26765
0 2000000 84 52798
1 2000000 52 164010
1 6089 78 159589
0 1687080 98 80653
1 5715 83 1774
0 3 6 116300
0 56 57 149640
1 3048 78 6301
1 3969 63 148788
0 86 96 123991
1 6079 78 143680
1 841 29 159335
0 63 63 62845
1 871 41 7570
0 1 1 153199
1 8285 91 83519
0 50 50 127548
1 270188 70 149986
1 197 14 21971
1 2000000 61 137220
0 812075 2 140730
0 5 63 104442
1 266 57 163714
1 472592 97 167853
0 2000000 15 188014
1 5929 77 18087
0 3 2 59756
0 2000000 94 140649
1 8649 93 55223
0 2000000 55 118467
1 565 97 139665
0 84 84 39534
1 14 4 160310
1 1810892 29 83411
1 110429 69 36535
1 2000000 34 177845
1 2000000 16 178935
1 1445862 32 180043
1 1225 35 169113
0 77 81 14256
1 30 35 181372
0 1733408 25 122450
1 120 11 154779
1 840045 93 56746
0 2000000 28 25017
0 63 76 15651
1 2809 53 159996
1 925 33 75318
1 2000000 98 89118
0 703388 81 151039
0 56 100 59909
1 9409 97 136354
1 565 27 43585
0 15 14 61150
0 4 26 141780
1 2000000 92 14256
1 2000000 10 43148
1 2117 46 148863
1 8652 93 31022
0 989340 49 113550
1 1904546 64 166471
0 61 57 46364
1 1598 40 170449
1 428 36 60101
1 90 14 86921
0 2000000 68 157388
0 60 60 113500
0 2000000 14 94758
0 9 9 145076
0 1855082 98 128890
1 900 30 58947
1 3843 62 115573
1 171 13 42155
0 20 19 68548
0 4 30 14296
1 783 28 28488
1 7225 85 126557
1 474 25 116576
1 2209 47 29219
0 2000000 62 77026
1 4624 68 155667
0 43 78 68561
0 62 61 34387
1 403 20 61959
0 100 100 164801
1 294 17 72904
1 196 14 188693
1 3454 64 37474
0 2 2 176622
0 24 24 100915
0 66 66 114044
1 25 10 86791
0 45 59 146069
1 2000000 93 136594
0 2000000 77 72449
0 28 28 147096
1 7744 88 112104
0 13 53 63900
0 1840050 94 70835
0 63 68 66563
1 10000 100 91994
0 2000000 6 49434
1 4396 90 95379
0 4 7 141774
1 1 1 75181
0 71 71 132229
0 5 5 133436
0 141254 13 90125
1 519 52 171649
1 5330 73 73606
0 48 48 179356
0 22 22 10078
0 8 20 145467
0 46 46 154021
0 68 69 127200
0 715362 42 15924
1 273 17 155651
0 31 35 101947
1 6647 89 75037
0 82 80 141085
1 789 29 93180
1 689107 19 160714
1 1764 42 132180
0 90 87 47111
1 920673 5 8943
0 2000000 93 121359
1 392326 21 182471
1 25 5 16331
1 99961 36 118009
0 22 27 181686
0 13 14 144121
0 29 37 102968
1 441 21 176892
1 2000000 75 157203
1 1299 36 183060
1 10000 100 180090
1 320 18 21485
0 8 8 51063
1 1760 42 61070
1 441 21 99170
1 1312 56 165726
1 2000000 6 116855
0 2000000 43 57754
0 1591058 87 50814
1 194 14 53065
1 2000000 83 14148
1 2000000 18 132903
1 2000000 23 74023
0 16 19 144580
1 2000000 24 176780
0 2000000 20 116967
0 90 94 186751
0 1936536 52 53553
1 2000000 92 58353
1 324 18 101001
1 2000000 53 95851
1 1955728 88 119175
1 5476 74 108162
1 2000000 47 156641
1 1603 47 17056
1 326361 66 138869
0 2000000 39 97444
0 1 56 109967
0 15 15 171431
0 55 55 181619
0 12 9 175250
0 8 5 75578
0 63 63 167240
0 2000000 77 182976
1 3479 59 167481
0 78 82 32976
1 2000000 69 105100
1 1950344 41 51058
0 82 84 130421
0 1 57 135741
1 2115 46 18062
0 12 99 17581
1 2000000 16 92292
1 1957 81 118065
1 1026 32 99977
0 2000000 12 51619
0 2000000 77 11574
1 2000000 20 13563
1 9 3 65996
0 56 52 79856
1 1937666 76 16163
1 789 28 173279
0 41 38 152058
1 8 3 24074
1 1492567 86 46769
1 165 13 114461
0 5 87 61562
0 14 17 96255
1 1024 32 40602
1 1837787 75 30151
1 2000000 100 46140
0 2000000 69 3231
0 2000000 71 136165
1 484 22 9591
0 651070 51 15101
1 2000000 64 3214
1 2000000 60 156370
1 9240 100 22888
1 2000000 54 75680
0 2000000 87 33843
0 18 14 10552
1 5927 77 17502
0 10 73 56638
0 557334 56 180351
0 76 76 98201
1 1779303 79 3486
1 206181 75 2103
0 2000000 60 131862
1 10000 100 99504
0 26 26 8951
1 4092 64 165766
1 3369 58 169011
0 2000000 97 67714
0 67 67 32896
0 21 24 118204
1 729 27 35226
1 2000000 43 147755
0 592969 23 72824
1 141 12 104845
0 2000000 55 21944
0 95 99 131892
1 2000000 13 96509
0 2000000 9 187316
0 1065779 23 64958
1 139 12 117757
0 2000000 39 186148
1 558873 40 103533
1 100 10 75300
1 13 9 87102
1 383 24 145505
1 73 19 25643
0 81 83 6031
0 4 2 48927
0 90 88 81851
1 64 8 46716
0 1324222 22 29168
1 2000000 61 95458
0 58 63 132700
1 3025 55 114401
1 2000000 91 114608
0 51 51 179984
1 1933727 30 43806
1 2000000 28 40107
1 756944 50 155242
0 2000000 23 140707
0 69 70 134791
1 2000000 45 118685
0 2000000 56 171352
0 1 2 124116
1 2000000 33 134183
0 29 38 74954
0 49 49 51364
1 2707 53 184293
0 99 99 52251
1 2000000 75 135327
0 2000000 50 36474
0 67 67 6423
1 2000000 97 9395
1 2808 53 184335
0 36 37 130465
0 2000000 91 34274
1 1225 35 96996
1 2000000 80 135865
0 20 20 34249
0 59 62 172300
0 27 28 65361
0 87 85 156831
0 2000000 49 92959
0 90 90 136787
0 66 66 44638
0 2000000 79 136571
0 2000000 3 84129
0 1678782 10 84280
1 231 95 92545
0 58 58 102672
0 89 85 92418
0 17 22 101794
0 16 21 187808
0 33 61 4116
0 10 10 184170
1 289 17 55675
0 2 13 120316
0 101 99 156049
1 2000000 90 183924
1 1516 39 71573
1 108 12 51962
1 10 3 83579
0 2000000 27 59971
1 2000000 88 134033
0 2000000 42 70633
0 59 58 345
0 1876809 79 71365
0 735169 21 120717
1 1047931 15 17529
0 6 9 69580
1 2000000 68 128099
1 2116 46 60197
1 2000000 34 112676
1 2000000 23 64755
1 324 18 103078
0 43 48 21627
0 40 38 12075
1 1267064 27 105955
0 2000000 66 140956
0 2000000 81 124663
1 63 28 82880
0 53 53 72164
1 81 9 28351
0 35 93 11182
0 38 36 98239
1 6237 79 176934
1 2000000 27 80463
0 2000000 6 88866
1 2119 56 64784
0 2000000 91 70665
0 73 71 10403
0 1831805 51 170296
0 2000000 88 92794
0 20 22 21866
0 2000000 95 147316
0 2000000 50 144435
1 1762 42 164466
1 2000000 80 8478
0 33 33 18018
0 77 72 114912
0 2 1 111913
0 73 98 87971
0 42 41 95313
1 3693 85 82545
1 958324 26 109538
0 161244 95 114348
1 1555 55 157059
1 2000000 97 116687
0 3 8 85447
0 44 47 140397
0 2000000 88 161690
1 39 6 50898
1 2000000 49 139152
0 50 50 52285
1 2000000 35 238
1 1679 41 163088
0 96 99 129254
0 49 52 133377
0 64 64 146762
0 90 90 107024
0 2000000 87 60530
1 1343520 34 69501
1 2704 52 135797
0 91 91 13312
0 50 50 75384
1 8 8 168541
0 25 25 45004
1 626059 92 32391
0 67 67 80922
0 2000000 37 29849
0 2000000 73 112497
0 2000000 23 90066
0 69 70 38501
1 2000000 77 20400
0 2000000 58 19858
0 62 96 88421
1 1444 38 14366
1 1369 37 90988
0 2000000 44 106067
1 7053 84 13662
1 1780 43 1955
0 79 76 23348
1 2000000 26 172426
0 39 44 176900
0 11 35 145412
1 4606 79 99264
0 84 79 141675
1 7748 88 116447
1 2000000 57 19599
0 62 62 186301
1 169 13 26434
0 54 54 24082
0 76 76 145549
0 2000000 22 1302
1 2000000 78 138097
0 2000000 92 114471
0 2000000 22 117622
0 2000000 79 124221
0 89 89 101503
0 1068033 17 158488
1 1763 42 38476
0 79 83 140784
0 105 100 38868
0 1077838 57 173552
0 2000000 83 180506
0 53 53 111484
1 2000000 64 138612
0 2000000 100 176827
1 2000000 58 135454
0 10 10 119268
0 87 85 159577
1 1464045 28 162735
0 19 88 159177
0 122765 65 154850
1 2000000 62 1826
0 751469 9 31439
0 1223206 100 37069
1 4229 65 43868
0 1230756 25 24286
1 932 51 14655
1 235 18 26538
0 51 62 174377
1 932973 31 104957
1 5929 77 145345
1 2000000 75 97065
1 2030 45 94462
1 6243 79 13881
0 15 34 73664
0 2 16 68716
1 2000000 45 14671
1 1293971 61 84878
1 3226 76 1959
0 15 34 44422
0 11 8 111354
1 400 20 83179
1 3029 55 85782
0 2000000 28 178884
0 2000000 87 31974
1 7079 95 96126
1 2000000 84 151496
1 8464 92 79163
0 2000000 41 126974
0 565711 24 1912
1 455801 16 161395
1 882 57 141489
0 86 86 140463
1 441 21 1001
1 16 16 17093
1 815678 36 7077
0 68 68 78093
1 2000000 31 181668
1 715 54 133371
0 3 63 126910
0 79 81 124319
1 2 2 168949
0 3 85 148940
1 5042 71 13716
0 2 31 18958
1 8464 92 29036
0 4 14 59095
1 2000000 43 90285
1 1230 35 121488
1 980 48 8545
0 36 36 107191
1 8462 92 43153
0 66 75 85447
0 32 33 136424
1 321 18 2799
1 23441 5 151252
1 7569 87 158224
1 1648365 79 47463
0 12 7 100533
0 26 23 41028
1 2753 53 65524
0 2000000 16 96521
1 7055 84 162044
0 2000000 19 112155
1 1102 34 141391
1 6557 81 9153
0 87 87 121176
0 2000000 67 61987
1 2103 56 148093
0 2000000 40 78552
1 1151053 64 123949
1 1 1 91927
1 2000000 51 146087
0 95 97 62818
0 40 45 5665
1 2000000 12 5805
1 158 95 33462
1 1370 37 128257
0 23 23 170006
0 77 81 71835
1 2000000 31 101478
0 464782 92 67205
0 32 35 157939
0 24 24 180264
0 47 47 34078
0 1 41 172226
1 1531519 87 116955
1 2000000 33 57162
1 591 27 13416
1 1372 37 30177
0 2000000 90 172159
0 66 61 92223
1 1225 35 5379
0 2000000 28 109085
0 2000000 47 131303
1 6720 82 40881
0 9 11 112456
0 29 62 34777
1 49 7 159191
0 16 93 58873
0 49 45 61740
0 34 57 34599
0 2000000 22 30936
0 2000000 13 179104
1 2000000 45 115010
0 2000000 18 187729
0 80 80 126141
1 2500 50 13643
1 842 29 134990
0 43 40 177647
1 1850 43 131409
0 60 60 44081
1 2682 55 72638
1 2000000 75 58874
1 1089 33 8093
1 2000000 77 109672
0 92 92 67675
1 1482251 79 66437
0 2000000 76 158873
1 48 7 48688
1 1896255 13 218
0 41 37 89783
0 92 89 57189
0 72 73 91931
1 2000000 49 148013
0 71 71 99908
0 17 19 150337
0 58 89 88849
0 3 10 168737
1 2000000 18 173902
0 2000000 30 101658
0 16 16 157105
0 89 93 161692
0 35 35 164855
1 2000000 10 92745
0 2000000 28 132870
1 2000000 44 13157
1 2000000 33 172922
0 782286 72 129260
1 21 5 123080
1 1587 45 41633
1 9414 97 182456
0 31 34 74296
1 2000000 90 176447
0 98 100 92115
1 3970 63 115043
1 1517 39 134461
0 2 2 157073
1 116 15 56441
1 1619806 9 174774
0 2000000 8 120591
1 5628 75 99546
1 958 31 153593
0 16 25 150390
0 62 63 180751
0 24 29 12795
0 2000000 15 139457
1 2911 54 82812
1 8836 94 32307
0 244527 17 54969
0 93 90 51522
0 1 23 10131
0 42 46 144620
1 3971 63 36719
1 1369 37 8254
1 2401 49 80337
1 1870018 85 134887
1 620698 88 2452
0 23 26 73067
1 2000000 97 114325
0 14 34 1890
0 1026146 69 176488
1 2000000 81 121042
1 2000000 63 11377
1 8839 100 141258
1 536 38 134613
0 4 52 139865
0 2000000 26 87831
0 3 4 71061
1 2000000 87 127537
1 15 4 143728
0 94 91 75877
0 100 100 77414
1 1764 42 174809
1 5875 87 149402
0 97 97 43427
1 4 12 47728
1 956 31 94797
1 461223 98 78164
1 2000000 44 73983
0 19 23 7379
0 71 72 63711
0 2000000 82 173357
1 4 2 174962
0 8 100 26054
1 396 20 138117
0 512545 26 30331
0 16 27 5965
0 3 3 182024
1 1550158 90 112356
0 65 60 131997
0 1 4 49440
1 2000000 7 132892
1 1285 39 43120
0 2000000 47 135658
0 2000000 53 113216
0 2000000 20 170737
0 2 18 121353
1 3023 55 2384
0 93 95 170967
1 9219 96 80672
0 65 65 131487
1 6084 78 57213
0 2000000 88 104212
0 65 65 29258
0 93 89 60984
1 4096 64 159320
0 1662241 30 18073
0 2000000 5 185849
1 6719 82 42888
0 2000000 2 14039
1 6451 93 27096
1 2119 46 185122
0 2000000 2 75624
1 2000000 75 182892
1 300 25 36374
0 31 31 74517
0 34 32 81998
1 49 7 75863
1 60 16 31997
0 1286943 43 17410
1 2000000 38 10079
0 44 44 4567
1 2000000 74 87448
0 470641 87 50411
0 73 75 136629
0 64 64 50206
0 2000000 35 62454
1 10000 100 12948
1 4600 68 92922
1 6561 81 166300
0 58 58 14177
1 2000000 7 47120
0 2000000 58 12677
0 2000000 20 150775
0 35 44 140272
0 35 36 179624
0 63 62 125867
1 206 97 137288
1 2000000 22 2709
0 79 79 18242
0 47 51 176914
1 2000000 11 172046
1 2687 53 46407
0 2000000 8 130999
1 5324 73 118713
0 26 36 103984
0 2000000 95 19870
0 2000000 53 151444
0 95 98 89952
0 22 22 134708
0 64 65 102679
0 63 63 23942
0 2000000 13 11875
0 9 13 159576
0 1434517 5 39323
0 2000000 43 175514
0 36 38 115010
1 196 14 149200
0 25 96 133984
0 14 38 125044
1 681 26 30723
1 2809 53 66486
1 529 23 12901
0 51 49 124477
0 60 57 108239
1 1549745 46 95606
1 2000000 70 39263
1 352 86 117481
0 99 99 88712
0 27 22 75423
0 1652429 77 174746
0 18 25 41036
0 9 9 149008
1 4619 68 155570
1 2000000 43 160448
1 65 13 46611
1 2809 53 38216
0 2000000 57 125436
0 81 84 95653
0 16 16 52987
0 48 48 47738
0 24 75 168157
0 2000000 32 179149
1 166 40 6007
1 2000000 58 54111
0 100 100 89860
1 1380334 38 121609
0 75 71 14652
0 92 92 185411
1 8461 92 60956
1 8467 92 150780
1 1803194 50 9413
0 20 19 157134
0 75 75 113876
1 8836 94 6145
0 2000000 84 141147
0 67 67 28724
1 6719 82 113621
1 5189 72 132247
1 2000000 82 139737
1 2000000 60 152163
0 2000000 56 85422
0 2000000 98 16379
1 1926251 77 131859
0 7 7 119264
0 52 99 69210
1 2000000 88 133879
1 7 2 186029
1 724 27 79532
0 63 63 117787
0 23 42 96617
0 108957 39 125861
0 17 64 168601
0 40 45 4728
1 2704 52 62157
0 2000000 35 143205
0 1580948 11 65791
0 2000000 66 171013
1 5041 71 12314
1 630 25 84742
0 23 18 181957
1 1888 57 114857
1 2000000 61 37639
0 2000000 83 183961
1 100 10 5419
1 2000000 64 156092
1 2919 54 141798
0 1 3 42419
1 195 17 604
0 94 95 77593
0 84 84 171981
1 728 27 45454
0 2000000 48 70165
0 8 11 47562
1 3971 63 47726
0 2000000 71 157359
0 61 61 19998
0 66 66 91048
1 2000000 53 47635
0 51 62 88378
0 22600 17 98900
1 2000000 82 94175
1 1183 79 6509
1 3476 59 71851
1 2000000 32 97714
1 87 10 115491
0 2000000 50 79024
1 3314 59 50522
1 1295 36 186035
0 37 73 179483
0 36 36 30254
1 2000000 67 50044
0 71 71 176347
0 17 17 13733
0 9 51 56023
0 15 19 118156
0 2000000 29 166861
1 2000000 94 171748
1 10 45 1203
1 79 21 41210
1 5153 80 40952
1 42 18 50397
1 2302 48 56292
1 1671 75 87390
0 10 21 78450
0 8 14 44085
0 2 14 165116
0 2000000 32 106160
1 2000000 17 140570
1 1748159 94 83548
1 674 26 100006
0 1 10 119808
0 41 41 31934
0 1886227 59 145839
0 4 69 34800
0 1773644 19 34008
0 38 38 33007
0 5 47 159061
0 46 49 180813
0 51 51 117105
0 2000000 45 161110
0 65 65 152028
0 32 92 27422
0 56 56 19883
0 23 84 101913
0 1374734 86 140343
0 20 17 70568
1 44 9 67408
1 2000000 24 79326
0 2000000 60 132549
1 6082 78 104467
1 1736978 30 14743
0 933780 30 97541
1 4226 65 173420
0 17 28 113517
0 76 81 182165
1 2000000 73 103532
1 7056 84 146730
1 123 11 76628
0 10131 42 39057
0 1163196 67 26595
1 2000000 7 178936
1 2000000 35 17125
1 168 13 186131
1 488 22 120345
1 1 10 161911
1 150756 71 112613
0 69 69 155737
1 4091 64 158269
1 2000000 52 35716
0 97 97 94215
1 639667 21 30233
1 2000000 62 85307
0 2000000 53 135011
1 7225 85 187464
1 7400 86 25302
0 60 60 179872
0 2000000 97 177319
0 2000000 18 98022
0 15 30 133466
1 6724 82 22304
1 2000000 29 184411
0 68 68 114457
1 5777 76 7069
1 2000000 53 8337
0 2000000 76 183954
0 50 50 59656
0 19 15 24162
0 7 16 20462
0 1 3 94782
1 3527 60 123521
1 195 14 88052
1 3847 62 185958
0 91 91 121772
1 2000000 73 111671
1 2000000 60 138190
0 65 65 71358
0 25 25 13275
0 2000000 72 127073
1 2000000 95 166193
0 70 74 55903
1 225 15 79828
1 1841477 57 127396
0 1326418 79 56667
1 700520 43 130753
0 5 29 85259
1 80726 28 25487
1 7059 84 114398
0 22 51 166470
1 64 8 176430
0 68 73 170178
0 41 37 96641
0 2000000 96 159865
1 5777 76 77516
0 67 92 12469
1 148817 9 16305
0 2000000 45 34486
0 1011471 2 109296
1 7920 89 137066
0 2000000 88 80672
0 14 14 34556
0 1 1 119332
1 2024 45 101325
1 1348 38 50323
1 17 4 32555
1 2000000 21 188582
0 1085730 55 146187
1 331 20 144066
1 2000000 13 78229
0 11 8 89031
0 11 11 187064
0 6 31 63779
1 2055 77 135624
1 2000000 19 86549
0 2000000 13 103116
1 4 1 165295
1 2000000 40 150316
0 36 55 61149
0 62 63 178169
1 2000000 67 62562
1 2709 52 3779
1 2000000 55 15855
0 63 65 54326
1 8283 91 24619
1 8463 92 184773
0 2000000 90 67801
1 359 19 182293
1 4386 77 173496
1 229 15 6014
1 8460 92 65029
0 1329208 30 54030
1 2000000 94 78268
0 2000000 8 3039
1 82 14 124102
1 2606 51 162878
1 476 45 67052
1 7056 84 22664
0 2000000 45 127416
0 2000000 19 164225
0 2000000 73 79650
0 19 20 146864
1 1373 37 58059
0 301640 77 153420
1 2685 57 13400
0 46 46 91821
1 5 2 6969
0 2000000 85 78851
1 2209 47 106497
0 1939327 27 78547
0 75 75 69832
1 1 1 127465
1 32 10 22382
0 97 97 26607
0 8 8 186718
1 7569 87 45506
0 662841 34 76536
0 50 53 185504
1 1403802 32 128845
0 94 95 46064
0 1 1 128307
0 2000000 15 75681
0 17 17 89784
0 7 12 108443
1 25 5 97924
0 2000000 12 100319
0 31 28 117323
0 11 13 150980
1 2000000 21 71473
0 15 15 40951
1 341 58 129362
1 3600 60 106499
0 2000000 100 103192
0 92 91 63956
0 1 1 70040
1 1978 54 112039
1 810065 14 41118
1 1225 35 106275
1 2000000 33 148913
1 3249 57 75909
0 2000000 15 41713
0 16 31 183474
0 74 96 142113
0 57 57 34501
1 2000000 46 56942
0 64 63 156627
1 2000000 76 85445
1 119 11 4787
0 372470 33 184568
1 3481 59 87208
0 5 90 94272
0 17 17 8346
1 2000000 49 24754
1 1447 38 152578
0 94 93 100894
0 3 3 108225
0 32 32 138163
0 93 98 159625
0 77 80 123517
0 2000000 57 81431
0 9 10 142600
1 2000000 46 122474
0 2000000 51 9253
1 1618 50 162386
1 4 13 175791
1 4903 70 171337
1 2000000 63 182425
0 67 72 115566
0 93 90 57472
1 1764 42 179539
